0 0 0 0 0 0 0 0 
0 0 0 0 0 0 0 0 

0 0 0 0 0 5000 0 0 
5000 0 0 0 0 0 0 0 

0 0 0 0 0 3750 0 0 
3000 0 0 0 0 0 0 0 

0 0 0 0 0 1000 0 0 
2000 0 0 0 0 0 0 0 

0 0 0 0 0 5375 0 0 
4700 0 0 0 0 0 0 0 

0 0 0 0 0 4837 0 0 
4229 0 0 0 0 0 0 0 

0 0 0 0 0 11853 0 0 
6806 0 0 0 0 0 0 0 

0 0 0 0 0 6708 3636 0 
4700 8000 0 0 0 0 0 0 

0 0 0 0 0 6037 3636 0 
4229 8000 0 0 0 0 0 0 

0 0 3333 0 0 8729 6605 0 
11230 13200 2000 0 0 0 0 0 

0 0 3333 0 0 13481 6605 0 
19107 13200 2000 0 0 0 0 0 

0 0 3333 0 0 7855 6605 0 
10106 13200 2000 0 0 0 0 0 

0 0 3333 0 0 10819 5944 0 
12095 11879 2000 0 0 0 0 0 

0 0 3333 0 0 9069 5944 0 
13095 11879 2000 0 0 0 0 0 

0 0 3333 0 0 9069 5944 0 
13095 11879 2000 0 0 0 0 0 

0 0 2999 0 4166 13308 5349 0 
15885 10690 1799 5000 0 0 0 0 

0 0 2698 0 3749 14477 4813 0 
16296 9620 1618 4499 0 0 0 0 

0 909 714 0 -1 5431 3271 0 
3805 7199 2000 0 2000 0 0 0 

74 515 388 396 4733 1160 887 734 
1601 2165 237 389 139 652 -1 353 

74 515 388 356 4733 1160 887 734 
1601 2165 237 389 124 652 -1 353 

3399 515 388 4695 8259 1160 887 3517 
1601 15658 237 389 7111 652 -1 353 

3399 515 388 9225 8259 1160 887 3517 
1601 15658 237 389 9399 652 -1 353 

3399 515 388 9225 8259 1160 887 3517 
1601 15658 237 389 9399 652 -1 353 

10559 515 388 11080 8259 1160 887 3165 
1601 15382 237 389 13459 652 -1 353 

9501 515 348 11638 7432 1160 887 2562 
1601 11212 237 349 12701 652 -1 353 

13550 463 313 11638 7432 1160 887 2074 
1601 17181 237 313 12701 586 -1 353 

7373 1021 2719 5580 2737 5606 4239 -1 
8366 5321 2393 1741 6065 2581 1799 1999 

7373 8939 2719 5580 2737 5606 4239 -1 
8366 5321 2393 1741 6065 7322 13619 1999 

11154 2243 5385 8151 3751 843 798 5253 
688 16214 4150 227 8332 5001 2496 3751 

11154 2243 5385 8151 3751 843 3218 5253 
688 17592 4150 227 8332 5001 2496 3751 

205 73 20 161 15 19 75 91 
5 602 71 0 166 71 48 102 

36 -7 405 693 86 1033 1350 -4 
4423 688 74 1988 141 -1 625 -1 

865 -7 364 4076 3410 929 1214 -4 
8082 688 66 6789 5126 -1 625 1798 

865 -7 364 16051 3410 929 1214 -4 
8082 688 66 13110 7613 -1 625 1798 

1271 2727 3525 4447 2997 2795 520 1454 
5993 501 3293 3224 2278 2428 409 2974 

1271 9125 3525 4447 2997 2795 520 1454 
9393 501 7963 3224 2278 2428 409 2974 

626 -6 205 8523 3157 729 873 -5 
4294 556 47 7740 4494 -1 625 2637 

924 5691 2854 6935 1431 1832 273 952 
5545 405 4675 2901 1344 1592 297 2167 

924 14109 2854 6935 1431 1832 273 952 
6990 405 7207 2901 1344 1592 297 2167 

1838 12206 1226 2970 1142 4225 7334 329 
2706 2451 3191 4332 2467 2863 3635 2630 

1838 10985 1226 2672 1142 8802 7334 329 
2706 2451 7871 3898 2220 2863 3635 2630 

1838 13886 1226 2404 1142 15879 7334 329 
2706 2451 12083 7508 1997 7576 3635 2630 

1838 13886 1226 2404 1142 20957 7334 329 
2706 2451 14874 7508 1997 7576 3635 2630 

11654 13886 1226 2404 1142 20957 7334 329 
2706 4205 14874 7508 1997 7576 3635 2630 

1936 4354 635 1030 393 4309 2959 87 
686 1464 1806 4416 331 2240 1139 915 

48 1064 486 2188 3847 693 0 37 
0 7 1284 1817 1168 1667 7 1657 

48 1064 486 2188 3847 693 0 7533 
0 7 4155 1817 1168 1667 7 1657 

2269 3156 263 2355 4338 427 1070 391 
2623 1501 829 600 2055 5402 5401 241 

2269 3156 263 2355 13904 427 1070 391 
4360 1501 829 600 2055 5402 5401 241 

12042 3156 263 2355 17262 427 4713 391 
7131 1501 829 3540 2055 5402 6860 241 

12042 3156 263 2355 26982 427 9241 391 
9576 1501 829 5186 2055 5402 6860 241 

12042 3156 263 2355 24998 427 8771 391 
11556 1501 829 6667 2055 5402 6860 241 

12042 2840 236 2355 24998 427 13608 391 
10400 1501 829 6667 9849 5402 6860 216 

16 228 75 88 52 85 82 36 
91 30 120 185 196 27 255 19 

16 228 75 88 52 85 10073 36 
91 30 120 185 2176 27 255 19 

60 22 -1 -3 2 1460 -1 1462 
20 67 6 4 31 55 27 2773 

1334 1267 2271 -2 1 1460 1618 1462 
15 67 5 4 6027 4770 27 3821 

1334 1025 5214 -2 1 1460 5092 1462 
3013 67 4 4 13424 3863 27 3438 

11662 1507 5210 3810 22859 5224 13033 254 
6140 1350 5601 4594 7179 3645 4957 3941 

11662 1507 5210 3810 23658 5224 13033 254 
6140 9215 5601 4594 7179 3280 4957 3941 

11662 1507 5210 3810 23658 5224 13033 254 
6140 9215 5601 4594 7179 3280 4957 3941 

11662 1507 5210 3810 27292 5224 13033 254 
6140 14293 5601 4594 7179 3280 4957 3941 

10495 1507 5210 3810 28662 5224 10556 228 
5525 10163 5601 4594 6460 7952 4957 3546 

10500 5356 10219 3428 28359 5224 14840 183 
8972 17499 9040 4594 8308 10156 8461 2584 

1900 332 4656 5891 -4 493 8807 1586 
2150 1550 5828 7995 214 408 -1 8189 

10495 1507 5210 3810 23665 5224 9500 228 
4972 11146 5601 4594 6460 7156 4957 3546 

3292 240 10380 13679 2912 5968 6818 1038 
4891 5233 9288 8275 112 4544 -1 5324 

14744 4155 3001 8140 10466 6665 14394 4802 
9889 15811 10251 15038 4307 4370 5076 2962 

232 703 -3 -3 632 102 -2 1409 
506 569 954 -1 101 -1 -1 -1 

208 703 -3 -3 4943 6091 -2 2674 
506 6512 954 -1 90 -1 8999 6999 

1635 1684 4470 1474 12591 9550 4967 8710 
216 14133 6044 2931 2065 2428 13562 17733 

3154 1684 3619 4526 10197 8855 2930 5713 
7057 13247 4405 1922 1504 1592 9906 12926 

5505 1684 3619 4526 10197 8855 5373 5713 
22351 13247 3964 1922 1504 1592 12915 12926 

-3 -3 -1 -4 -6 -2 0 -6 
-1 3 -1 0 -1 0 -1 0 

9460 1507 5210 3810 23665 5224 9500 228 
4972 11146 5601 4594 25814 7156 4957 3546 

9460 1507 5210 3810 23665 7826 8549 228 
4972 11146 5601 4594 25814 7156 9461 3191 

9102 1507 5210 3810 23665 7826 8549 228 
4972 11146 5601 4594 25232 7156 9461 3191 

15691 1507 5210 3810 23665 7826 8549 228 
4972 11146 5601 4594 25708 7156 9461 3191 

16121 1507 5210 3810 23665 7826 8549 228 
4972 11146 5601 4594 27137 7156 9461 3191 

-2 -2 -2 -2 -2 -2 -2 -2 
-1 -1 -1 -1 -1 -1 -1 -1 

7498 -2 -2 -2 -2 -2 -2 -2 
-1 -1 -1 -1 2999 -1 -1 -1 

14248 -2 -2 -2 -2 -2 -2 -2 
-1 -1 -1 -1 5699 -1 -1 -1 

20323 -2 -2 -2 -2 -2 -2 -2 
-1 -1 -1 -1 8129 -1 -1 -1 

14240 4998 4498 -2 4498 2697 -2 3934 
6298 1618 -1 1798 8129 -1 -1 4319 

15543 4998 4498 -2 4498 2697 -2 3934 
6298 1618 -1 1798 13316 -1 -1 4319 

17488 6998 4048 -2 4048 2426 -2 3540 
5668 1456 -1 1618 18984 -1 -1 5498 

16850 6998 3643 -2 4048 2426 -2 3185 
5101 1456 -1 1618 19085 -1 -1 4948 

19540 6998 3278 -2 4048 2426 -2 2866 
4590 1456 -1 1618 24176 -1 -1 4453 

7746 124 351 27 2196 -3 213 310 
-1 1232 150 1553 2072 773 -1 374 

7746 124 351 27 2196 -3 213 278 
-1 1232 150 1553 1864 773 -1 374 

6970 124 1030 27 1974 -3 190 222 
-1 1108 150 1553 1509 2625 -1 374 

6970 111 1030 27 3776 -3 190 222 
-1 1108 134 3397 1509 2625 -1 374 

2204 70 2104 472 8264 143 1657 369 
317 7987 82 2501 85 727 2758 2015 

2204 70 2104 472 14104 143 1657 369 
317 7987 82 6250 85 727 2758 2015 

6970 4266 4677 27 5058 -2 5171 222 
-1 1108 9747 3057 3922 2625 -1 374 

6970 4266 4677 27 12052 -2 5171 222 
-1 1108 9747 5751 3922 2625 -1 374 

6272 7728 6209 27 14261 -2 9653 199 
-1 997 14775 9175 4976 2362 -1 336 

6272 7728 6209 27 17834 -2 9653 199 
-1 997 14775 12257 4976 2362 -1 336 

-3 -2 -2 -2 -2 -2 -2 -2 
-1 -1 -1 -1 -1 -1 -1 -1 

-3 -2 -2 -2 -2 -2 -2 -2 
-1 -1 -1 -1 -1 -1 -1 -1 

-3 -2 -2 -2 -2 5623 -2 -2 
-1 -1 -1 -1 -1 8999 -1 -1 

-2 -2 -2 -2 -2 7560 -2 -2 
-1 -1 -1 -1 -1 13099 -1 -1 

-2 -2 4998 -2 -2 10623 -2 -2 
-1 -1 3999 -1 -1 14209 -1 -1 

6248 -2 4498 -2 -2 13727 -2 -2 
-1 -1 3598 -1 -1 22788 4999 -1 

6248 -2 4498 -2 -2 13727 -2 -2 
-1 -1 3598 -1 -1 22788 4999 -1 

1252 159 559 -2 2996 588 4207 298 
-1 62 498 2304 1350 227 409 2593 

1126 159 559 -2 2695 528 4207 3241 
-1 62 448 2073 4693 227 409 2593 

3314 66 4988 -2 1040 344 4740 3784 
-1 1744 362 584 1816 8615 1988 6417 

1380 1377 847 1241 158 2055 -8 142 
-1 5642 560 241 -1 3816 1741 684 

1380 1377 847 1241 142 2055 -8 142 
-1 5077 560 241 -1 3816 1741 684 

4992 1377 847 1241 5752 2055 3326 142 
-1 13569 560 4216 8999 3816 1741 684 

4992 1377 847 1241 11843 2055 3326 142 
-1 16212 560 4216 8999 3816 1741 684 

4992 1377 847 1241 11843 2055 3326 142 
-1 16212 560 4216 8999 3816 1741 684 

4992 1377 5762 1241 11843 2055 3326 142 
-1 16212 560 4216 8999 7434 1741 684 

4042 1377 5099 1004 11843 2055 3326 142 
-1 11818 560 4216 8999 8690 1566 615 

3273 1377 13766 903 11843 2055 3326 142 
-1 9572 560 4216 8999 14821 5409 553 

3835 7173 9030 1753 12995 1211 935 1254 
2623 6963 174 4765 5313 12389 2586 2366 

3835 7173 9030 1753 13695 1211 935 1254 
2623 18266 174 4765 5313 12389 2586 2366 

253 27 110 258 443 376 764 1910 
-1 441 2599 309 1635 45 92 2116 

253 27 2599 258 443 376 764 1910 
-1 441 2599 309 1635 45 3082 2116 

-2 259 -2 -2 -2 -2 -2 -2 
-1 -1 -1 -1 -1 298 -1 -1 

-2 2156 1119 -2 -2 -2 1361 -2 
-1 -1 -1 -1 -1 268 15065 -1 

3473 1382 4488 2211 -3 1747 6933 -2 
-1 -1 3596 -1 6177 102 14041 1998 

3473 1382 4488 8656 -3 1747 6933 -2 
-1 -1 3596 -1 6177 102 14041 5798 

0 -4 47 3 20 0 3 43 
139 14 36 1 19 0 22 18 

0 -4 7542 3 347 0 3 43 
139 14 8429 1 19 0 22 18 

-2 -4 6787 0 1087 -1 5001 23 
112 1627 5659 0 9 -1 15 14 

-2 -4 6787 0 1087 -1 9500 23 
3100 1627 5659 0 9 -1 15 14 

667 304 1531 1762 364 208 2672 -14 
-1 887 1329 -1 1411 19 2889 1072 

4496 -4 2918 3446 791 2998 3339 1 
3447 1185 6343 0 861 1798 1725 2 

4496 4996 2918 3446 791 7698 3339 4500 
3447 6659 6343 0 861 1618 3552 2 

4496 4996 2918 3446 791 7698 3339 8140 
3447 14993 6343 0 861 1618 3552 2 

4496 4996 2918 3446 791 7698 3339 13992 
3447 17493 6343 0 861 1618 3552 2 

4496 4996 2918 3446 791 7698 3339 12592 
3447 15743 6343 0 861 1618 3552 2 

1137 919 1392 783 374 4106 2216 2876 
972 3804 3238 -1 217 506 729 0 

33 229 3 39 623 153 61 155 
318 236 1470 522 2 19 2 57 

33 229 7502 39 623 153 61 155 
318 3212 1470 522 2 19 2 57 

111 7 27 72 19 14 37 -3 
-1 95 83 -1 73 118 63 103 

111 7 5024 72 19 14 37 -3 
-1 95 83 -1 73 5106 63 103 

6349 7 10771 72 16 14 37 -3 
4999 95 74 -1 73 9595 63 103 

5713 7 14693 72 7514 14 37 -3 
4498 95 3066 -1 73 11635 63 103 

7641 7 13992 72 7531 14 37 -3 
7048 95 4759 -1 73 12471 63 103 

1197 146 9931 -3 1 35 804 4 
80 24 8 2374 241 16 52 1222 

1197 146 9931 2997 1 5031 723 4 
71 24 8 4136 241 16 6341 1222 

1197 146 9931 2997 1 9527 723 4 
71 24 8 4136 241 16 7706 1222 

3621 2326 8043 2616 4999 8172 3082 1 
36 6731 1624 4061 3059 7 5201 1099 

2932 2093 8150 3241 4498 7583 2773 0 
28 6057 3315 6560 2752 7 6658 1099 

2374 2093 8150 3241 4498 9681 6745 0 
28 6057 2684 6560 2476 7 8992 2989 

2136 2093 8150 3241 4498 14427 6745 0 
28 6057 2684 6560 2228 7 16092 2989 

2136 2093 8150 3241 4498 14427 6745 0 
28 6057 2684 6560 2228 7 16092 2989 

1400 2093 8150 3241 9048 17984 13296 5000 
25 6057 4173 5903 2005 7 21391 5690 

8760 2093 8150 3241 9048 22435 13296 5000 
25 6057 4173 5903 4804 7 24251 5690 

3002 4518 527 -4 9996 6662 38 3242 
5398 5580 849 -1 -1 -1 5027 6557 

2428 4518 527 -4 9996 7662 34 3242 
5398 5580 763 -1 -1 -1 7524 5901 

9001 4065 7974 2496 8996 5057 30 10740 
9858 9319 687 2999 7799 -1 10666 5310 

7984 13658 8078 11192 9650 5145 5273 8698 
6038 10213 404 10742 4604 7053 6997 5521 

13238 4065 14518 2245 14406 15566 3398 10740 
18653 9319 556 4885 12975 3999 8639 16330 

92 -2 1493 -3 258 10 -3 -3 
-1 -1 194 -1 -1 114 -1 676 

13238 4065 12362 2245 14406 15566 3398 10050 
18653 9319 556 4885 13677 3999 8639 14696 

13238 4065 12362 7785 14406 14009 3398 10050 
18653 9319 556 4885 17309 3598 8639 27226 

11285 4062 13378 5429 19055 12513 4400 11338 
11013 15231 7998 12279 14237 7002 8988 21120 

10156 2960 17789 5780 16145 13885 2336 8263 
8027 11274 6478 7249 16531 5671 6551 14735 

10156 2960 16009 8663 16145 13885 2336 8263 
8027 11274 6478 7249 16531 5671 6551 28135 

20 -5 -2 -3 -1 -2 -1 -4 
0 -1 -1 0 0 2 0 0 

-2 -2 -2 -2 -2 -2 -2 -2 
-1 -1 -1 -1 -1 -1 -1 -1 

-2 -2 2698 -2 -2 -2 -2 -2 
-1 -1 -1 -1 -1 -1 2999 -1 

-2 -2 3016 -2 -2 -2 -2 -2 
-1 -1 -1 -1 -1 -1 4699 -1 

-2 -2 7714 -2 -2 -2 -2 -2 
-1 -1 -1 -1 -1 -1 7229 -1 

-2 -2 8505 -2 -2 -2 -2 -2 
-1 -1 -1 -1 -1 -1 11506 -1 

-2 -2 15154 -2 -2 -2 -2 -2 
-1 -1 -1 -1 -1 -1 13355 -1 

-2 -2 21138 -2 -2 -2 -2 -2 
-1 -1 -1 -1 -1 -1 15019 -1 

6747 -2 19023 -2 6048 1347 -2 -2 
-1 2999 1999 -1 -1 7559 13516 -1 

6747 -2 19023 -2 12109 1347 -2 -2 
-1 2999 1999 -1 -1 10803 13516 -1 

6747 -2 19023 -2 15064 1347 -2 -2 
-1 2999 1999 -1 -1 14722 13516 -1 

1 570 72 3109 2183 4026 118 0 
-1 2102 882 392 1 1296 71 2233 

1 4263 64 2797 6964 4026 118 0 
-1 1891 793 3352 1 4166 71 2233 

1 4947 64 2517 6267 4026 118 0 
-1 1891 713 5016 1 3749 71 2233 

1 4947 64 7265 5639 4026 118 0 
-1 6701 713 5016 0 3749 71 2233 

-2 -3 -3 -2 -3 -2 0 -3 
-1 -1 -1 -1 -1 -1 -1 -1 

-2 -3 -3 -2 -3 -2 0 -3 
-1 -1 -1 -1 -1 -1 -1 -1 

-2 1997 -3 -2 -3 -2 -1 -3 
-1 -1 -1 -1 -1 -1 -1 1999 

-2 1997 -3 -2 1997 -2 -1 -3 
-1 -1 -1 -1 -1 1999 -1 1999 

-2 1997 -3 -2 1616 4283 -1 -3 
-1 -1 5398 -1 -1 1618 -1 1999 

-2 1997 -3 -2 8954 4283 -1 -3 
-1 -1 5398 -1 -1 4456 -1 1999 

4993 401 27 -4 -1 -7 165 -4 
-1 -1 2 1458 529 0 -1 422 

4993 401 27 7496 -1 -7 165 -4 
2999 -1 2 1458 529 0 -1 422 

8660 401 27 8889 -1 -7 147 -3 
5128 -1 2 1458 529 5000 -1 379 

8660 401 27 13000 -1 -7 147 -3 
9615 -1 2 1458 529 5000 -1 379 

15 2121 -5 1808 2366 1097 399 238 
606 1451 1062 764 2508 1502 612 285 

13 2121 -5 1808 2366 1097 399 238 
606 1451 1062 764 2508 1351 612 285 

5567 2121 -5 1808 2366 1097 399 238 
606 1451 1062 764 2508 11215 612 285 

8343 2121 -4 1808 2366 1097 5359 214 
545 1451 1062 764 4031 18093 612 285 

11080 2121 -3 1808 2129 1097 4822 3173 
490 1451 1062 764 4102 21283 612 285 

13543 2121 -2 1808 1915 987 4339 2569 
440 1451 955 764 2690 29154 612 285 

13543 2121 -2 1808 1915 987 4339 2569 
440 1451 955 764 2690 29154 612 285 

1194 250 2042 98 182 90 376 1157 
738 126 48 65 3143 2091 347 6036 

1194 201 1837 98 182 72 376 1157 
664 101 38 65 3143 2091 347 6036 

-2 -2 -2 -2 33 -2 -2 -2 
-1 -1 -1 -1 -1 -1 -1 22 

5105 2106 1631 3081 4585 1464 973 3043 
3632 3073 3448 5115 1502 1286 1269 4475 

5105 2106 1631 3081 4585 1317 973 3043 
3632 3073 3448 4603 1502 1286 1269 4475 

7511 6895 1631 3081 14713 6899 7542 12131 
10268 12789 7103 12142 5351 8157 1269 8027 

7511 6895 1631 3081 14713 11209 7542 12131 
10268 12789 7103 12927 5351 8157 1269 8027 

7511 6895 1631 3081 14713 11209 7542 12131 
10268 12789 7103 12927 5351 8157 1269 8027 

7511 6895 6720 3081 14713 11209 7542 12131 
10268 12789 6392 12927 5351 13341 1269 8027 

7511 6204 6112 2772 13241 11209 7542 12131 
10268 12789 5177 12927 5351 13506 1027 8027 

7511 5583 13005 2772 11916 11209 7542 12131 
10268 12789 7793 12927 5351 20155 831 8027 

2240 226 -2 330 1807 198 5621 1655 
152 794 2014 125 2403 3188 676 2213 

4158 226 -2 330 1807 198 5621 1655 
152 12714 2014 125 2403 3188 676 2213 

-5 3667 1602 346 -1 3769 7496 2445 
769 99 1032 1392 403 5360 1304 99 

-5 3667 1602 346 -1 3769 8889 2445 
769 99 1032 1392 3362 5360 1304 99 

3990 4970 4995 1070 8197 9001 5362 9443 
5375 7192 4644 7632 3737 5690 544 11479 

-4 27 31 0 -4 113 58 48 
5 1 7 61 30 118 17 0 

4415 6139 4995 962 7831 9001 4342 9443 
6837 6472 4179 10681 3737 5120 544 14331 

4415 6139 4995 962 12047 9212 4342 9443 
6837 6472 7761 12612 3737 5120 544 14331 

-3 1523 1364 -1 3402 2014 877 1120 
1313 0 1 4658 1477 1236 1069 3257 

-3 1523 1364 -1 8061 2242 877 1120 
1313 0 8000 7192 1477 1236 1069 3257 

5178 4471 4995 699 9678 7459 3142 6882 
4983 5824 7457 12215 4638 3731 396 11607 

5178 4471 4995 699 9678 7459 7827 6882 
4983 5824 9711 12215 4638 3731 396 11607 

-3 806 5493 -2 4282 1322 2959 815 
956 0 5431 6718 570 900 700 2136 

4697 1730 2652 297 7028 5804 7383 3655 
3445 6798 4643 8091 1177 4202 233 5550 

4697 1730 2386 297 7028 8973 6644 3655 
3100 6798 4643 8091 1059 4202 233 7995 

-2 -2 -2 -2 -2 -2 -2 -2 
-1 -1 -1 -1 -1 -1 -1 -1 

-2 -2 -2 -2 -2 6664 -2 -2 
-1 -1 -1 -1 -1 -1 -1 3999 

-2 -2 -2 -2 -2 6664 -2 -2 
-1 -1 -1 -1 -1 -1 -1 3999 

-2 3998 3748 -2 -2 4164 -2 -2 
2999 -1 -1 -1 3999 -1 -1 4999 

-4 2447 1053 807 -6 1301 -6 -4 
2745 -1 -1 955 739 -1 -1 1289 

-4 2447 7614 807 -6 1301 -6 -4 
2745 -1 -1 955 739 3999 -1 1289 

3021 5385 2305 160 283 283 11 15 
0 1955 159 897 2284 3105 40 449 

3021 5385 2305 7644 283 283 11 15 
0 1955 3143 897 2284 3105 40 449 

3021 5385 2305 19608 283 283 11 6680 
0 1955 5828 897 2284 6794 40 4404 

3021 5385 2305 22632 283 283 11 9345 
0 1955 8245 897 2284 8114 40 3963 

102 107 45 25 156 121 91 42 
335 315 33 2 101 22 -1 272 

102 107 45 9645 156 108 91 5037 
301 315 5029 2 101 4019 -1 4244 

3021 5385 2305 23431 283 4004 11 9124 
3000 1955 10420 897 2284 9302 40 6566 

3021 5385 2305 23431 283 4004 11 9124 
3000 1955 10420 897 2284 9302 40 6566 

1782 7694 1359 14882 119 2916 8076 6252 
3801 1583 8621 5690 3498 6102 25 7375 

3109 7694 3240 15026 1221 3716 6540 5706 
9430 7882 8084 8947 3148 6003 25 6995 

3109 7694 2623 15170 1221 3344 6540 5706 
12487 7093 7275 7246 3148 6003 25 6995 

3109 7694 2360 17938 1221 3344 6540 5706 
17238 7093 6547 7246 3148 6003 25 6995 

3109 7694 2360 17938 1221 3344 6540 5706 
17238 7093 6547 7246 3148 6003 25 6995 

3109 7694 6411 15776 1221 3009 6540 5706 
17514 5744 11892 5868 3148 6003 25 6995 

3109 7694 6411 20198 1221 3009 6540 5706 
21762 5744 11892 5868 3148 6003 25 6995 

3109 7591 6411 18177 1097 3009 6540 5706 
21762 5744 12702 5868 3148 6003 22 6295 

3551 9393 5202 11664 1932 9451 4515 5135 
17056 6187 16208 9294 7899 15763 4001 10563 

-3 16 185 46 159 61 87 8 
56 32 165 349 7 32 34 59 

14089 26433 9429 9451 3170 4066 9318 6439 
18932 9532 11262 20134 5761 6784 11484 16843 

-5 10 149 27 3746 54 69 5005 
44 22 119 1825 5 25 2021 1847 

-3 -2 115 356 -3 -3 -3 -3 
-1 -1 298 -1 -1 -1 -1 43 

-7 -3 -4 0 -2 -4 -2 114 
-1 105 -1 -1 -1 -1 -1 0 

-7 -2 -4 4166 -2 -4 1998 114 
4999 105 13999 -1 -1 -1 -1 0 

1245 5539 1009 9141 1193 7804 2559 6192 
2655 5756 9278 5643 1618 5028 1310 3457 

1119 8318 661 6662 3906 12023 5072 5572 
2150 9235 11350 4113 1456 4072 1060 5499 

1119 8318 661 9567 3906 12023 7421 5572 
2150 9235 26215 8701 1456 4072 1060 5499 

-2 -2 -2 -2 -2 -2 -2 -2 
-1 -1 -1 -1 -1 -1 -1 -1 

-5 10 149 39 3746 54 69 5005 
44 22 119 21642 5 25 2021 1847 

-5 10 149 39 3746 54 69 7837 
44 22 2107 21642 5 25 2021 1847 

-5 10 149 39 3746 54 5062 7837 
44 22 2107 21477 5 25 2021 1847 

-5 10 149 39 3746 54 9555 7837 
44 22 2107 22329 5 25 2021 1847 

-5 10 149 39 3746 54 11932 7837 
44 22 2107 24096 5 25 2021 1847 

-5 10 149 39 3746 54 17405 7837 
44 22 2107 25686 5 25 2021 1847 

-5 10 149 39 3746 54 23164 7837 
44 22 2107 26117 5 25 2021 1847 

-5 10 149 31 6704 7538 18113 8303 
35 4019 4406 27505 4 2717 3818 1345 

-5 10 149 31 6704 7538 22968 8303 
35 4019 4406 28754 4 2717 3818 1345 

-5 10 149 31 6704 7538 23448 8303 
35 4019 4406 30878 4 2717 3818 1345 

-6 -6 317 -4 -5 -9 148 73 
-1 280 19 324 -1 -1 34 91 

233 116 18 0 71 1349 2925 721 
-1 793 59 1291 1304 63 213 668 

4449 -5 284 -3 -5 -9 148 73 
-1 280 19 324 -1 -1 7427 81 

751 104 18 0 71 1349 2925 721 
-1 793 59 1291 1304 63 1972 601 

7353 -4 284 -3 -5 -9 148 73 
-1 280 19 324 -1 -1 10515 72 

675 104 18 0 71 1349 2925 721 
-1 793 59 1291 1304 63 1774 601 

-3 -2 45 38 -2 -2 -2 -2 
-1 -1 -1 -1 43 21 -1 -1 

1997 -2 45 38 -2 -2 -2 -2 
-1 -1 -1 -1 1834 21 -1 -1 

1796 3748 40 38 3935 -2 9998 -2 
-1 -1 -1 -1 7485 21 6999 1798 

9116 3748 40 38 3935 -2 9998 -2 
-1 -1 -1 -1 9736 21 6999 1798 

543 93 18 454 71 1349 2925 721 
1999 793 59 1291 1304 63 1436 540 

7988 93 18 454 71 1349 2925 721 
1999 793 59 1291 4173 63 1436 540 

10105 83 18 454 57 1349 2632 721 
1999 793 59 1161 9679 63 1292 485 

10105 83 18 454 7551 1349 2632 721 
1999 3713 59 1161 9679 63 1292 485 

1500 57 394 18 63 119 3245 354 
-1 642 82 256 176 363 683 1476 

1500 57 354 18 63 119 3245 354 
-1 642 82 256 176 326 683 1476 

1500 57 6318 18 63 119 9587 354 
-1 4577 82 256 176 6293 683 1476 

1500 51 9186 16 63 119 12794 354 
-1 9119 82 256 176 11397 683 1328 

1500 45 11267 3347 5056 119 16514 318 
1999 10207 82 256 176 10738 683 3195 

1500 45 13890 3012 5056 119 14862 318 
1999 9186 82 256 176 18664 683 2875 

1500 45 13890 3012 5056 119 14862 318 
1999 9186 82 256 176 18664 683 2875 

44 637 1682 321 675 11 2023 25 
157 1373 17 8 137 2001 3340 204 

44 637 1682 2959 545 4176 1820 19 
141 3811 4062 7 137 2001 3340 183 

2749 7650 2084 1412 231 2216 2621 9 
6208 7020 1572 2 110 563 4904 1408 

-2 -2 -2 -2 -2 -2 -2 -2 
-1 -1 -1 -1 -1 -1 -1 -1 

-2 -2 -2 -2 -2 -2 -2 -2 
-1 -1 -1 -1 -1 -1 -1 -1 

-2 -2 -2 3569 2270 4998 -2 -2 
-1 -1 4999 -1 -1 -1 11299 -1 

-2 -2 -2 3569 2270 7831 -2 -2 
-1 -1 4999 -1 -1 -1 12169 -1 

-2 -2 -2 3569 2270 7831 -2 -2 
-1 -1 4999 -1 -1 -1 12169 -1 

-2 -2 -2 9878 2270 9775 -2 -2 
-1 -1 8499 -1 -1 -1 16952 -1 

-2 -2 -2 7999 1837 12416 -2 -2 
-1 -1 6883 -1 -1 -1 16430 -1 

-2 -2 5623 7999 1837 11174 -2 -2 
-1 -1 6194 -1 -1 -1 16430 8999 

1216 655 2972 498 1151 55 6034 1839 
1892 3847 42 559 2302 2969 1607 477 

-1 -2 -2 -2 -3 -2 -2 -2 
-1 -1 -1 -1 -1 -1 -1 -1 

1216 655 2972 498 1151 55 7573 1839 
13702 3847 42 559 2302 2969 1607 477 

1216 655 2972 498 1151 55 8815 1839 
14331 3847 42 559 2302 2969 1607 477 

11 6 21 12 6 -3 213 9 
110 61 -1 2 14 19 118 3 

258 4379 2416 12 5 4997 213 9 
110 5054 -1 4001 2012 16 8365 2 

3746 996 5870 3978 709 7309 588 5485 
-1 1816 8203 2185 -1 -1 5154 7956 

3746 10896 5870 3978 709 7309 588 5485 
-1 1816 8203 2185 -1 -1 5154 9160 

2926 3678 4227 2251 2 6226 10924 2954 
2771 3029 5176 6786 2024 2439 3239 4562 

2911 3678 4227 2251 2 6226 10924 2954 
2771 3029 5176 11107 2024 2439 3239 4562 

3021 2169 7137 1194 0 4083 5803 1742 
2019 3067 3055 7082 1639 1295 2124 3325 

7718 2169 7137 1194 0 4083 5803 1742 
2019 3067 3055 9373 1639 1295 2124 3325 

1978 5781 2265 1280 1245 2818 154 1896 
-1 372 3270 1160 -1 -1 1795 5536 

2986 3605 6535 511 5132 2870 4529 747 
2764 2380 3727 4887 2935 500 2113 3386 

2687 3605 6535 5459 4618 2870 4529 747 
2764 2380 3727 4887 2641 500 2113 7242 

7418 3244 11881 9913 7073 2870 4529 747 
8238 2380 3727 4887 2376 2450 2113 22066 

7418 3244 11881 9913 7073 2870 4529 7338 
8238 2380 3727 4887 2376 2450 5901 22066 

7418 3244 11881 9913 7073 2870 4529 16604 
8238 2380 3727 4887 2376 2450 7310 22066 

3189 820 4223 2262 2576 996 1416 3777 
3100 828 688 963 1982 947 2063 8547 

1209 6 -1 1 0 122 45 2770 
103 63 2071 35 12 389 1 848 

8588 6 -1 1 0 122 45 2770 
103 63 2071 35 12 389 3000 848 

106 -1 1197 161 105 244 103 66 
122 1595 52 113 129 15 22 123 

106 -1 1197 161 105 244 5092 66 
122 8435 52 113 129 15 22 123 

106 -1 1197 161 6344 244 11249 66 
5109 11591 52 113 129 15 22 123 

106 -1 1197 10144 10709 244 13457 66 
6598 12431 52 113 129 15 2019 123 

106 -1 1197 11629 9637 244 12699 66 
5938 13187 52 113 129 15 3817 123 

5720 -1 1197 11629 9637 219 12699 59 
5938 18781 46 113 115 15 3817 123 

80 88 26 21 409 129 0 54 
141 0 71 27 135 167 92 104 

80 88 26 21 409 129 0 54 
141 0 71 27 135 167 92 104 

3373 1470 2404 9418 9538 10127 11428 41 
6328 15789 32 81 60 10 2782 5129 

2731 1322 1946 7990 6256 10127 11379 41 
14325 15789 20 65 53 8 2954 5129 

2457 1322 1575 12191 6256 10127 9914 41 
16892 15789 2714 65 53 8 2152 5129 

2457 1322 1575 12191 6256 10127 12530 41 
22202 15789 2442 65 53 8 2152 5129 

2457 1322 1575 12191 6256 10127 12530 41 
22202 15789 2442 65 53 8 2152 5129 

2211 1322 1417 15971 6256 10127 11563 41 
22981 15789 6977 65 53 8 1568 5129 

2211 1322 1417 15971 6256 10127 16406 41 
26682 15789 6977 65 53 8 1568 5129 

2211 1322 1417 14373 6256 10127 14287 41 
28013 15789 5650 65 53 8 1568 5129 

4610 1189 1031 16094 6256 8201 14585 3401 
22690 15816 6946 7058 42 5 11402 3738 

8591 629 6314 9819 5869 15363 3704 10789 
11766 13104 6605 6335 5569 2175 14007 9336 

8619 5957 4601 5795 5469 11197 2698 10864 
9433 13352 4958 7857 4059 3957 9189 6124 

-3 -2 14 -2 -2 -2 -2 553 
-1 -1 1 -1 216 -1 -1 -1 

8619 5745 3437 5795 5469 11197 2698 10864 
9433 13352 4958 9071 4059 3957 9189 5511 

7498 5173 4 -4 -4 -4 27 2513 
3998 137 24 5039 -1 0 89 3023 

7498 5173 4 -4 -4 -4 24 6827 
3998 6123 21 5039 -1 9000 89 2720 

6059 3760 1015 1035 4046 1211 1366 5846 
3598 9275 5589 5293 2698 13221 46 3438 

6559 11420 2967 548 6134 641 1105 7298 
8554 6084 5672 2811 3560 15409 46 3094 

6559 12697 2967 548 6134 641 1105 6568 
8554 6084 5672 2811 18204 13867 46 3094 

-2 -2 -2 -2 -2 -2 -2 -2 
-1 -1 -1 -1 -1 -1 -1 -1 

-3 -5 -7 -2 -4 -3 -3 -2 
0 -1 -1 -1 -1 6 -1 0 

-3 -5 3743 -2 -4 -3 -3 -2 
0 -1 -1 -1 -1 6 -1 3000 

-3 -5 3945 -2 -4 -3 -3 -2 
0 -1 -1 -1 -1 6 -1 5700 

-3 -5 8550 -2 -4 -3 -3 -2 
0 -1 -1 -1 -1 6 -1 8130 

-3 -5 10195 -2 -4 -3 -3 -2 
0 -1 -1 -1 -1 6 -1 10317 

-3 -5 16675 -2 -4 -3 -3 -2 
0 -1 -1 -1 -1 6 -1 12285 

-3 -5 22507 -2 -4 -3 -3 -2 
0 -1 -1 -1 -1 6 -1 14056 

-3 -5 22030 -2 -3 -3 -3 3331 
0 1999 -1 -1 -1 8005 -1 14650 

-3 -5 22030 -2 -3 -3 -3 10497 
0 1999 -1 -1 -1 10204 -1 14650 

-3 -5 22030 -2 -3 -3 -3 11590 
0 1999 -1 -1 -1 12183 -1 14650 

-3 -3 3277 -2 -3 -2 869 -2 
-1 -1 1289 859 3 -1 -1 -1 

-3 -3 3277 -2 -2 -2 869 4998 
-1 -1 1289 859 3 3999 -1 -1 

-3 -3 3277 -2 -2 -2 869 5652 
-1 -1 1289 859 3 6599 -1 -1 

-3 -3 3277 -2 -2 -2 869 9253 
-1 -1 1289 859 3 10939 -1 -1 

1265 907 109 251 1443 -4 1401 -3 
326 263 1020 0 739 0 308 1412 

1265 907 109 251 1443 -4 1401 -2 
326 263 917 0 739 0 308 1412 

61 609 4583 124 2569 581 143 55 
210 590 2942 132 80 2087 87 247 

61 547 4583 124 2569 581 2128 55 
210 530 2942 132 80 2087 87 2222 

49 4778 4583 5111 2569 5522 5248 55 
210 6477 8682 3118 71 2087 87 3999 

49 4778 4583 5111 2569 5522 12223 55 
210 6477 8682 3118 71 2087 87 6599 

1265 907 1362 251 1296 -4 1928 663 
263 212 825 2000 739 3799 308 1412 

1265 907 1362 251 1296 7496 1928 663 
263 212 825 2000 3665 3799 308 1412 

11643 907 3353 202 1296 10571 1928 663 
263 212 6068 6800 7711 5776 308 1270 

11643 907 3353 202 1296 15763 1928 663 
263 212 6068 6800 11939 5776 308 1270 

321 250 1504 714 453 1620 1350 0 
1789 1496 680 755 374 448 2 1454 

321 250 1504 714 453 1620 1350 0 
1609 1496 680 755 374 448 2 1454 

321 250 1504 714 453 7291 1350 6666 
5448 1496 680 755 374 448 7001 1454 

321 224 1504 642 453 10133 1350 5998 
4412 1496 680 755 336 448 11300 1454 

321 9681 1353 642 4866 14119 1350 5998 
8970 1496 611 755 336 6629 11300 1454 

321 12841 1353 642 7879 12706 1350 5998 
8072 1496 611 755 336 13202 11300 1454 

321 12841 1353 642 7879 12706 1350 5998 
8072 1496 611 755 336 13202 11300 1454 

18 3561 155 202 623 1245 72 2166 
222 2292 1665 124 54 4433 655 157 

16 3204 139 4181 623 1119 72 2166 
199 4910 1665 124 54 4433 589 157 

-2 2150 -2 -2 -2 -2 -2 5 
1060 -1 -1 10 -1 -1 -1 -1 

-2 -2 -2 844 -2 -2 -2 -3 
-1 -1 -1 -1 -1 -1 -1 455 

-2 -2 -2 844 -2 -2 -2 -3 
-1 -1 -1 -1 -1 -1 -1 455 

-2 -2 -2 844 5712 -2 7048 -3 
-1 -1 -1 2999 10999 7999 -1 455 

-2 -2 -2 844 12640 -2 7048 -3 
-1 -1 -1 2999 10999 10199 -1 455 

-2 -2 -2 844 12640 -2 7048 -3 
-1 -1 -1 2999 10999 10199 -1 455 

-2 -2 -2 844 12640 -2 7048 5997 
-1 -1 -1 2698 10999 10199 5999 455 

-2 -3 -2 844 12640 -2 5708 6395 
-1 -1 -1 2185 9898 9178 7558 409 

-2 3747 -2 844 12640 -2 4623 14915 
-1 -1 -1 4469 8908 8260 13321 5368 

3771 671 1038 4837 -2 601 -2 2083 
1700 3011 2124 2006 -1 1618 4488 1798 

3771 671 1038 4837 -2 601 2141 2083 
1700 3011 2124 2006 -1 1618 4488 13618 

70 2498 634 232 2009 2425 3277 1105 
5548 161 608 818 610 2586 2438 1860 

70 2498 2493 232 2009 2425 5449 1105 
5548 161 608 2736 610 2586 2438 6674 

1 195 74 26 113 45 479 38 
259 5 21 102 37 133 155 272 

1 175 66 4396 101 40 1170 38 
232 5 7216 102 5429 133 4625 244 

2500 2815 5323 4906 2427 2303 4816 23 
2136 2934 9760 66 6965 45 5899 2767 

2500 2815 5323 4906 2427 2303 9334 23 
2136 2934 9760 66 6965 3040 5899 2767 

223 432 310 169 158 110 771 213 
64 375 1054 180 924 114 717 115 

223 432 8044 169 158 110 771 213 
3057 375 1054 180 924 114 717 6103 

129 348 4190 4598 91 57 504 213 
1804 220 690 1563 831 91 422 3224 

129 348 12893 4598 91 57 504 213 
3623 220 690 1563 831 91 422 5901 

2319 6757 4152 4998 7006 3607 1787 6554 
3620 5111 2768 3317 3220 3554 10577 7164 

452 4561 2945 4680 1520 12205 193 2149 
5929 2811 3999 543 2396 3120 2216 2209 

5406 4561 2945 4211 1367 15984 193 2149 
5335 2811 3999 3488 2396 6808 1994 2209 

9240 4561 2945 8410 6230 14385 173 2149 
4801 2811 3999 9125 7156 6127 3794 2209 

13316 4561 2945 8410 6230 14385 173 2149 
4801 2811 3999 11212 7156 6127 3794 2209 

21984 4561 2945 8410 6230 14385 173 2149 
4801 2811 3999 12090 7156 6127 3794 2209 

4916 2420 918 3253 1579 3739 55 600 
2065 1741 2114 2764 2019 1908 1321 560 

5 67 132 3 414 1055 2430 6 
61 1708 6 47 141 1 1 2 

5 67 132 3 414 7616 2430 6 
61 1708 6 47 141 1 1 4001 

47 1854 545 1138 -4 -5 1235 2498 
2 2482 -1 1255 50 -1 15 4141 

47 1854 545 1138 -4 -5 7111 2498 
2 8233 -1 1255 50 -1 15 4141 

47 1854 545 1138 -4 -5 12233 2498 
2 14409 -1 1255 50 -1 15 4141 

47 1854 545 1138 7496 -5 14408 2498 
2 15968 -1 1255 50 -1 15 6726 

47 2437 545 1138 8413 -5 13800 2498 
2 16371 -1 1255 50 -1 2013 8053 

47 7193 545 1024 7571 -5 17420 2498 
2 14733 -1 1255 50 -1 7811 12822 

54 232 246 106 154 161 61 129 
51 221 34 119 163 463 90 1103 

54 232 246 106 154 161 61 129 
51 221 34 119 163 463 90 1103 

3370 9342 356 4785 8911 -5 13858 3033 
0 17360 -1 1016 2466 -1 3734 12061 

3370 8604 356 3875 9448 1995 13858 3956 
0 16061 2698 4914 5219 -1 3360 12061 

3370 11469 356 3487 9448 7693 13858 3560 
0 14454 5428 6422 4696 -1 7024 12061 

3370 15322 356 3138 9448 13590 13858 3560 
0 13008 10885 6422 4696 -1 10321 12061 

3370 15322 356 3138 9448 13590 13858 3560 
0 13008 10885 6422 4696 -1 10321 12061 

3370 16910 356 2824 9448 13956 13858 3203 
0 11707 13796 5779 4226 -1 16288 12061 

3370 16910 6320 2824 9448 13956 13858 3203 
6000 11707 13796 5779 4226 -1 16288 12061 

3370 16910 7044 2824 9448 13956 13858 3203 
8400 11707 12416 5779 4226 -1 16288 12061 

2276 13986 5132 12557 8503 14477 14570 2949 
5510 12680 9050 8201 8994 -1 15873 17530 

9035 15132 6150 9450 9532 12230 7794 15150 
9603 7611 10429 5132 15432 11398 3629 16578 

7887 -3 201 2052 6229 4423 4353 56 
4498 1005 5597 4998 33 6220 15 11974 

5924 14927 4979 9531 10568 11928 7705 10849 
6414 6293 8447 9161 13240 11032 2380 12084 

-3 -3 -3 -3 -3 335 -2 -3 
-1 -1 17 -1 53 -1 -1 -1 

5924 11733 4979 9531 10568 11928 7705 10849 
6414 6293 8447 9161 13240 11032 2141 12875 

5924 16769 4979 9531 13886 10735 7705 10849 
6414 14663 12841 9161 13240 11032 8926 12875 

9603 26125 4839 14983 12155 9265 16934 10142 
7105 21377 6140 13123 11944 16535 7238 8914 

-5 -2 -2 1 -3 -4 -4 237 
0 0 -1 506 1 14 -1 6 

6245 -2 -2 1 -3 -3 -4 2413 
0 0 -1 11455 1 14 4999 6 

11722 25594 3919 11448 7175 11077 15260 12392 
3774 27915 3624 9566 16374 13786 7276 8575 

-2 -2 -2 -2 -2 -2 -2 -2 
-1 -1 -1 -1 -1 -1 -1 -1 

-2 -2 -2 3331 -2 -2 -2 -2 
-1 -1 -1 -1 -1 -1 -1 1999 

-2 -2 -2 3524 -2 -2 -2 -2 
-1 -1 -1 -1 -1 -1 -1 3799 

-2 -2 -2 3171 -2 -2 -2 -2 
-1 -1 -1 -1 -1 -1 -1 3418 

-2 -2 -2 4282 -2 -2 -2 -2 
-1 -1 -1 -1 -1 -1 -1 7076 

-2 -2 -2 11353 -2 -2 -2 -2 
-1 -1 -1 -1 -1 -1 -1 9368 

-2 -2 -2 17717 -2 -2 -2 -2 
-1 -1 2999 -1 -1 -1 -1 9368 

-2 -2 -2 17725 3748 -2 3747 2497 
-1 -1 8699 7229 -1 -1 -1 9368 

-2 -2 -2 23452 3748 -2 3747 2497 
-1 -1 10829 7229 -1 -1 -1 9368 

-2 -2 -2 24106 3748 -2 3747 2497 
-1 -1 15746 7229 -1 -1 -1 9368 

396 71 244 -5 77 254 420 292 
-1 309 1411 417 92 1076 -1 100 

2891 71 244 -5 7105 228 377 292 
1999 309 1269 417 3674 3968 -1 80 

2341 71 244 -5 7108 228 377 292 
1999 309 1269 417 3306 5571 -1 71 

2341 71 244 -5 7108 5205 377 292 
1999 309 1269 375 3306 12013 -1 71 

-4 11 -6 -5 16 2015 60 58 
135 -1 177 1998 -1 321 -1 -1 

-4 11 -6 -5 16 1813 60 58 
135 -1 177 1998 -1 321 -1 -1 

4996 11 -6 -5 16 1466 60 51 
135 -1 177 1798 -1 321 1999 -1 

6496 11 -6 -5 16 1466 53 51 
2121 -1 177 1798 -1 288 1999 -1 

8261 11 -5 -5 14 1466 2904 51 
3517 -1 159 1618 -1 4259 1999 -1 

14101 11 -5 -5 14 1466 2904 51 
7165 -1 159 1618 -1 4259 1999 -1 

2977 -2 -2 868 -2 -2 -2 -2 
1060 1432 -1 29 -1 -1 -1 -1 

2977 -2 -2 868 7498 -2 -2 -2 
1060 1432 -1 29 2999 -1 -1 -1 

4098 -2 -2 868 9525 -2 -2 -2 
1060 1288 2999 29 7699 -1 -1 -1 

13688 -2 -2 868 15239 -2 -2 -2 
1060 1288 4699 29 10929 -1 -1 -1 

2454 -3 525 -4 -2 139 1089 0 
1141 -1 885 127 -1 1505 216 -1 

2208 -3 525 -4 -2 139 1089 0 
1141 -1 885 127 -1 1354 216 -1 

7487 -3 525 -4 -2 139 1089 0 
1141 -1 885 127 -1 12218 216 -1 

8314 -2 525 -4 -2 139 979 0 
1141 -1 885 127 -1 15996 194 -1 

9597 4998 525 -4 -2 139 880 0 
1141 -1 885 127 1798 21396 174 -1 

10542 4498 525 -4 -2 139 791 0 
1141 -1 885 127 1456 27256 156 -1 

10542 4498 525 -4 -2 139 791 0 
1141 -1 885 127 1456 27256 156 -1 

1146 441 31 -7 -4 787 559 -6 
2640 -1 85 10 268 1954 17 3349 

1031 441 31 -7 -4 708 451 -6 
2375 -1 85 8 216 1954 15 3349 

-2 -2 -2 -2 -2 -2 -2 -2 
-1 -1 -1 -1 -1 -1 -1 -1 

834 233 4447 791 3209 302 3510 4409 
1730 9098 4405 3 1746 933 3 4163 

834 233 4447 711 3209 302 3510 4409 
1730 9098 4405 3 1571 933 3 4163 

834 233 4447 3139 3209 302 6730 4409 
1730 9098 13964 3 5413 933 3 4163 

834 233 4447 6461 3209 302 16057 4409 
1730 9098 14567 3 12871 933 3 4163 

834 233 4447 6461 3209 302 16057 4409 
1730 9098 14567 3 12871 933 3 4163 

834 233 4447 9814 3209 302 21117 4409 
1730 9098 17110 3 19583 933 3 4163 

-3 -2 -2 -2 -2 -2 -2 -2 
-1 -1 -1 -1 -1 -1 -1 -1 

-3 -2 -2 -2 5498 -2 -2 -2 
-1 10999 -1 -1 -1 -1 -1 -1 

2497 -2 -2 -2 1109 -2 -2 -2 
-1 1798 -1 -1 -1 1999 -1 -1 

2497 -2 -2 -2 4033 -2 -2 -2 
-1 18618 -1 -1 -1 1999 -1 -1 

3961 1859 201 629 201 302 1711 -3 
919 2003 2136 1814 635 4543 721 1810 

3961 1859 201 629 201 302 3539 997 
919 7802 2136 3632 635 4543 721 1810 

203 161 0 36 5 9 181 74 
26 295 88 376 22 291 20 158 

203 144 1875 2653 855 9 181 66 
26 265 6371 376 7019 291 2716 142 

3920 93 6758 10066 3259 5250 2499 12 
2137 4160 4279 1223 4478 1548 2199 7403 

3920 93 6758 10066 3259 5250 9749 12 
2137 4160 4279 1223 4478 1548 2199 9662 

2866 1009 -3 3015 2382 2427 1263 6029 
-1 11260 2745 1798 -1 2479 1618 3170 

2866 1009 -3 3015 2382 2427 1358 6029 
-1 11260 2745 1798 -1 2479 1618 6853 

2088 660 -3 2196 1561 1431 5257 4394 
-1 9120 2223 954 -1 1316 2754 4339 

6879 660 -3 2196 1561 1431 5257 4394 
-1 9120 2223 954 -1 1316 5478 4339 

3173 58 3718 9265 1920 3422 6393 1018 
1557 6069 3465 3979 2140 913 1297 7050 

2660 2044 4809 7503 739 8992 3056 254 
826 4537 3665 3885 2977 2235 450 1449 

2660 6839 4327 6752 739 8092 3056 254 
826 4537 3665 8496 2977 2011 364 1449 

2660 10043 9727 6752 739 7282 3056 254 
826 4537 3665 14646 2977 8809 327 1449 

2660 14038 9727 6752 739 7282 3056 254 
826 4537 3665 16181 2977 8809 327 1449 

2660 14038 9727 6752 739 7282 3056 254 
826 4537 3665 16181 2977 8809 327 1449 

4994 -4 4995 78 3185 -3 43 -3 
71 37 -1 4048 6238 -1 -1 2580 

1182 4891 1616 1385 350 3491 3052 67 
2483 1756 836 4568 1530 3790 52 622 

1182 4891 1616 1385 6981 3491 3052 67 
2483 5580 836 4568 1530 3790 52 622 

3 160 31 316 323 16 1 310 
89 236 247 253 30 59 3 320 

3 160 31 316 323 16 1 6279 
89 6212 247 253 30 59 3 320 

2 160 31 316 323 16 6667 12317 
4080 8631 247 253 30 59 3 320 

7501 160 31 316 323 16 6000 14418 
6004 9767 247 253 30 59 3 320 

7 3344 5251 4899 9 1842 -3 1348 
-1 5710 3081 93 7 3595 696 29 

3339 3344 5251 4899 9 1842 -2 7463 
-1 13125 3081 93 7 3595 696 29 

7465 160 31 316 323 16 7066 14130 
8663 11790 247 253 30 59 3 320 

7465 160 31 316 323 10014 7066 14130 
8663 11790 247 253 30 59 2002 320 

4406 3946 14 4658 151 8 5149 17378 
4602 7830 1799 1768 3626 42 0 4888 

3965 3875 1210 4192 135 1161 5149 14075 
4141 8376 1799 1768 2936 37 4700 4399 

3965 3487 979 4192 135 5044 5149 12667 
4141 6105 1799 1768 2936 33 8230 4399 

3568 3487 979 9397 135 5044 5149 12667 
4141 6105 1799 1768 2642 33 8230 12959 

3568 3487 979 9397 135 5044 5149 12667 
4141 6105 1799 1768 2642 33 8230 12959 

3210 3138 880 13457 135 10539 5149 11400 
4141 5494 7457 1768 2377 33 8230 13196 

3210 3138 880 18361 135 10539 5149 11400 
4141 5494 7457 1768 2377 33 8230 16876 

3603 3138 880 17636 135 10539 5149 10259 
4141 5494 6711 1768 4139 33 8230 17188 

7801 11874 7399 12870 1389 12758 3937 6057 
9789 15324 12153 5078 6943 4719 6827 14522 

14520 8654 8012 14922 3735 8368 11790 4414 
8809 20638 11112 3701 5623 6139 8576 19767 

14551 9709 4253 10877 3297 4939 9147 8220 
5778 18141 8013 1965 4282 8457 9129 17790 

-2 -3 150 59 12 -2 -3 683 
-1 21 -1 -1 0 -1 1179 24 

0 0 1 -1 1 8 0 -2 
-1 1 9 2 -1 9 7 2 

-3 -3 -4 -3 -4 -5 -1 -5 
7 -1 -1 -1 -1 -1 0 -1 

-2 1403 -3 -3 -4 -5 -1 4281 
6006 -1 -1 8999 -1 -1 0 -1 

1440 2459 -3 1637 2406 5621 841 2779 
8796 4877 2428 13349 2491 3179 0 -1 

5766 19321 6663 3988 2406 5985 445 8326 
7124 9199 13560 11351 1470 9301 1061 2998 

5766 17388 6663 6366 2406 5985 445 8326 
7124 9199 13560 11351 1322 23370 1061 2998 

13110 9709 4253 10877 3297 4939 9147 8220 
25200 18141 8013 1965 4282 8457 9129 17790 

-2 -2 -2 -2 -2 -3 -2 -2 
-1 -1 -1 -1 -1 -1 -1 -1 

-2 -2 -2 -2 4998 -3 -2 -2 
-1 -1 -1 2999 -1 -1 -1 -1 

-2 -2 -2 -2 5086 -3 -2 -2 
-1 -1 -1 4699 -1 -1 -1 -1 

-2 9998 -2 -2 5086 -3 -2 -2 
1999 -1 -1 4699 -1 -1 -1 -1 

-2 10468 -2 -2 5086 -3 -2 -2 
6799 -1 -1 4699 -1 -1 -1 -1 

-2 16087 -2 -2 5086 -3 -2 -2 
10119 -1 -1 4699 -1 -1 -1 -1 

-2 21978 -2 -2 5086 -3 -2 -2 
12107 -1 -1 4699 -1 -1 -1 -1 

1123 26659 -2 -2 5086 -2 2697 -2 
16896 -1 2428 7655 -1 -1 -1 -1 

1123 31493 -2 -2 5086 -2 2697 -2 
18206 -1 2428 7655 -1 -1 -1 -1 

1123 31915 -2 -2 5086 -2 2697 -2 
21385 -1 2428 7655 -1 -1 -1 -1 

-3 -3 -2 -2 -2 -3 37 -2 
-1 -1 -1 48 -1 -1 -1 -1 

-3 -2 -2 7831 -2 -3 33 -2 
-1 -1 6999 43 -1 -1 1999 -1 

-3 -2 -2 8159 -2 -3 33 -2 
-1 -1 8299 38 -1 -1 1999 -1 

-3 -2 -2 12343 -2 -3 33 -2 
-1 -1 14469 34 -1 -1 1999 -1 

370 2 46 90 82 6 1108 1071 
-1 7 1365 776 6 102 -1 1150 

370 2 46 90 82 6 1108 1071 
-1 7 1365 776 6 102 -1 1150 

1333 0 937 71 642 647 996 865 
-1 5 1228 3985 2004 2496 -1 1150 

1333 0 937 71 3077 582 996 865 
-1 5 1228 3985 2004 2496 1999 1150 

1333 0 937 71 2769 5061 996 865 
4999 5 1105 3985 1622 2246 1999 3035 

1333 0 937 71 2769 11221 996 865 
4999 5 1105 3985 1622 2246 1999 6731 

641 118 647 184 431 -5 -7 13 
1547 812 -1 -1 1274 859 74 -1 

641 6356 647 184 431 -5 -7 13 
1547 812 -1 -1 6146 859 74 -1 

641 6356 582 184 431 -5 3493 11 
1392 730 -1 -1 17378 859 66 -1 

641 10720 582 184 431 -5 3493 11 
1392 730 -1 -1 18640 859 66 -1 

431 973 42 1075 408 598 3814 13 
120 1060 493 481 175 334 1587 2431 

431 875 42 1075 408 598 3814 13 
120 1060 493 481 157 334 1587 2431 

431 6620 42 1075 408 598 10099 13 
120 1060 493 481 10427 334 1587 2431 

431 8958 42 1075 408 598 8179 11 
107 1060 493 481 13845 334 1428 2431 

431 13062 42 1075 408 598 11111 7 
107 1060 493 6432 11214 2270 1428 2431 

431 13062 42 1075 408 598 13571 10005 
107 1060 493 10788 12092 2042 1428 2431 

431 13062 42 1075 408 598 13571 10005 
107 1060 493 10788 12092 2042 1428 2431 

66 1034 610 241 887 926 968 1088 
4 802 46 1309 5761 161 3191 363 

59 1034 548 5444 887 832 968 1088 
4 721 41 8178 5184 144 3191 363 

-2 -2 -2 -2 -2 -2 -2 -2 
-1 -1 -1 -1 -1 -1 -1 -1 

948 676 1295 4242 1944 605 3691 711 
0 648 2144 9561 3298 3933 1525 2667 

948 608 1295 4242 1944 605 3691 711 
0 648 2144 9561 3298 3933 1372 2667 

948 4638 1295 4242 1944 605 6821 711 
0 648 2144 9561 9968 3933 10234 2667 

948 9174 1295 4242 1944 605 6821 711 
0 648 2144 9561 9968 3933 12210 2667 

948 9174 1295 4242 1944 605 6821 711 
0 648 2144 9561 9968 3933 12210 2667 

948 14506 1295 4242 1944 605 6138 711 
0 648 2144 9561 8971 3933 15989 2667 

852 13055 1165 3434 3416 605 6138 711 
0 2324 2144 8604 8971 3539 15989 2400 

766 11749 1165 2781 8074 605 6138 711 
0 9091 2144 7743 8971 3184 15989 2159 

-2 -2 -2 -2 -2 -2 -2 -2 
-1 -1 -1 -1 -1 -1 -1 -1 

-2 -2 -2 -2 3033 -2 -2 -2 
-1 -1 -1 -1 -1 -1 16999 -1 

5430 8287 618 3281 7499 1438 4244 303 
1619 5943 10130 5723 3860 1521 5695 4338 

8887 8287 618 3281 7499 1438 4244 303 
1619 9348 10130 5723 3860 1521 5695 4338 

1877 1424 800 242 62 827 3828 2282 
20 216 950 2982 3072 1192 1422 930 

1877 1424 800 242 55 827 4120 3688 
15 216 950 2982 3072 1192 10396 930 

73 182 3 116 85 22 32 3 
43 258 251 107 8 18 73 118 

73 182 3 116 85 22 32 4169 
43 258 251 107 8 18 5065 118 

1691 1037 7087 156 23 5833 2789 4260 
2924 3057 560 2606 3472 1321 7343 3990 

1691 7599 7087 415 23 5833 2789 4260 
2924 3057 4504 2606 3472 6188 7343 3990 

1521 4485 6377 1525 4510 3097 2031 1831 
2368 3423 2153 1709 2530 5517 3901 2355 

1521 4485 6377 6372 4510 3097 2031 1831 
2368 3423 2153 1709 2530 7965 3901 2355 

18 130 877 558 11 -13 -7 1599 
1480 136 147 44 3 5 2179 1202 

750 2797 5173 2893 8021 2737 8884 2858 
1018 3685 1620 2534 3247 5532 4678 1012 

750 2797 5173 2893 7218 2737 12995 6814 
3524 6316 1620 2534 3247 5532 4678 910 

750 2797 5173 2893 10662 2737 15695 6132 
11171 5684 1620 2534 3247 5532 4678 5819 

750 2797 5173 2893 10662 2737 20792 6132 
14053 5684 1620 2534 3247 5532 4678 5819 

750 2797 5173 2893 10662 2737 20792 6132 
14053 5684 1620 2534 3247 5532 4678 5819 

185 1198 1177 731 4052 1451 7244 1258 
2891 946 626 714 1543 2380 1466 1654 

2 254 999 1667 359 6 58 46 
-1 1701 34 963 -1 476 135 1905 

2 254 999 1667 5323 6 58 46 
-1 1701 3030 963 -1 476 135 1905 

-2 5 458 249 163 101 432 68 
151 1276 58 518 76 96 217 285 

-2 5 458 249 163 7590 432 68 
151 1276 58 518 76 96 217 3256 

-2 5 458 249 163 12664 432 68 
151 1276 58 518 76 96 217 9930 

-2 5 5412 5224 163 12664 432 68 
151 1276 58 518 76 3086 217 10937 

-2 5 6120 5773 146 12664 432 68 
151 1276 52 518 76 5777 217 11843 

-2 5 5507 10195 146 12664 432 68 
151 1276 52 518 76 12199 217 10658 

4997 2 2925 6687 1445 9230 280 47 
2539 1033 1342 419 44 7633 195 4586 

4997 2 2925 11018 1445 9230 280 47 
2539 1033 1342 419 44 8869 195 4586 

1895 441 4287 78 2 0 18 7520 
6287 268 16 -1 3678 3 23 3009 

1705 5857 4287 55 0 1153 18 7520 
8658 5616 16 -1 3310 2 3659 3009 

1534 9243 4287 49 0 6037 18 7520 
10792 6348 16 -1 3310 2 3292 3009 

1534 18736 4287 49 0 5433 18 7520 
9712 12713 16 -1 3310 2 8962 3009 

1534 18736 4287 49 0 5433 18 7520 
9712 12713 16 -1 3310 2 8962 3009 

1242 15175 4287 49 0 10889 3016 7520 
9712 12713 14 5999 3310 3001 8065 2436 

1242 15175 4287 49 0 10889 8714 7520 
9712 12713 14 5999 3310 8700 8065 2436 

-3 0 23 78 134 140 6 28 
48 55 61 -1 323 -1 118 68 

1242 13654 4287 49 0 9799 9509 7520 
9712 12713 14 5398 3310 9830 8065 2192 

7369 7707 4110 56 2822 5049 3597 388 
1834 35 11555 2185 2961 3968 6818 6358 

5474 7049 3698 3818 9507 4087 2120 204 
4021 1645 8280 3289 3747 3962 5522 5149 

20733 12778 5590 23 4735 6426 3383 4619 
17404 11264 2660 14435 2280 11520 7499 9209 

-3 24 266 -3 -3 -3 -2 -3 
-1 -1 -1 160 -1 -1 -1 -1 

0 1 2 1796 -2 -3 -2 -3 
14 3 0 2 4 0 -1 1799 

0 1 2 5621 1998 -3 -2 -3 
5012 3 0 2 14003 0 -1 1799 

2699 5985 9555 6090 8913 6229 576 7209 
8103 11719 10178 4907 14414 7361 -1 8409 

2185 7097 8967 4932 7218 6301 576 15838 
10032 10546 8243 3576 8510 8087 -1 8409 

2185 7097 8070 4932 7218 7992 576 15838 
19825 10546 8243 3576 8510 8087 -1 8409 

-2 -2 -2 -2 -2 -2 -2 -2 
-1 -1 -1 -1 -1 -1 -1 -1 

20733 12778 5590 23 4276 6426 3383 4619 
17404 11264 2660 32991 2280 11520 7499 9209 

20733 12778 5590 4020 4276 6426 3383 4619 
17404 11264 6394 32991 2280 11520 7499 9209 

20733 12778 5590 4206 4276 6426 3383 4619 
17404 11264 7754 32991 2280 11520 7499 9209 

20733 12778 5590 8785 4276 6426 3383 4619 
17404 11264 8978 32991 2280 11520 7499 9209 

20733 12778 5590 9692 4276 6426 3383 4619 
17404 11264 13080 32991 2280 11520 7499 9209 

20733 12778 5590 16222 4276 6426 3383 4619 
17404 11264 14772 32991 2280 11520 7499 9209 

20733 12778 5590 22099 4276 6426 3383 4619 
17404 11264 16294 32991 2280 11520 7499 9209 

15712 12778 4074 20159 5723 6426 3383 4156 
17404 12123 27298 32991 1661 9330 5466 8287 

15712 12778 4074 24809 5723 6426 3383 4156 
17404 12123 28568 32991 1661 9330 5466 8287 

16833 12778 4074 24809 5723 6426 3383 4156 
17404 12123 32711 32991 1661 9330 5466 8287 

542 178 598 15 850 190 2 -5 
32 547 908 422 152 4 -1 1359 

542 178 598 5013 850 190 3001 -5 
28 2492 908 422 2136 4 -1 1359 

542 178 598 4511 850 190 3330 -5 
25 2242 908 422 3922 4 -1 1359 

542 178 598 4059 850 190 7197 -5 
22 2017 908 422 9529 4 -1 1359 

-2 -2 -2 -3 -2 94 -2 -3 
-1 41 -1 10 -1 -1 5 -1 

-2 -2 -2 -3 -2 94 -2 -3 
-1 41 -1 10 -1 -1 5 -1 

248 -3 360 -6 657 214 -7 40 
362 999 241 1500 -1 1179 -1 -1 

223 -3 360 -6 657 214 -7 2036 
362 999 241 1349 -1 1179 1999 -1 

3057 -2 360 -6 657 214 -6 6148 
362 999 241 4223 -1 1179 7018 -1 

3057 -2 360 -6 657 3525 -6 6148 
362 999 241 5800 -1 1179 7018 -1 

-3 -4 747 -3 -2 601 -2 -3 
-1 32 1999 10 -1 -1 2003 -1 

-3 -4 7338 -3 -2 601 -2 -3 
3999 32 1999 10 -1 -1 2003 -1 

4497 -4 8747 7164 -2 2540 -2 9997 
10639 3028 1999 2009 -1 -1 5509 1999 

4497 -4 12872 7164 -2 2540 -2 9997 
12575 3028 1999 2009 -1 -1 5509 1999 

1209 3012 74 29 33 2438 536 1158 
348 209 2149 1682 626 127 631 1195 

1209 3012 74 29 29 2438 536 1158 
313 209 2149 1682 626 127 631 1195 

1209 3012 74 29 5651 2438 536 1158 
9281 209 2149 1682 626 127 631 1195 

1209 3012 66 29 7031 2438 3559 1158 
20917 209 2149 1513 626 114 631 1195 

1209 3012 5059 29 8394 2438 2882 1158 
19642 209 2149 3361 626 102 567 1195 

1209 3012 5059 29 10889 2438 6343 1158 
27910 209 2149 3361 626 91 567 1195 

1209 3012 5059 29 10889 2438 6343 1158 
27910 209 2149 3361 626 91 567 1195 

873 553 492 -2 566 70 1051 1066 
4187 11 523 621 38 2439 54 2521 

873 553 5442 -2 509 3056 1051 958 
4187 8408 470 621 38 2439 48 2268 

-2 -2 -2 -2 -2 -2 -2 34 
7 -1 -1 -1 -1 -1 -1 -1 

243 1289 1444 171 3984 401 4974 289 
4268 611 490 1300 216 3533 92 1523 

-2 -2 -2 -2 -2 -2 -2 -2 
-1 -1 -1 -1 -1 -1 -1 -1 

-2 -2 -2 -2 -2 -2 -2 -2 
-1 -1 -1 -1 -1 -1 -1 -1 

2810 -2 -2 -2 -2 4998 -2 -2 
-1 -1 8999 5999 -1 -1 -1 -1 

2810 -2 -2 -2 -2 11998 -2 -2 
-1 -1 8999 8399 -1 -1 -1 -1 

2810 -2 -2 -2 -2 11998 -2 -2 
-1 -1 8999 8399 -1 -1 -1 -1 

9195 -2 -2 -2 -2 14464 -2 -2 
-1 -1 12099 18559 -1 -1 -1 -1 

570 6588 4528 7183 241 4834 3785 4405 
6084 9176 6373 1949 3102 2012 1772 2883 

461 6588 4528 7183 241 9906 3406 3964 
5475 8258 5735 11754 3102 1810 1772 2883 

459 6588 4528 6464 241 6017 3406 6464 
6727 8258 5735 3754 3102 1810 1772 2883 

2999 6588 4528 6464 241 6017 3406 6464 
21054 8258 5735 3754 3102 1810 1772 2883 

6876 4320 1751 9373 3468 3550 6955 2248 
9276 6128 6840 2736 1334 6739 1161 3601 

6876 4320 1751 9373 3468 3550 10009 2248 
11348 6128 6840 2736 1334 6739 1161 3601 

187 160 22 205 53 18 220 58 
120 122 169 38 35 197 17 51 

187 1466 17 205 705 18 220 58 
120 4109 151 34 31 197 15 5045 

1697 4562 2663 8144 6035 3 4357 2741 
5630 4953 109 13 1477 1416 2632 13820 

6527 4562 2663 8144 6035 3 4357 2741 
5630 4953 109 3011 1477 1416 2632 13820 

2272 102 144 1840 1631 8 61 543 
120 2374 388 3911 306 94 1 339 

93 -9 0 207 53 -16 -17 147 
250 487 20 428 9 3 -1 20 

93 -9 0 207 53 260 -17 7632 
250 5438 20 428 9 3002 -1 20 

74 -7 -1 69 47 1305 -12 7054 
163 4522 2009 251 3 1594 -1 14 

74 -7 -1 69 47 6174 -12 11348 
163 8069 2009 251 3 3434 -1 14 

3682 2182 1616 6462 29 4945 -5 5353 
1682 3587 4389 2009 0 2949 -1 2249 

707 1321 1266 1099 2147 -4 4166 3 
3186 403 -1 25 4675 -1 6255 508 

5636 1188 1266 1099 6932 -4 4166 3 
3186 403 -1 3022 4675 -1 9066 508 

10072 1068 1266 1099 12905 -4 10416 5002 
3186 403 -1 12747 4675 -1 11343 4457 

15731 1068 1266 1099 12905 -4 10416 5002 
3186 403 -1 15472 4675 -1 11343 4457 

15731 1068 1266 1099 12905 -4 10416 5002 
3186 403 -1 15472 4675 -1 11343 4457 

3994 330 352 422 3148 -7 2377 1565 
1233 73 -1 4368 1628 -1 2898 667 

121 56 10 569 11 49 72 124 
69 134 32 406 -1 71 84 34 

121 56 10 569 11 49 7564 124 
69 134 32 406 -1 3063 84 34 

48 41 -4 6486 3 85 136 16 
385 1199 -1 24 35 1443 119 1348 

48 41 -4 6486 3 85 6122 16 
385 1199 -1 24 35 1443 6107 1348 

7543 41 -4 6486 3002 85 12176 16 
385 1199 -1 24 3031 1443 9496 4213 

6788 41 -4 6486 7701 85 14291 16 
385 1199 -1 24 4727 1443 10546 3791 

6788 41 1663 6486 19229 4245 14291 16 
385 3079 3799 24 6254 3298 12491 5411 

6788 41 1663 6486 21575 7938 14291 16 
385 3079 6676 24 5628 3298 20241 5411 

7152 32 1088 9254 13895 4595 11574 1506 
3710 3129 3546 21 4102 3848 13279 5744 

7152 32 1088 13328 13895 4595 11574 1506 
3710 3129 3546 21 4102 3848 13279 7169 

-2 -2 -2 -2 -2 -2 -2 0 
0 -1 -1 -1 -1 -1 -1 -1 

1152 -2 -2 -2 1108 -2 3748 0 
5399 2999 -1 -1 -1 -1 -1 1998 

3814 -2 -2 -2 1108 -2 8373 0 
7859 7699 -1 -1 -1 -1 -1 1798 

8432 -2 -2 -2 1108 -2 8373 0 
7859 13929 -1 -1 -1 -1 -1 1798 

16 489 12 -3 -2 569 -3 -3 
-1 216 15 -1 -1 298 -1 9 

16 489 12 -3 -2 569 -3 -3 
-1 216 15 -1 -1 298 -1 9 

3764 489 12 -2 -2 5512 3372 7997 
-1 2194 15 2999 3238 298 -1 5707 

3764 489 12 -2 -2 10960 3372 7997 
-1 2194 15 2999 8914 298 -1 5707 

3764 489 12 -2 -2 9722 3034 7997 
-1 2194 15 2999 8914 241 2698 5707 

3387 439 6673 3748 2913 12110 7730 7196 
-1 5974 10 12699 11022 8595 7925 7400 

-2 -2 -3 -2 -3 -2 -2 -2 
-1 -1 -1 -1 -1 -1 -1 -1 

-2 -3 1026 -2 -2 -2 -3 -2 
-1 -1 -1 141 -1 -1 -1 -1 

-3 1522 3782 14128 1341 6248 10920 -2 
3766 6998 7983 73 3279 11494 2439 4243 

4009 3049 3062 14443 1085 5710 9825 -3 
3050 8341 6695 3187 4010 8378 2194 3816 

4009 3049 3062 14443 1085 5710 8857 -3 
22745 8341 6695 3187 4010 8378 2194 3816 

-3 -2 -3 4 -6 -2 2 0 
4 4 0 1 0 5 -1 2 

82 -6 -5 432 82 -6 -6 1345 
-1 4885 -1 -1 416 814 48 -1 

4232 -6 -5 432 2073 -6 -6 1345 
-1 4885 13999 -1 374 814 5043 -1 

3997 4280 5461 6132 6108 2310 764 1449 
-1 4395 12272 3076 3962 7257 7538 2698 

4807 3466 4422 7169 6740 2078 687 5449 
-1 3559 12640 5437 5317 4760 5494 2428 

4326 3466 4422 7169 8097 2078 687 5449 
-1 3559 24376 5437 4785 4760 5494 2428 

-2 -2 -2 -2 -2 -2 -2 -2 
-1 -1 -1 -1 -1 -1 -1 -1 

0 3342 2216 960 4555 324 1577 33 
-1 2246 1059 19 4 3795 332 932 

0 3342 2216 5030 4555 324 1577 33 
-1 2246 5953 19 4 3795 332 932 

0 3342 2216 5103 4555 324 1577 33 
-1 2246 8357 19 4 3795 332 932 

0 3342 2216 14592 4555 324 1577 33 
-1 2246 9521 19 4 3795 332 932 

0 3342 2216 14382 4555 324 1577 33 
-1 2246 11568 19 4 3795 332 932 

0 10507 2216 14382 4555 324 1577 33 
-1 2246 13411 19 4 3795 332 932 

0 16956 2216 14382 4555 324 1577 33 
-1 2246 15069 19 4 3795 332 932 

0 19427 1614 16521 6099 8262 2398 29 
-1 7867 18562 1815 2 5415 268 2554 

0 24150 1614 16521 6099 8262 2398 29 
-1 7867 20705 1815 2 5415 268 2554 

0 23610 1614 16521 6099 8262 2398 29 
-1 7867 21634 1815 2 5415 268 2554 

-2 1 -2 -2 5 -2 3 -2 
3 -1 -1 -1 -1 -1 0 -1 

