4533 3643 8998 5760 3325 -1 1470 10653 
0 1619 2186 3935 10918 14666 13384 1619 

84 0 0 113 38 0 0 0 
0 1799 0 0 2000 0 1619 0 

-4 2994 -4 -5 1635 -4 165 -4 
-1 -1 1998 -1 1060 -1 -1 298 

-3 -3 -4 -2 -3 -2 -4 -3 
-1 -1 -1 -1 -1 -1 -1 -1 

1411 197 4593 265 1686 298 42 16 
18 1127 2280 84 836 2304 15 41 

-5 -5 -6 54 1314 -3 -4 805 
-1 -1 -1 -1 -1 930 -1 1618 

12219 2135 9926 11934 4387 9272 11769 10527 
9582 10059 10371 7288 9928 7899 -1 16169 

-2 -2 -2 -2 -2 -2 -2 -2 
-1 -1 -1 -1 -1 -1 -1 -1 

-2 -2 -3 -2 -2 -3 -2 -3 
-1 -1 -1 -1 -1 -1 -1 -1 

94 394 181 164 152 165 199 -2 
1456 6526 5013 3950 3418 4712 1456 2491 

-2 -2 -3 -3 -3 -2 -2 -3 
-1 -1 -1 -1 -1 -1 -1 -1 

335 179 94 237 129 113 3313 837 
283 511 278 396 1998 -1 99 1208 

-5 -5 -5 81 -6 -5 -4 -4 
-1 -1 -1 -1 -1 -1 -1 141 

-4 1795 11097 13191 5098 2984 14146 1577 
11246 6399 11042 13229 5207 6698 9840 15582 

-3 2 4 -3 4 -2 -3 -3 
-1 -1 15 -1 0 -1 -1 4 

-2 -2 -2 -2 -2 -2 -2 -2 
-1 -1 -1 -1 -1 -1 -1 -1 

54 355 -2 280 90 361 83 116 
1618 3554 1999 6189 1999 5969 1179 -1 

-3 -3 -3 -4 -4 -3 -4 -3 
-1 -1 -1 -1 -1 -1 -1 -1 

733 153 121 127 159 5947 96 149 
-1 215 1632 1168 126 549 987 240 

167 -4 -5 157 -6 -5 -4 -4 
-1 -1 -1 48 192 -1 -1 -1 

2396 4496 1781 5338 5121 9622 10464 12253 
5398 9469 6498 1488 12029 6176 4429 4799 

-2 -2 -2 -3 -3 -2 -3 -2 
-1 -1 -1 -1 -1 -1 -1 -1 

-3 286 72 -3 -4 -3 -3 1514 
-1 43 -1 -1 127 -1 38 506 

83 328 33 47 79 166 154 890 
2769 1834 1456 -1 2559 3076 1333 331 

-2 -2 -2 -2 -2 -2 -2 -2 
-1 -1 -1 -1 -1 -1 -1 -1 

263 1664 4530 361 99 52 1677 656 
10 2949 137 33 245 148 1812 730 

1765 830 188 1323 -4 650 -4 -4 
-1 1060 268 859 0 -1 -1 1415 

3654 671 14564 2179 -4 8413 9101 -3 
-1 9362 6225 15995 17323 6478 5699 20430 

190 -3 830 125 -3 -3 -3 938 
-1 316 -1 157 -1 954 -1 -1 

-2 -2 -2 -2 -2 -2 -2 -2 
-1 -1 -1 -1 -1 -1 -1 -1 

-2 -2 172 -2 -2 86 63 -2 
1618 -1 1999 -1 1798 1456 -1 -1 

-2 -2 -2 -2 -2 -3 -2 -2 
-1 -1 -1 -1 -1 -1 -1 -1 

62 77 15 79 21 63 49 432 
9 318 38 14 8 115 18 411 

-4 -4 -4 -4 125 693 4 -5 
-1 1068 -1 16 -1 -1 15 92 

6583 10583 4856 2092 9760 12453 6825 4838 
5830 12582 21627 8776 8850 3076 3639 7177 

-3 -3 1072 -3 -3 -3 1965 -3 
-1 -1 562 -1 -1 -1 -1 954 

-2 -2 -2 -3 -3 -2 -2 -2 
-1 -1 -1 -1 -1 -1 -1 -1 

73 -2 159 -2 -2 -2 -2 -2 
-1 -1 3076 -1 -1 1798 -1 -1 

-2 -2 -2 -2 -2 -2 -2 -2 
-1 -1 -1 -1 -1 -1 -1 -1 

44 1813 374 741 75 170 78 572 
23 3350 202 277 7 315 26 67 

-4 866 -4 -4 2182 813 -5 -4 
-1 859 1798 -1 -1 -1 -1 625 

5702 18048 11057 10984 14057 9142 14618 3746 
8098 10660 12937 19432 7161 9959 20515 8554 

-3 -2 -3 -3 402 -3 -3 -3 
-1 -1 157 -1 1 -1 -1 -1 

-3 -2 -3 -2 -2 -2 -3 -2 
-1 -1 -1 -1 -1 -1 -1 -1 

-38 59 -29 211 44 -6 -26 248 
3799 1456 1999 -1 3076 1618 1798 1179 

-2 -2 -2 -2 -2 -2 -2 -2 
-1 -1 -1 -1 -1 -1 -1 -1 

233 49 584 2695 213 682 20 125 
91 723 313 440 845 744 37 935 

18 -5 492 -3 -5 10 211 -4 
-1 -1 962 -1 -1 409 59 -1 

9151 18415 2893 9769 2321 10912 4027 4482 
-1 5207 17938 16295 6964 7827 4412 25981 

-2 -2 -2 -2 -2 -2 -2 -2 
-1 -1 -1 -1 -1 -1 -1 -1 

-2 -3 -3 288 216 -3 -3 -3 
-1 92 -1 -1 -1 175 -1 8 

-2 -2 -2 -3 -2 -2 -3 -3 
-1 -1 -1 -1 -1 -1 -1 -1 

-2 197 70 209 269 -2 251 -3 
4389 59 3419 1456 1999 1941 1999 2007 

48 291 -5 95 760 138 789 71 
275 544 78 254 332 91 83 542 

0 -5 0 1598 -6 -4 6 -4 
-1 0 -1 -1 -1 1316 -1 -1 

3636 10554 1517 8479 -5 5043 5563 5415 
5668 5426 10381 -1 6049 25931 5651 6499 

-2 -2 -2 -2 -3 -3 -2 -2 
-1 -1 -1 -1 -1 -1 -1 -1 

-3 -3 -3 -4 -2 -3 -3 -3 
-1 -1 -1 -1 -1 -1 -1 -1 

-3 -33 -2 -4 81 -3 89 -2 
-1 -1 -1 -1 3799 -1 -1 -1 

-2 -2 -2 -2 -2 -2 -2 -2 
-1 -1 -1 -1 -1 -1 -1 -1 

113 317 -3 48 483 1472 111 1074 
382 373 2344 748 791 402 -1 247 

2955 -5 -2 -4 -5 4 180 -4 
-1 626 684 8 -1 -1 -1 802 

4162 6836 -2 2693 4347 3783 2349 4344 
14696 3563 6118 2365 -1 10727 8098 8832 

-2 -2 -2 -2 -2 -2 -2 -2 
-1 -1 -1 -1 -1 -1 -1 -1 

-2 -2 -2 -2 -2 -2 -2 -2 
-1 -1 -1 -1 -1 -1 -1 -1 

-2 -2 75 -2 123 -2 70 -2 
-1 -1 -1 -1 3419 -1 -1 1999 

-4 -3 -3 -3 -2 -3 -3 1325 
-1 -1 -1 -1 -1 -1 -1 772 

1178 -4 7294 501 234 1860 -2 341 
155 1203 28 3513 838 147 -1 1485 

-4 -5 -4 -5 -4 -6 359 -1 
-1 -1 -1 506 5 -1 -1 0 

1190 1836 2601 6321 -3 1631 8530 2698 
14101 2698 13849 15218 2002 7499 3619 3599 

-3 -3 -2 -3 -2 -2 -2 -3 
-1 -1 -1 -1 -1 -1 -1 -1 

-2 -2 -2 -2 -2 -2 -2 -2 
-1 -1 -1 -1 -1 -1 -1 -1 

-2 -2 -2 75 155 -2 51 76 
1798 1310 -1 3419 -1 -1 1456 -1 

-5 -4 -3 -3 -4 -3 -3 -3 
-1 -1 -1 -1 -1 -1 -1 -1 

339 288 219 633 299 560 295 142 
43 1027 622 212 1257 422 115 396 

-1 -5 -5 -2 -5 -3 -5 -4 
-1 -1 -1 -1 -1 0 -1 -1 

5271 4296 -5 2184 1795 -3 -4 1836 
13776 6049 1456 3238 -1 10096 2998 3799 

-3 420 -3 -2 1636 -4 -3 -2 
1179 175 -1 -1 -1 -1 -1 -1 

-2 -2 -3 2 -3 -2 -3 -3 
-1 -1 -1 -1 -1 0 -1 -1 

73 68 -3 1 85 94 -2 -2 
1798 2769 1999 -1 -1 0 -1 -1 

-2 -2 -2 -2 -2 -2 -2 -2 
-1 -1 -1 -1 -1 -1 -1 -1 

336 622 1618 379 1337 64 1434 2260 
59 1315 485 1672 80 1189 37 2175 

-5 -5 593 -5 4143 -6 -4 676 
-1 -1 954 4184 -1 -1 -1 -1 

9762 6815 4360 -19 6212 -5 1506 440 
-1 8020 14710 15835 8746 11273 -1 7291 

-2 -3 -2 -3 -2 -2 -3 -2 
-1 -1 -1 -1 -1 -1 -1 -1 

-2 -2 -2 -2 -2 -2 -2 -2 
-1 -1 -1 -1 -1 -1 -1 -1 

-2 -2 62 88 -2 -2 62 -2 
1618 -1 -1 -1 -1 1798 1618 -1 

-3 -3 -2 -2 -3 -3 -3 -3 
-1 -1 -1 -1 -1 -1 -1 -1 

1027 140 6 18 190 246 -4 -3 
492 276 130 402 151 76 -1 445 

-5 -4 -5 -5 -4 -4 -4 -5 
-1 -1 -1 -1 -1 -1 -1 -1 

2381 -3 5949 6162 12039 1796 9882 1928 
-1 36480 3767 7831 5830 1966 3463 15253 

-2 -2 -2 -2 -2 -3 -3 -3 
-1 -1 -1 -1 -1 -1 -1 -1 

-3 -3 -3 -3 -3 -3 -2 -3 
-1 -1 -1 -1 -1 -1 -1 -1 

-2 -2 -2 -2 -2 -2 -2 -2 
-1 -1 -1 -1 -1 -1 -1 -1 

57 -50 -2 43 83 -36 67 53 
1618 1618 -1 1618 -1 1618 -1 1456 

79 816 60 198 5 0 82 774 
0 522 175 67 901 84 8 763 

-5 -4 153 1265 660 -5 -5 -4 
695 -1 1472 -1 -1 -1 -1 -1 

9995 8794 12656 7437 2533 -14 9558 4147 
4961 7739 6613 6839 9151 27791 16654 20684 

-2 -2 -2 -2 -2 -2 -3 -2 
-1 -1 -1 -1 -1 -1 -1 -1 

-3 -3 -3 -1 -3 -3 -3 -3 
-1 -1 -1 -1 -1 -1 -1 -1 

95 -2 64 -1 68 -2 -2 -2 
1618 -1 -1 1999 -1 -1 1456 -1 

-2 -2 -2 -2 -2 -2 -2 -2 
-1 -1 -1 -1 -1 -1 -1 -1 

175 4231 369 522 102 -3 383 2713 
23 880 1167 249 -1 1219 131 1028 

-3 -5 -6 -4 -6 -4 -4 1300 
-1 -1 -1 -1 -1 -1 -1 1769 

6342 4318 -4 8106 -5 -4 2757 20928 
2698 6048 8017 -1 1456 5199 18296 15577 

-3 -2 -2 -2 -2 -2 -2 -3 
-1 -1 -1 -1 -1 -1 -1 -1 

454 -4 -3 -2 -3 -3 -3 -3 
-1 -1 175 -1 -1 -1 -1 -1 

408 -3 -3 -2 -2 -2 159 -37 
-1 -1 1550 -1 -1 1798 -1 -1 

-2 -2 -2 -2 -2 -2 -2 -2 
-1 -1 -1 -1 -1 -1 -1 -1 

161 337 454 135 42 27 740 96 
100 430 1252 951 314 365 67 84 

-5 -5 -5 -4 -4 880 -4 1117 
-1 1815 -1 -1 1618 -1 -1 -1 

2020 4995 3544 2021 -3 712 6264 904 
-1 6992 12526 2698 7622 1618 -1 11089 

-2 -2 -2 -2 -2 -2 -2 -2 
-1 -1 -1 -1 -1 -1 -1 -1 

-2 -2 -2 -2 -3 -3 -2 -3 
-1 -1 -1 -1 -1 -1 -1 -1 

41 -2 78 -2 -2 -3 -2 -2 
-1 -1 -1 -1 1310 -1 -1 1798 

-3 -3 -3 -3 -3 -3 -3 -3 
-1 -1 -1 -1 -1 -1 -1 -1 

937 653 21 238 2 207 146 346 
91 527 444 46 274 1019 230 923 

724 123 -6 -4 148 -4 -4 -4 
-1 54 4 -1 -1 331 -1 1060 

5230 6080 8645 8526 5170 10646 6521 9906 
-1 21549 3647 11729 1999 19767 12675 9142 

-2 -2 -2 -2 -2 -3 -2 -3 
-1 -1 -1 -1 -1 -1 -1 -1 

-3 -3 0 -3 -3 -4 -3 -2 
-1 -1 -1 -1 -1 -1 -1 0 

-3 -2 428 -3 190 -4 80 142 
1798 1999 1999 1999 1798 3419 -1 3419 

-2 -2 -2 -2 -2 -2 -2 -2 
-1 -1 -1 -1 -1 -1 -1 -1 

361 197 1449 1721 700 -3 1722 5 
-1 955 -1 92 2290 55 33 311 

-4 -4 -4 -4 -5 2424 659 -6 
-1 1160 -1 -1 -1 954 -1 -1 

2789 4255 8625 3489 7191 7991 12054 3118 
12593 4284 3999 14242 -1 13504 -1 11491 

155 938 -3 -3 -3 560 -2 -3 
-1 353 -1 -1 155 -1 -1 409 

-3 -3 -3 -2 -3 -2 -2 -2 
-1 -1 -1 -1 -1 -1 -1 -1 

48 -2 -3 -2 -2 -2 90 -2 
1999 -1 -1 -1 -1 -1 -1 1798 

-2 -2 -2 -2 -2 -2 -2 -2 
-1 -1 -1 -1 -1 -1 -1 -1 

95 1179 908 -1 1053 -4 49 128 
7 250 1162 1612 -1 211 8 988 

-6 -6 224 -5 -6 -5 -5 -5 
-1 -1 -1 -1 -1 -1 -1 194 

3017 2695 1680 -4 -5 -4 2553 3371 
-1 9916 -1 1798 -1 -1 -1 22485 

-2 -2 -2 -2 -2 -2 -2 -2 
-1 -1 -1 -1 -1 -1 -1 -1 

-2 -2 -2 -2 -2 -2 -2 -2 
-1 -1 -1 -1 -1 -1 -1 -1 

-2 -2 -2 279 -2 70 69 82 
-1 1999 1798 1618 -1 1999 1798 1310 

-3 -3 -3 -3 1 1454 -4 -2 
1179 -1 -1 0 -1 -1 -1 -1 

430 21 72 221 220 1025 300 304 
54 208 160 187 516 695 -1 440 

-5 -2 -4 -3 -4 0 31 -5 
-1 -1 -1 -1 -1 10 -1 4 

4649 5791 4329 4997 -4 1349 4524 1210 
2698 2999 -1 -1 20386 3747 -1 18703 

-2 -3 -2 -2 -2 -3 -2 -2 
-1 -1 -1 -1 -1 -1 -1 -1 

-2 -2 -2 -2 -2 -2 -2 -2 
-1 -1 -1 -1 -1 -1 -1 -1 

76 -2 -2 62 155 73 -2 72 
-1 -1 3419 -1 3076 -1 1798 1798 

-3 -3 -2 -3 -3 -3 -3 15 
-1 -1 -1 -1 -1 -1 -1 43 

170 194 437 358 309 389 3688 38 
288 440 261 1620 263 2140 38 266 

-5 216 278 -4 829 -4 -5 -6 
-1 -1 194 695 102 -1 -1 -1 

7965 7725 164 10780 15271 1285 14812 -4 
10131 19048 2141 12368 4582 2931 17518 10319 

-3 -2 -2 -2 -2 -2 -2 -3 
-1 -1 -1 -1 -1 -1 -1 -1 

-2 -2 -2 -2 -2 -2 -2 -2 
-1 -1 -1 -1 -1 -1 -1 -1 

-2 -2 -2 96 -2 -2 70 74 
1798 -1 -1 -1 1798 -1 1999 -1 

843 -3 158 -3 -3 -2 -3 20 
-1 -1 -1 43 27 -1 4 409 

329 494 6 860 212 860 62 5308 
213 252 1060 431 339 98 25 4024 

-5 -5 45 -4 -4 0 -5 -1 
-1 134 -1 1 -1 -1 -1 -1 

5925 1482 7732 3958 5350 -2 9490 713 
16603 9021 5101 10602 3238 11071 3598 5491 

-2 -2 -2 -3 -2 -3 -2 -3 
-1 -1 -1 -1 -1 -1 -1 -1 

-3 -3 -2 -3 15 746 239 -2 
-1 774 -1 -1 -1 141 -1 12 

83 73 -2 -2 15 671 193 248 
-1 626 1798 3419 -1 102 1798 10 

-2 -2 -2 -2 -2 -2 -2 -2 
-1 -1 -1 -1 -1 -1 -1 -1 

15 39 44 143 2187 454 1093 1791 
11 100 92 2007 -1 2438 17 58 

-3 9 -2 -2 -3 -4 -5 -4 
-1 5 0 -1 10 -1 -1 -1 

7997 7542 3887 8660 9222 -4 1392 327 
16397 15034 4000 5830 10 7669 -1 12536 

1 -5 -3 -3 -3 -4 -3 -3 
-1 -1 2 -1 -1 -1 -1 -1 

-2 -2 -2 -2 -2 -2 -2 -2 
-1 -1 -1 -1 -1 -1 -1 -1 

80 101 -2 212 74 5 62 67 
3419 -1 -1 1798 1456 2769 5419 -1 

-2 -2 -3 -3 -2 -2 -3 -2 
-1 -1 -1 -1 -1 -1 -1 -1 

133 27 -1 87 70 159 4691 778 
118 155 301 1225 1469 138 45 186 

329 69 -7 -4 610 -4 -4 -4 
-1 772 127 -1 -1 114 -1 -1 

14718 9616 6709 4922 12669 8565 9890 -4 
11201 10207 12943 11601 5128 8315 11269 8398 

-3 -3 -3 -3 -3 -2 -4 -2 
-1 -1 -1 -1 -1 -1 -1 -1 

-2 -2 -2 -2 -2 -2 -2 -2 
-1 -1 -1 -1 -1 -1 -1 -1 

-2 -2 -2 -2 90 -2 61 -2 
-1 -1 -1 1798 -1 -1 1798 -1 

-2 -4 -2 -2 -3 -2 -3 -3 
-1 -1 -1 -1 -1 -1 -1 -1 

2669 -3 1514 172 -4 142 307 677 
47 690 223 197 827 460 364 1917 

-5 -5 -5 195 -5 2695 889 567 
-1 2909 298 0 -1 331 -1 -1 

3914 -18 -4 9981 3907 4122 1980 402 
5331 7812 1322 4049 -1 15990 8396 7434 

-3 -3 -2 -3 19 -4 20 2 
-1 0 -1 -1 -1 4 -1 1 

-2 -2 -2 -2 -2 -2 -2 -2 
-1 -1 -1 -1 -1 -1 -1 -1 

-2 -2 -2 -2 -72 4998 60 -2 
-1 -1 1456 -1 -1 1798 -1 -1 

-2 -3 -2 -2 -3 -2 -3 -2 
-1 -1 -1 -1 -1 -1 -1 -1 

517 731 543 2103 88 164 806 70 
45 1704 347 1410 582 293 155 1249 

1495 278 12 241 543 -7 28 -6 
-1 114 114 394 157 -1 -1 569 

3710 224 10 1883 355 2886 6986 3819 
-1 102 9102 318 18809 -1 -1 19360 

2949 -2 -4 -3 -2 -2 -4 -3 
-1 1310 -1 -1 -1 -1 -1 -1 

-2 -2 -2 -2 -2 -2 -2 -2 
-1 -1 -1 -1 -1 -1 -1 -1 

130 -2 116 -2 89 -2 -2 -2 
1798 -1 -1 1798 -1 1999 -1 1618 

-2 -3 -3 -2 -2 -2 -2 467 
-1 -1 -1 695 -1 -1 -1 -1 

29 267 296 183 2768 1321 520 968 
1281 2111 322 420 92 639 811 284 

2271 -4 -5 -3 -3 -3 -6 3820 
409 -1 455 -1 368 -1 -1 1798 

7848 -3 8018 4961 5997 9693 6295 7731 
7587 8039 9028 12335 10555 1798 10204 7857 

-2 29 -2 -2 -3 -3 -3 -2 
-1 10 -1 -1 -1 -1 -1 -1 

67 29 -2 -2 -2 -2 -2 83 
1999 6 -1 -1 -1 -1 1456 -1 

-3 292 -3 -3 -3 -2 -3 -3 
-1 -1 102 -1 -1 -1 -1 -1 

-2 -2 -2 -2 -2 -2 -2 -2 
-1 -1 -1 -1 -1 -1 -1 -1 

94 92 4 142 181 1555 129 1459 
225 65 301 108 183 582 42 900 

-3 -6 -5 652 -5 -5 -6 -4 
-1 -1 -1 -1 -1 -1 1310 -1 

11309 10836 3997 424 11672 10722 1180 14089 
4372 13359 1798 9898 9214 7137 19728 11682 

-3 -2 -2 -2 -2 -3 -2 -3 
-1 -1 -1 -1 -1 -1 -1 -1 

-2 -2 -2 -2 -2 -2 -2 -2 
-1 -1 -1 -1 -1 -1 -1 -1 

-2 64 -2 -2 82 227 103 160 
3418 2931 3076 -1 4112 -1 1798 -1 

-3 -2 -3 -3 -2 53 -2 -3 
-1 -1 -1 -1 -1 -1 127 -1 

64 2361 540 557 817 237 200 204 
2011 600 244 335 171 160 73 511 

-3 -5 -4 -4 -5 -4 18 -4 
-1 -1 -1 -1 -1 8 -1 -1 

3016 4569 8616 -4 2020 -4 4406 7831 
24688 4229 1999 -1 14079 7537 2185 8422 

-3 -3 -2 -2 -2 -1 -3 -3 
-1 -1 -1 -1 -1 -1 -1 -1 

938 -3 -4 -3 -3 -3 -3 -3 
-1 -1 695 -1 -1 -1 -1 -1 

831 85 -3 271 132 35 -4 43 
-1 3799 455 -1 2136 2769 3076 2491 

-2 -2 -2 -2 -2 -2 -2 -2 
-1 -1 -1 -1 -1 -1 -1 -1 

216 152 41 5079 179 165 52 231 
51 1489 36 120 60 15 20 1102 

-4 -4 180 -3 -4 -5 -5 -2 
-1 -1 0 269 -1 -1 -1 -1 

2246 5956 5162 7762 10350 12605 4708 7521 
-1 11789 6050 7412 16769 5225 12199 5039 

-2 -3 -3 -2 -2 -2 -2 -2 
-1 -1 -1 -1 -1 -1 -1 -1 

-3 -3 -3 -2 -4 -1 -3 -3 
-1 -1 -1 -1 5 -1 -1 -1 

173 -3 -3 -2 -3 -1 -3 65 
-1 -1 -1 1999 2004 1999 -1 -1 

-2 -2 -2 -2 -2 -2 -2 -2 
-1 -1 -1 -1 -1 -1 -1 -1 

477 100 215 51 542 505 112 199 
10 420 55 1050 139 151 61 1335 

-4 -6 -4 -4 291 -6 -5 -4 
-1 362 -1 -1 -1 -1 -1 -1 

-3 4387 -3 -3 235 2530 -4 3478 
3148 292 18394 -1 -1 -1 -1 1798 

-1 -3 -2 -3 -3 -4 -3 -4 
-1 -1 -1 -1 -1 -1 -1 -1 

-2 -2 -2 -2 -2 -2 -2 -2 
-1 -1 -1 -1 -1 -1 -1 -1 

73 82 200 52 201 45 250 131 
-1 3799 3199 2637 -1 4877 6189 -1 

-2 -2 -2 -2 -2 -2 -2 -2 
-1 -1 -1 -1 -1 -1 -1 -1 

275 103 447 2633 42 893 317 5141 
-1 383 4022 67 244 297 80 243 

-4 -4 -5 242 -5 289 -5 -4 
-1 -1 -1 -1 625 -1 -1 455 

-3 -4 -4 2183 5988 213 5817 1603 
2998 8749 2698 -1 4783 -1 12537 6765 

0 -2 -2 -2 -3 -2 -2 -2 
-1 -1 -1 -1 0 -1 -1 -1 

-2 -2 -2 -2 -2 -2 -2 -2 
-1 -1 -1 -1 -1 -1 -1 -1 

124 -2 71 -2 -2 -2 -2 -2 
-1 -1 3799 -1 -1 -1 -1 1618 

-3 -3 -3 -4 -4 -3 -3 -3 
-1 -1 -1 -1 -1 -1 -1 -1 

2445 1266 23 13 926 42 38 420 
117 1250 307 1260 59 1373 4 1975 

-5 -5 -4 -4 246 -5 -4 -5 
-1 -1 -1 -1 -1 -1 -1 403 

5237 10058 2020 15926 3178 1924 1246 1308 
-1 4810 11698 8560 11289 10030 -1 10198 

-2 -2 -2 -2 -2 -2 -2 -2 
-1 -1 -1 -1 -1 -1 -1 -1 

-3 -3 -3 -3 -3 -3 -3 -4 
-1 -1 -1 -1 -1 -1 -1 -1 

-9 -2 16 -2 -2 99 42 123 
-1 -1 1798 2931 1061 1310 1618 -1 

-3 -2 -2 -2 -3 -2 -2 -2 
-1 -1 -1 -1 -1 -1 -1 -1 

448 1 1622 276 0 86 2 64 
45 334 81 -1 158 58 82 1431 

-2 -5 -6 -3 -2 -4 12 -3 
-1 7 -1 -1 -1 -1 -1 5 

7288 3286 12656 14654 3148 4465 11712 1965 
11287 3082 9859 -1 6853 14916 -1 10255 

18 -2 -2 -2 -2 -2 -2 -2 
-1 -1 -1 -1 -1 -1 34 -1 

-2 -2 -2 -2 -2 -2 -2 -2 
-1 -1 -1 -1 -1 -1 -1 -1 

-4 -3 -3 -3 -3 -2 5 -4 
-1 2 -1 -1 -1 -1 -1 -1 

33 43 118 -39 119 35 56 63 
3419 -1 1954 1456 4389 -1 1456 -1 

-1 700 2861 -2 -2 182 407 23 
51 179 639 1126 61 64 530 415 

-5 377 -6 -6 -3 -4 -6 -6 
-1 -1 -1 -1 -1 -1 -1 1044 

10275 22406 10710 9990 6550 4567 9382 2092 
20356 11870 11867 16009 7284 13888 7367 7737 

-2 -2 -2 -3 -3 -2 -2 -2 
-1 -1 -1 -1 -1 -1 -1 -1 

-3 5 -3 -3 -4 -3 51 -3 
-1 -1 -1 0 -1 -1 -1 114 

116 4 193 91 174 -2 40 105 
3076 1456 -1 1311 1798 3076 4389 1892 

-2 -2 -2 -2 -2 -2 -2 -2 
-1 -1 -1 -1 -1 -1 -1 -1 

3500 207 36 386 304 77 238 178 
125 935 181 1618 71 125 1265 98 

-4 -4 -5 -5 18 -4 191 133 
-1 -1 -1 38 -1 -1 -1 95 

3105 9354 6009 -22 2504 1701 5627 4586 
13975 4023 23170 5357 9988 4048 -1 6557 

-3 -3 -3 -2 -3 91 -2 -3 
-1 -1 -1 -1 -1 8 -1 -1 

-2 -2 -2 -2 -3 -3 -3 -2 
-1 -1 -1 -1 -1 -1 -1 -1 

213 69 186 136 373 84 -2 128 
1798 3799 3419 1310 3076 1798 3950 2879 

-2 -2 -2 -2 -2 -2 -2 -2 
-1 -1 -1 -1 -1 -1 -1 -1 

343 1062 368 4697 729 139 478 146 
316 1515 681 2345 100 211 78 136 

-4 -4 -3 2947 287 -5 -6 317 
-1 141 -1 -1 1060 1060 -1 -1 

1211 3405 -53 6488 1687 2019 3292 1580 
8855 12756 -1 3598 5665 8058 2998 10634 

-2 -2 -2 -2 -2 -2 -2 -2 
-1 -1 -1 -1 -1 -1 -1 -1 

-3 -2 -2 -2 -2 -2 -2 -3 
-1 -1 -1 -1 -1 -1 -1 -1 

161 -2 -2 67 -2 -2 -2 -2 
1798 -1 -1 -1 -1 1456 -1 1999 

-3 -4 -3 -3 361 -3 -3 -3 
-1 -1 -1 -1 -1 -1 -1 114 

257 145 690 94 56 86 33 115 
4 447 364 -1 -1 73 119 509 

-5 -4 -7 -4 -3 -4 -4 379 
498 -1 -1 -1 -1 -1 -1 -1 

1008 7569 9994 3090 11600 3919 -4 2181 
4646 9506 5599 -1 8908 2999 10627 6154 

-3 1159 121 -3 -3 -2 -3 -3 
-1 -1 -1 772 15 -1 -1 -1 

-2 -3 -2 -2 -3 -3 -2 -2 
-1 -1 -1 -1 -1 -1 -1 -1 

50 -2 79 -2 -2 -2 113 105 
-1 -1 -1 3419 -1 1456 -1 1798 

-2 -2 -2 -2 -2 -2 -2 -2 
-1 -1 -1 -1 -1 -1 -1 -1 

713 50 555 19 -3 342 56 189 
7 343 186 98 565 347 129 1615 

-5 1667 -6 -5 -5 -4 -5 20 
-1 -1 -1 -1 92 1592 -1 12 

5685 13524 20002 6155 4306 5132 1251 14175 
13366 14799 8884 6974 4056 13720 8098 19467 

-3 -2 -2 -2 -2 4 -2 -3 
-1 -1 -1 -1 -1 -1 -1 9 

-2 -2 -4 -2 -3 -4 -4 -2 
-1 -1 -1 -1 -1 -1 -1 -1 

87 89 76 -3 -56 46 -33 -2 
-1 -1 1798 1798 -1 -1 1618 1798 

-2 -2 -2 -2 -2 -2 -2 -2 
-1 -1 -1 -1 -1 -1 -1 -1 

3 438 3672 504 945 159 941 48 
1637 133 307 2306 163 9 1 1979 

-5 -5 -3 -4 -4 -6 -4 1614 
-1 -1 -1 1998 -1 -1 -1 -1 

3492 5521 -16 1796 7285 4161 12716 1153 
3643 1998 8471 4310 11871 14104 12583 9834 

-2 -2 -2 -2 -2 -2 -2 -2 
-1 -1 -1 -1 -1 -1 -1 -1 

-2 -2 -3 -3 -2 -2 -3 -2 
-1 -1 -1 -1 -1 -1 -1 -1 

75 -2 -3 94 62 -2 57 104 
1618 1618 -1 3419 1798 1798 -1 -1 

355 -3 830 -3 -3 -2 -3 20 
-1 368 -1 43 -1 30 -1 -1 

41 90 398 5103 210 44 3422 1871 
37 736 731 643 2008 1425 51 66 

-4 -4 63 -4 -5 -3 -2 36 
-1 -1 -1 -1 -1 -1 -1 148 

7902 2547 6040 -3 8348 7068 6488 834 
10216 14531 -1 4858 -1 11969 7853 26889 

-3 -3 -2 -3 -3 -2 -2 -3 
-1 -1 -1 -1 -1 -1 -1 -1 

-3 -2 0 7 -3 -3 -3 -3 
21 -1 -1 -1 -1 -1 -1 -1 

-3 -2 0 135 -2 -47 79 -2 
18 -1 -1 -1 -1 -1 1798 3311 

-2 -2 -2 -2 -2 -2 -2 -2 
-1 -1 -1 -1 -1 -1 -1 -1 

45 625 70 668 140 586 1238 341 
1497 594 626 492 425 102 -1 807 

-3 4046 -5 -4 4267 -4 19 -5 
-1 0 -1 456 4 1619 -1 1183 

11294 5793 5028 3595 6917 -3 1288 4361 
-1 0 20653 14220 8462 1179 11199 8660 

-2 -2 -2 -2 -2 -2 -2 -2 
-1 -1 -1 -1 -1 -1 -1 -1 

-2 -3 -2 -2 -2 -3 -3 -3 
-1 -1 -1 -1 -1 -1 -1 -1 

-2 -2 93 -37 -2 -2 78 -3 
-1 1618 -1 -1 -1 1999 -1 -1 

-4 138 -4 -3 -3 -3 -3 -2 
-1 -1 -1 -1 38 -1 -1 -1 

678 12 62 2950 26 120 218 -4 
7 93 55 1118 205 1 1080 49 

4847 -6 -6 -4 -5 -5 0 -5 
-1 -1 0 -1 3179 0 -1 -1 

4866 6985 3422 4496 -5 -5 2718 3858 
5398 9817 18694 4686 7937 0 5101 -1 

-2 -2 -2 -2 -2 -2 -2 -2 
-1 -1 -1 -1 -1 -1 -1 -1 

-3 144 1 -3 -4 -3 -3 -3 
-1 -1 -1 -1 -1 -1 -1 304 

95 93 78 -2 64 -2 60 -3 
-1 1456 1999 1618 -1 -1 -1 2046 

-2 -3 -2 -2 -2 -2 -3 -3 
-1 -1 -1 -1 -1 -1 -1 -1 

316 162 364 502 -3 -3 229 22 
290 958 -1 1067 133 134 101 314 

-4 -4 -7 -5 -4 -5 8 -4 
-1 47 -1 -1 -1 -1 -1 -1 

13020 5419 651 4321 7311 6575 16942 3120 
13229 11308 11404 8166 -1 18068 -1 12069 

-2 -2 -2 -2 -2 -2 -2 -2 
-1 -1 -1 -1 -1 -1 -1 -1 

-2 -3 -3 -2 -3 -3 -4 -3 
-1 -1 -1 -1 -1 -1 -1 -1 

-2 -2 95 83 82 85 73 -2 
1798 -1 4389 -1 -1 -1 1456 -1 

-2 -2 -3 -2 -2 -3 -2 -3 
-1 -1 -1 -1 -1 -1 -1 -1 

75 447 1819 382 92 12 1276 883 
18 1513 326 1634 1623 104 19 444 

0 1411 67 145 -7 -4 -3 3 
-1 0 -1 16 -1 582 695 2 

0 4677 12255 145 5496 13317 8889 15919 
20924 10373 8322 10985 12736 523 2936 11121 

-3 -2 54 -3 -3 -3 -3 -3 
-1 -1 -1 -1 27 -1 -1 -1 

-2 -3 -2 -2 334 -2 -3 -2 
-1 -1 -1 -1 241 -1 -1 -1 

-2 201 82 59 300 -2 81 -2 
1999 1618 3619 -1 194 -1 1798 -1 

-2 -2 -2 -2 -2 -2 -2 -2 
-1 -1 -1 -1 -1 -1 -1 -1 

115 104 1914 384 698 564 47 165 
458 443 341 702 13 317 21 1534 

-5 1472 682 1430 28 -5 -4 -5 
-1 954 506 1593 -1 53 -1 -1 

5938 3667 4255 4788 3748 5681 -3 5016 
1456 7084 11970 1433 4798 10401 19726 3886 

-3 292 -3 -3 -2 -2 -3 -3 
-1 -1 92 -1 -1 -1 -1 -1 

-2 -2 -2 -2 -2 -2 -2 -2 
-1 -1 -1 -1 -1 -1 -1 -1 

54 -2 110 -2 -2 -2 -2 32 
-1 -1 -1 -1 1999 1999 1798 -1 

-2 -2 -2 -3 -2 -2 -2 -2 
-1 -1 -1 -1 -1 -1 -1 -1 

43 20 352 15 386 2 814 124 
41 231 575 295 56 75 682 695 

-4 842 -4 -3 -4 -4 -3 438 
-1 -1 -1 410 -1 -1 -1 268 

8956 11234 6221 7227 4263 8072 5234 5523 
13423 8989 10529 13304 3780 12647 17623 16225 

7253 10110 4534 5323 3178 5883 3142 4098 
11884 6552 9475 11973 3320 9755 14274 13141 

-4 -3 -3 -2 -2 -1 -4 92 
-1 92 -1 -1 -1 -1 -1 -1 

-2 -2 -2 -2 -2 -2 -2 -2 
-1 -1 -1 -1 -1 -1 -1 -1 

127 155 2098 54 164 285 81 72 
526 325 35 223 35 608 22 2153 

-6 -6 -5 -4 -4 -5 780 -6 
-1 1456 -1 -1 -1 -1 -1 0 

2777 6637 8995 -3 3236 -5 4362 4298 
-1 4599 12659 8098 1618 1798 -1 21321 

-3 -2 -3 -2 -3 -4 -3 2996 
-1 1456 -1 -1 -1 -1 -1 -1 

62 -2 -3 -80 -3 -3 -2 7696 
1456 1178 -1 -1 -1 1798 -1 -1 

-3 -2 -3 -2 -2 -2 -2 -3 
-1 -1 -1 -1 -1 -1 -1 -1 

-2 -2 -2 -2 -2 -2 -2 -2 
-1 -1 -1 -1 -1 -1 -1 -1 

906 68 0 708 598 20 357 962 
34 523 57 572 713 476 166 300 

-5 1 130 -4 680 -3 4 -4 
-1 5 0 -1 -1 506 -1 203 

1239 7911 6847 5744 13173 16345 8811 5850 
14509 18429 18174 15366 14210 1975 12511 18881 

-3 -4 -3 -3 -3 -3 -3 -3 
-1 -1 -1 -1 -1 -1 -1 -1 

67 -4 76 -3 -2 102 -2 -3 
1798 -1 -1 -1 -1 -1 -1 3419 

-2 -2 -2 -2 -2 -2 -2 -2 
-1 -1 -1 -1 -1 -1 -1 -1 

41 257 207 944 1684 191 798 402 
132 534 298 975 156 7 563 2100 

-2 -2 -2 -2 -2 -2 -2 -2 
-1 -1 -1 -1 -1 -1 -1 -1 

-3 -2 -2 -2 -2 -2 -2 -2 
-1 -1 -1 -1 -1 -1 -1 -1 

