276 0 0 0 0 0 -9 0 
1999 0 1619 0 0 0 0 0 

276 0 0 0 0 1458 1714 0 
1999 0 32457 28000 0 0 0 0 

276 0 3747 0 0 4645 1714 0 
1999 0 31211 28000 0 6320 0 0 

208 132 663 69 105 169 370 2109 
74 887 3747 1031 782 3596 -1 -1 

5631 2954 2235 8554 898 5917 8136 2905 
12529 11220 9857 2867 20653 3970 5987 12310 

5631 2954 2235 8554 2187 5917 8136 4371 
12529 11220 21871 2867 26587 3970 5987 12310 

-2 -3 -2 -2 -2 -3 -3 -2 
-1 -1 -1 -1 -1 -1 -1 -1 

-4 -4 339 371 412 -5 -3 -4 
-1 -1 -1 -1 334 299 190 194 

-7 -3 -6 -7 -5 -4 -3 -7 
-1 -1 -1 -1 -1 -1 -1 -1 

-2 -2 -2 -1 -2 -2 -2 -2 
-1 -1 -1 -1 -1 -1 -1 -1 

2920 1195 2009 5361 2856 3022 1175 2978 
10449 15546 8320 11929 9146 7097 3457 11023 

543 2730 1471 -5 26 -5 478 -1 
-1 194 269 331 1674 75 2428 -1 

543 2730 5073 1109 26 -5 478 -1 
-1 3174 269 15297 1674 75 17185 -1 

543 9567 9565 1109 1451 -5 478 4427 
-1 5856 3242 15767 1674 8994 17185 1999 

1303 453 550 200 450 891 60 431 
455 1499 473 1123 314 1092 1435 765 

8776 10324 15027 4292 13274 8854 14196 15769 
9732 8733 19894 14868 16967 14984 26105 24618 

8776 8355 14734 4292 13274 8854 14196 13349 
9732 8733 19894 21942 16967 18773 23494 22156 

-4 -5 -6 -5 -8 -9 -5 -6 
-1 -1 -1 -1 -1 -1 -1 -1 

-2 -2 4497 -2 -2 -2 -2 -2 
1618 -1 -1 -1 -1 -1 -1 -1 

-3 58 -4 -4 -3 2199 -3 -4 
-1 -1 1061 -1 -1 120 -1 -1 

1106 2084 1234 1358 1946 2315 481 4119 
7750 10180 8341 5419 5419 7272 7500 8918 

-5 -4 -7 -5 -4 -9 -5 -5 
-1 -1 -1 -1 -1 -1 -1 -1 

-2 -2 -2 -2 -3 -2 -2 -2 
-1 -1 -1 -1 -1 -1 -1 -1 

1536 -2 131 1060 -3 2318 -2 -2 
-1 -1 -1 58799 2999 19299 -1 -1 

2632 -2 131 1668 -3 2318 -2 -2 
-1 -1 1999 52918 2999 19299 -1 1999 

930 1112 589 554 414 376 266 817 
3794 2192 4130 644 2352 2938 2927 1522 

11667 12750 14382 10015 12240 14183 4428 5948 
12608 7857 21259 9675 20772 18344 2815 24246 

12771 11891 14382 9782 12240 12758 4428 5072 
12608 7727 19132 10707 20772 18509 19533 24246 

-2 -3 -2 -2 -2 -2 -2 -2 
-1 -1 -1 -1 -1 -1 -1 -1 

-2 -2 -3 -2 -2 -3 -2 -2 
-1 -1 -1 -1 -1 -1 -1 -1 

-3 1267 -4 -4 -5 -5 -4 568 
-1 687 63 -1 -1 -1 -1 -1 

1176 2948 -3 699 2035 174 189 568 
-1 618 3465 -1 5077 7252 3799 5257 

-5 -6 -5 -5 -5 -5 -5 -4 
-1 -1 -1 -1 -1 -1 -1 -1 

-2 -3 -3 0 -2 -3 -2 -2 
-1 -1 -1 -1 -1 0 -1 -1 

-2 929 -3 2419 -2 247 905 -2 
-1 12899 -1 -1 52516 0 -1 -1 

2998 1745 1108 2419 -2 247 905 -2 
-1 14248 4799 -1 52516 0 -1 -1 

271 2015 486 286 360 2096 631 124 
-1 1021 1405 2417 1183 -1 2412 4644 

7276 13016 6729 6374 5177 3529 12454 9259 
3971 16782 8215 9717 4854 36138 19910 20398 

5885 10539 7325 5682 3384 2851 10083 9163 
2344 13853 8453 21370 4854 23709 14513 31122 

-2 -2 -2 -2 -2 -2 71 -2 
-1 -1 -1 -1 -1 17 -1 -1 

-4 -4 -5 -5 2425 642 -4 -4 
-1 -1 -1 2068 -1 4 -1 -1 

-2 -2 -2 -2 -2 -2 -2 -2 
-1 -1 -1 -1 -1 -1 -1 -1 

851 401 -8 -2 555 387 291 378 
1618 1999 3076 3999 7930 -1 1618 3799 

-2 -2 -2 -2 -2 -2 -2 -2 
-1 -1 -1 -1 -1 -1 -1 -1 

-8 -4 -4 -3 -6 -5 -6 -4 
-1 -1 -1 -1 -1 -1 -1 -1 

286 1139 3173 -3 -6 829 -6 -4 
1999 -1 9999 14999 9999 -1 26779 -1 

971 1794 3173 -3 -6 829 -6 2496 
1999 -1 11899 14999 10999 -1 26779 -1 

359 126 383 -4 251 486 371 129 
460 1618 2474 685 2207 -1 2849 773 

11473 16715 13033 15761 8887 3199 11027 9118 
6569 15640 15203 10577 16730 19162 19232 17559 

8158 7797 6571 8613 5689 1872 6494 5356 
5190 20425 9259 8224 9878 13314 10219 7557 

-2 -2 -2 232 -2 -2 -2 -2 
-1 -1 -1 -1 -1 -1 -1 102 

-2 -2 -2 -2 -2 -2 -2 -2 
-1 -1 -1 -1 -1 -1 -1 -1 

458 -4 -5 487 341 -3 551 81 
470 914 -1 -1 506 -1 -1 -1 

411 -4 805 487 275 537 846 72 
422 4540 -1 -1 506 3619 1999 -1 

-4 -8 -4 -5 -5 -7 -4 -7 
-1 -1 -1 -1 -1 -1 -1 -1 

-2 -2 -2 -2 -2 -1 0 -2 
-1 -1 -1 0 -1 -1 -1 0 

-2 3331 -2 1517 -2 -1 0 -2 
2999 -1 1999 0 -1 1999 144599 0 

-2 5448 -2 1517 1426 -1 0 -2 
2999 -1 3799 0 -1 3799 132139 0 

409 406 110 937 633 1271 684 1165 
1262 2934 5162 5206 5128 4854 759 2575 

15830 14237 8415 13646 13794 13212 13444 20998 
16025 19326 9914 10868 28891 14313 16565 16313 

4423 5245 4001 3392 3566 2425 4674 2062 
3664 3860 2737 5597 8072 3388 9891 5117 

-2 -2 -2 -2 -3 -2 -2 -2 
-1 -1 -1 -1 -1 -1 -1 -1 

6 1417 14 -4 -4 -4 -4 -5 
12 -1 -1 -1 515 17 -1 13 

-2 -2 -2 -2 -2 -2 -2 -2 
-1 -1 -1 -1 -1 -1 -1 -1 

-11 99 -8 130 524 -9 179 898 
1999 -1 4292 -1 -1 -1 -1 1618 

-5 -3 -4 -5 -3 -3 -2 -4 
-1 -1 -1 -1 -1 -1 -1 -1 

-3 -2 -2 -2 -2 -3 -2 -2 
-1 -1 -1 -1 -1 -1 -1 -1 

-3 -2 -2 -2 -2 1219 1664 -2 
-1 -1 -1 -1 21999 -1 -1 29999 

1663 -2 -2 1664 -2 1219 1664 712 
-1 -1 -1 2999 21799 -1 1999 29999 

676 761 1134 1091 457 292 214 1827 
1798 3222 1326 4006 2309 1325 1533 5585 

8918 4372 12168 19795 11441 11725 17876 10509 
5996 18346 17691 30523 15360 24649 7848 17495 

7214 2752 5799 8874 8332 4526 7396 6596 
12307 11207 11606 11416 7345 11368 6356 10329 

-2 -2 -2 -3 -3 -2 -2 -3 
-1 -1 -1 -1 -1 -1 -1 -1 

-3 -2 -3 -2 -2 -3 -2 -3 
-1 -1 -1 -1 -1 -1 -1 -1 

207 -4 -5 -6 1025 272 9 936 
115 -1 -1 409 19 409 -1 -1 

185 348 -4 857 922 953 1141 1067 
4953 3799 -1 330 3819 3331 1798 4569 

-6 -6 -6 -4 -8 -5 -6 -4 
-1 -1 -1 -1 -1 -1 -1 -1 

-2 -2 -2 -2 -2 -2 -2 -2 
-1 -1 -1 -1 -1 -1 -1 -1 

1128 386 2078 4832 1267 152 4998 483 
11457 8999 16999 9419 -1 2999 4799 38001 

2443 386 3024 4832 1267 152 4974 483 
13311 10099 16999 9419 -1 2999 6319 38001 

1075 693 1169 859 822 960 350 1635 
2144 5688 1466 491 1297 5175 1108 4504 

11226 8826 4029 4316 5021 10762 2878 5848 
28039 21027 12812 5105 9501 7947 2405 13018 

1491 2936 2593 1786 810 2435 1145 1605 
6407 5632 3000 1296 4088 3173 753 5642 

-2 -3 -2 -2 -2 -2 -2 -2 
-1 -1 -1 -1 -1 -1 -1 -1 

25 20 -3 -4 -5 -4 622 -4 
-1 -1 -1 136 29 -1 -1 42 

-2 -2 -2 -2 -2 -2 -2 -2 
-1 -1 -1 -1 -1 -1 -1 -1 

139 759 310 -45 86 355 980 726 
2428 -1 1999 5769 -1 7577 1310 5257 

-5 -5 -4 -6 -6 -4 -5 -6 
-1 -1 -1 -1 -1 -1 -1 -1 

-2 -1 -2 -3 -3 -1 -2 -1 
-1 -1 -1 -1 -1 -1 -1 -1 

-3 -1 225 458 1059 782 3598 -1 
-1 -1 -1 38258 -1 7999 12999 -1 

-3 -1 225 1840 1059 1953 3598 1999 
-1 -1 1999 38258 -1 11199 13699 -1 

937 771 2880 91 687 1192 210 2268 
867 2768 2253 2885 4773 5039 2930 2625 

12972 19691 14454 3505 14421 8134 5264 6192 
14156 23224 5088 15487 15646 12636 12802 29825 

12972 16482 14454 3505 14421 8134 5264 6192 
14156 23224 5088 15544 15646 12636 24521 29825 

-2 -2 -2 -2 -2 -2 58 -2 
157 -1 -1 -1 -1 -1 -1 -1 

-5 4045 -4 0 2948 -4 -3 -5 
-1 1310 -1 -1 972 -1 -1 -1 

-2 -2 -2 -2 -2 -2 -2 -2 
-1 -1 -1 -1 -1 -1 -1 -1 

246 1983 1464 306 443 1395 470 106 
4877 3799 1798 3799 1618 8189 4112 7421 

-2 -2 -2 -2 -2 -2 -3 -2 
-1 -1 -1 -1 -1 -1 -1 -1 

-4 -4 -5 -4 -6 -7 -6 -4 
-1 -1 -1 -1 -1 -1 -1 -1 

1789 -4 -5 1218 -6 -7 -6 -4 
-1 -1 32999 21999 -1 -1 -1 -1 

2443 -4 -5 1218 994 -7 -6 2996 
2999 -1 31699 22799 -1 -1 -1 -1 

584 1801 1044 284 939 944 485 1526 
1546 3634 5309 4320 5424 1465 2090 6011 

15719 11460 5647 11649 6638 4414 3247 2137 
17583 25259 14448 12766 11530 12957 11627 21784 

5139 5295 3327 4999 6432 3102 2138 654 
12817 15478 7431 14105 6420 4516 5003 10418 

-2 -2 -2 -2 -3 -2 -2 -2 
-1 -1 -1 -1 -1 -1 -1 -1 

1565 -4 -4 -3 46 1 -4 -4 
-1 12 631 -1 -1 -1 -1 -1 

-2 -2 -2 -2 -2 -2 -2 -2 
-1 -1 -1 -1 -1 -1 -1 -1 

-2 -2 -2 -2 -2 -2 -2 -2 
-1 -1 -1 -1 -1 -1 -1 -1 

662 1536 -7 707 8243 675 561 106 
-1 -1 8333 8099 -1 -1 5848 3799 

-5 -5 -5 -4 -3 -4 579 -4 
-1 -1 -1 298 298 -1 -1 -1 

-5 443 -5 1524 2063 -4 579 -4 
30999 -1 -1 268 22268 -1 -1 5999 

-5 443 -5 1524 5213 -4 579 -4 
30999 -1 -1 268 22268 2999 3799 5999 

461 1017 1206 866 1410 420 1308 1359 
2208 3521 1637 3142 5828 5514 3790 4292 

12335 8045 8699 7158 15413 5785 11050 11103 
538 19620 28761 9828 19542 10575 13949 21243 

7038 3617 6397 3787 6894 7477 6510 4622 
316 11351 13336 6447 10384 6243 10002 12591 

-2 -2 -2 -2 3 -2 -2 -2 
1 -1 -1 -1 -1 -1 -1 -1 

89 -3 -4 99 -4 14 50 66 
-1 12 -1 -1 37 -1 -1 56 

-2 -2 -3 -2 -2 -2 -2 -2 
-1 -1 -1 -1 -1 -1 -1 -1 

2864 3089 1299 2235 1775 1252 913 3126 
7501 10681 12356 11104 7395 6419 3457 9058 

-2 -2 -2 -2 -2 -2 -2 -2 
-1 -1 -1 -1 -1 -1 -1 -1 

-6 -5 -6 -6 -4 -4 -5 -6 
-1 -1 -1 -1 -1 -1 -1 -1 

3536 -5 455 -6 -4 220 -5 -6 
9299 -1 -1 -1 -1 33999 -1 -1 

4293 -5 455 1066 -3 220 -5 -6 
9331 -1 2999 -1 -1 33999 -1 -1 

1438 279 384 1409 1423 1386 421 323 
2511 5560 2372 5840 3039 3255 1887 2075 

10684 14436 11933 10069 17565 6669 12620 12828 
13378 24183 16944 12970 21014 14700 8351 21588 

4474 4269 3385 2283 3693 1898 3663 4002 
5524 5936 5906 3661 5933 5899 3593 5325 

-3 -2 -2 -2 -2 -3 -3 -3 
-1 -1 -1 -1 -1 -1 -1 -1 

-5 -5 -4 -4 2387 -5 -4 -4 
-1 -1 -1 -1 1061 -1 -1 -1 

-2 -2 -2 -2 -2 -2 -2 -2 
-1 -1 -1 -1 -1 -1 -1 -1 

418 301 105 -57 254 211 571 90 
3419 -1 3619 6487 -1 -1 1456 1798 

-3 -2 -2 -3 -2 -3 -3 -2 
-1 -1 -1 -1 -1 -1 -1 -1 

-6 -5 -4 -4 -6 -4 -7 -3 
-1 -1 -1 -1 -1 -1 -1 -1 

-6 1061 -4 1521 226 2799 -7 -3 
-1 -1 13229 9999 -1 34199 -1 -1 

2494 1061 -4 1521 917 2799 -7 -2 
-1 1999 13229 9999 -1 32779 -1 -1 

863 1277 1522 2954 1383 1365 2925 440 
5076 8056 3665 5671 141 5538 1707 4384 

5587 1819 6033 2583 1945 7002 6884 3017 
16767 7258 4712 10174 3342 3112 425 22799 

-2 -2 -2 -2 -2 -2 -2 -2 
-1 -1 -1 -1 -1 -1 -1 -1 

224 1639 1444 -13 741 -9 7486 -8 
3598 1999 5668 -1 -1 8501 -1 2998 

-3 -3 -2 -2 -2 -2 -2 -3 
-1 -1 -1 -1 -1 -1 -1 -1 

30 1929 -4 35 4546 702 -5 -3 
-1 1179 268 2550 331 9 -1 374 

-2 -2 -2 -2 -2 -2 -2 -2 
-1 -1 -1 -1 -1 -1 -1 -1 

94 402 -2 -2 -2 -2 215 433 
-1 -1 -1 -1 1999 -1 -1 5419 

-5 -4 -5 -5 -6 -6 -4 -7 
-1 -1 -1 -1 -1 -1 -1 -1 

-2 -3 -2 -3 -2 -2 -2 -2 
-1 -1 -1 -1 -1 -1 -1 -1 

-2 607 -2 1009 4017 -2 -2 -2 
24399 -1 -1 163999 -1 -1 -1 -1 

-2 2212 -2 1009 8071 -2 -2 -2 
23959 1999 -1 151599 -1 -1 -1 2999 

975 720 1542 3851 1140 620 408 1294 
1782 6246 5757 4532 3195 2314 2639 6771 

9766 8146 6296 15685 13136 9604 8932 10561 
273 22323 21830 6164 9357 14487 19274 21396 

8788 7330 6083 12696 11821 9604 10135 9058 
273 22323 17681 6792 11421 11734 19274 26127 

-2 -2 -2 -2 -2 -2 -2 -2 
-1 -1 -1 -1 -1 -1 -1 -1 

-2 -2 -2 -2 -3 -2 -2 -2 
-1 -1 -1 -1 -1 -1 -1 -1 

11 701 -4 101 110 681 -3 -4 
175 -1 5 -1 -1 772 111 -1 

-2 -2 -2 -2 -2 -2 -2 -2 
-1 -1 -1 -1 -1 -1 -1 -1 

2151 2016 756 2194 1144 1619 770 7187 
3619 7877 10212 5111 7500 16009 3311 6569 

-2 -3 -2 -2 -2 -2 128 -3 
-1 -1 141 -1 -1 -1 -1 -1 

-6 -5 -6 -5 -4 -6 -6 -4 
-1 -1 -1 -1 -1 -1 -1 -1 

-2 -2 -2 -2 -2 -2 -2 -2 
-1 -1 -1 -1 -1 -1 -1 -1 

-2 -2 -2 -2 -2 -2 -2 -2 
-1 -1 -1 -1 -1 -1 -1 -1 

-2 4637 1391 -2 -2 4998 5729 -7 
98299 1999 -1 -1 11999 -1 15799 -1 

-2 4173 1391 -2 2498 4998 6227 -7 
88468 3799 -1 2999 11999 -1 15799 -1 

-2 -2 -4 1769 -2 -2 -2 -2 
-1 1060 -1 -1 -1 -1 -1 -1 

5312 515 615 1047 1344 2469 822 1443 
1447 7711 4029 917 2637 6431 2574 7525 

8169 5686 6502 3776 9235 18967 10322 15187 
13964 14934 15815 26585 13098 16488 3868 15681 

1340 828 691 1145 2886 1458 1032 1416 
590 3414 2372 3150 3987 6622 306 3094 

