10247 2881 4166 4049 7366 14248 0 6221 
22340 2000 0 10277 15492 12365 0 8306 

0 139 0 0 0 0 0 148 
1619 0 0 0 1799 3419 0 0 

586 -5 -5 -5 -7 -5 -5 -5 
-1 -1 -1 -1 -1 1060 -1 -1 

-3 -3 7 -2 -3 -3 -4 2 
38 -1 -1 -1 2 -1 -1 -1 

146 253 193 43 256 3031 766 507 
274 412 213 859 1538 345 63 889 

72 496 1 -6 -4 52 114 -6 
-1 209 -1 216 -1 41 -1 21 

7677 766 2499 5495 2891 5406 1474 6308 
8908 10722 14096 10194 -1 15964 2914 9739 

-2 -2 -2 -2 -2 -2 -2 -2 
-1 -1 -1 -1 -1 -1 -1 -1 

-2 -2 -2 -2 -3 -2 -2 -3 
-1 -1 -1 -1 -1 -1 -1 -1 

73 91 -2 -2 -2 -2 -2 -2 
-1 -1 1798 -1 -1 -1 1456 1798 

-3 -3 -4 -3 305 -3 408 -4 
-1 -1 298 -1 -1 -1 -1 368 

88 26 64 21 87 79 5 77 
29 46 46 56 10 1 -1 49 

19 -4 -5 -4 -5 -5 -5 2147 
-1 27 -1 -1 -1 -1 -1 1060 

2234 -12 -5 3260 3370 7261 2274 15132 
-1 10176 4319 4048 8973 1798 1618 5072 

-4 -4 -2 -3 -3 -3 -4 -4 
-1 -1 -1 -1 -1 -1 -1 -1 

-3 -2 -2 -3 -2 -2 -2 -2 
-1 -1 -1 -1 -1 -1 -1 -1 

55 -2 52 -39 120 75 46 -38 
2769 1618 -1 2491 1999 -1 1179 -1 

-2 -2 -2 -2 -2 -2 -2 -2 
-1 -1 -1 -1 -1 -1 -1 -1 

15 8 -3 -2 27 -3 26 0 
0 27 19 23 25 27 2 17 

-3 -4 370 -5 40 294 -5 -5 
-1 -1 -1 -1 -1 194 -1 170 

1926 9508 8493 3790 25 8342 5698 1964 
7288 12014 1179 12180 6499 2706 7901 5837 

-2 -2 -2 -2 -2 -2 -2 -2 
-1 -1 -1 -1 -1 -1 -1 -1 

-3 -2 -3 -3 -3 -2 -4 -2 
-1 -1 -1 -1 -1 -1 -1 -1 

62 89 -4 -32 33 125 -11 -39 
-1 -1 1634 1618 1998 -1 1456 -1 

-3 -3 193 -2 -3 -3 -3 -1 
-1 -1 -1 -1 -1 -1 -1 15 

330 206 1353 430 4155 226 689 109 
45 832 1460 104 1028 1059 287 1594 

-4 -4 -5 -5 -6 -3 -2 -3 
-1 -1 -1 -1 0 -1 -1 0 

8451 2251 -4 -4 1453 -23 4234 2725 
-1 17864 3799 5830 0 16936 2622 1619 

-2 -2 -2 -2 -2 -2 -2 -2 
-1 -1 -1 -1 -1 -1 -1 -1 

-2 -2 -2 -2 -2 -3 -2 -2 
-1 -1 -1 -1 -1 -1 -1 -1 

-2 147 -2 -2 -2 250 67 -2 
-1 -1 -1 1456 -1 -1 2018 1798 

-3 -3 105 -3 -4 -3 -3 -3 
-1 48 -1 -1 53 -1 -1 -1 

41 31 209 44 861 208 215 31 
364 167 389 -1 104 507 107 143 

-3 226 1007 1308 -2 -6 -4 -6 
-1 2019 0 333 -1 3 -1 -1 

13071 12121 4788 6620 3962 10427 1980 4335 
15434 16575 6280 5276 18352 6481 3562 6499 

-2 -2 -3 -3 -3 -3 -2 -2 
-1 -1 -1 -1 -1 -1 -1 -1 

-3 -3 -3 111 -3 -2 -3 -4 
5 -1 -1 -1 -1 43 -1 -1 

-4 81 -2 214 58 166 72 124 
2004 -1 3419 1618 3419 3575 1798 -1 

-2 -2 -2 -2 -2 -2 -2 -2 
-1 -1 -1 -1 -1 -1 -1 -1 

96 160 160 34 199 198 104 118 
404 432 92 468 125 415 131 427 

1039 -5 1040 -5 -4 -4 -4 -5 
-1 -1 562 562 -1 -1 -1 -1 

6405 2695 5671 3745 11823 4194 3894 1120 
16850 9898 5876 16760 4498 -1 6559 5599 

-1 -2 -4 -2 -3 -3 -3 -2 
-1 -1 -1 -1 -1 -1 -1 0 

-2 -4 -4 29 -4 -3 -3 -3 
-1 -1 -1 -1 27 -1 -1 -1 

-2 165 103 270 118 -2 87 -2 
1798 1798 1798 -1 2889 -1 -1 3419 

-2 -2 -2 -2 -2 -2 -2 -2 
-1 -1 -1 -1 -1 -1 -1 -1 

3516 136 5 178 124 116 730 183 
44 359 69 232 307 724 34 561 

-3 -5 1963 -5 -4 1007 -5 -4 
-1 -1 -1 2491 -1 -1 -1 -1 

6913 7225 1272 4837 10964 5233 1795 274 
1798 9475 2698 1633 4048 3238 27934 12938 

-2 -2 -2 -2 -2 -2 -2 -2 
-1 -1 -1 -1 -1 -1 -1 -1 

-3 -3 -2 -3 -3 -3 -3 -3 
-1 -1 -1 -1 -1 -1 -1 -1 

165 -2 -2 -3 -3 -2 -2 -2 
-1 -1 -1 -1 3457 -1 -1 -1 

-3 -2 -2 -3 -2 -3 -2 -2 
-1 -1 -1 -1 -1 -1 -1 -1 

104 249 1941 7 212 232 174 186 
-1 2242 287 132 331 361 -1 440 

-6 586 -5 -5 -5 285 -5 212 
-1 -1 695 -1 -1 115 -1 194 

3726 3547 5511 2494 9862 4936 3111 177 
-1 23229 1913 -1 16796 5483 12148 8456 

-2 -2 -2 -3 -2 -2 -2 -2 
-1 -1 -1 -1 -1 -1 -1 -1 

-3 -3 -3 -3 -3 106 -2 -3 
-1 -1 -1 -1 -1 -1 102 82 

-2 -2 -3 -2 -3 134 64 141 
-1 1798 3076 -1 1798 -1 73 66 

-2 -2 -2 -2 -2 -2 -2 -2 
-1 -1 -1 -1 -1 -1 -1 -1 

71 22 887 4557 1863 587 131 5152 
978 2508 399 631 100 434 681 2510 

-3 -4 2946 -5 -5 -5 -4 -4 
-1 -1 -1 1618 -1 -1 -1 -1 

2704 1309 1706 828 -28 -4 1663 405 
9033 -1 9718 1456 3598 1179 7829 -1 

-4 -4 -3 -3 -4 -3 -3 -2 
-1 -1 -1 -1 -1 -1 -1 -1 

-2 -2 -3 -3 -3 -2 -3 -2 
-1 -1 -1 -1 -1 -1 -1 -1 

59 87 198 58 -2 116 -4 -2 
-1 1456 1798 -1 -1 -1 3783 -1 

-2 -2 -2 -2 -2 -2 -2 -2 
-1 -1 -1 -1 -1 -1 -1 -1 

135 2451 2110 -4 463 41 337 5 
6 1490 -1 105 2126 190 26 259 

-6 -5 -3 -6 -4 -4 -5 -5 
-1 0 -1 -1 -1 -1 -1 0 

1194 14756 14916 11692 3573 20275 7247 3101 
1310 18165 11332 12215 16716 8503 10913 11779 

-3 -2 -2 -2 -2 -2 -2 -2 
-1 -1 -1 -1 -1 -1 -1 -1 

-2 -2 -2 -2 -2 -2 -2 -2 
-1 -1 -1 -1 -1 -1 -1 -1 

51 131 -2 83 -2 63 -2 -2 
-1 -1 -1 4389 -1 -1 3419 -1 

-2 -3 -3 -3 -3 -5 -3 -4 
-1 -1 -1 -1 -1 -1 -1 -1 

651 912 60 906 365 -4 895 428 
155 729 93 83 136 224 185 542 

-4 -4 268 -7 381 -4 -6 -6 
-1 -1 698 -1 -1 -1 -1 -1 

6125 556 2216 -6 342 -4 3119 5529 
-1 19506 4836 -1 12529 7859 -1 -1 

-2 -2 -3 -2 -2 -2 -2 -2 
-1 -1 -1 -1 -1 -1 -1 -1 

-3 -3 -2 -4 -2 -3 -2 -3 
-1 -1 -1 -1 -1 -1 -1 -1 

-2 -2 76 -4 61 139 92 -2 
1618 -1 -1 -1 1798 1999 1618 1798 

-2 -2 -2 -2 -2 -2 -2 -2 
-1 -1 -1 -1 -1 -1 -1 -1 

59 72 19 1165 907 232 542 152 
125 167 768 523 929 278 191 166 

-6 -5 17 -6 -4 16 -5 15 
-1 -1 43 -1 30 -1 -1 41 

8164 -4 4935 3994 11019 4232 7745 1356 
5848 2999 1822 13184 8524 5614 18542 4103 

-2 -2 -2 -2 2 -2 -3 -3 
-1 -1 -1 -1 -1 -1 -1 -1 

-2 -2 -2 -2 -2 -2 -2 -2 
-1 -1 -1 -1 -1 -1 -1 -1 

149 99 -2 96 69 -2 -2 78 
1798 -1 1798 -1 1798 1798 3419 -1 

40 -4 -4 40 1 -4 -3 -3 
66 -1 0 -1 -1 27 -1 -1 

16 2037 38 684 54 2393 5298 48 
4 1540 35 12 1278 11 1630 1488 

-2 -3 -5 -4 -2 -5 -5 -5 
-1 0 -1 0 0 -1 -1 0 

16705 18974 6991 20665 4194 11550 1051 -5 
8607 10433 7884 13420 10006 16583 9249 17172 

-2 -2 -2 -2 -2 -2 -2 -2 
-1 -1 -1 -1 -1 -1 -1 -1 

-2 -3 -2 -3 -2 -2 -3 -2 
-1 -1 -1 -1 -1 -1 -1 -1 

73 187 184 138 -2 194 108 85 
3076 2491 1798 2637 1456 4389 -1 2931 

-3 51 -3 -3 -4 -3 -3 -3 
-1 6 -1 -1 -1 10 -1 -1 

110 121 282 14 49 299 190 53 
0 67 200 363 677 123 7 536 

-2 -2 -2 -2 -2 -2 -2 -2 
-1 -1 -1 -1 -1 -1 -1 -1 

-3 -2 -2 -2 -2 -2 -2 -2 
-1 -1 -1 -1 -1 -1 -1 -1 

169 -7 -4 -3 -4 -4 -4 1564 
-1 -1 -1 368 -1 -1 -1 772 

1990 -6 11979 8106 6705 1093 2021 16220 
9231 8882 3238 2040 3598 15794 13120 8986 

-4 -3 -3 -3 -3 -3 -3 -3 
-1 -1 -1 -1 -1 -1 -1 -1 

-3 -30 105 -48 -41 -3 -14 -43 
-1 -1 -1 -1 -1 2859 -1 -1 

2 -3 -2 -2 -3 -2 -2 -2 
-1 -1 -1 -1 -1 -1 -1 -1 

-2 -2 -2 -2 -2 -2 -2 -2 
-1 -1 -1 -1 -1 -1 -1 -1 

196 107 1 20 149 -3 3328 176 
2038 261 244 146 185 -1 167 197 

