408 0 0 -30 0 0 0 0 
0 1770 0 1799 0 0 0 0 

408 0 0 -30 1458 0 1722 0 
0 29593 0 1799 0 31000 0 0 

408 0 0 1401 1458 0 1924 0 
0 29593 0 1799 0 31000 0 3800 

614 622 2878 584 599 473 247 45 
1922 3149 3075 1451 2171 2306 -1 1655 

9270 4086 7605 10041 5387 9054 5693 18350 
16560 13047 9457 19247 6762 8295 11814 26121 

9270 4086 7605 10416 5387 9054 6880 18350 
16560 13047 9457 19247 14085 8295 23632 26121 

1140 2 -3 371 2400 2108 61 -4 
-1 -1 1470 13 1631 -1 -1 1225 

-2 -2 -2 -2 -2 -2 -2 -2 
-1 -1 -1 -1 -1 -1 -1 -1 

-5 -5 -6 -8 -6 -3 -6 -6 
-1 -1 -1 -1 -1 -1 -1 -1 

156 -4 373 1023 936 156 1310 96 
6569 -1 5077 3619 -1 1618 -1 4569 

-2 -3 -2 -2 -2 -3 -3 -2 
-1 -1 -1 -1 -1 -1 -1 -1 

-5 -5 -3 12 1 8 93 679 
-1 -1 3 302 221 2 -1 3 

1297 -5 -3 12 1 8 2028 679 
-1 -1 25002 302 42198 2 -1 3 

1297 -5 -3 1439 1 2446 2028 679 
1999 -1 25501 302 42198 2 -1 4002 

584 1095 822 464 957 839 516 741 
1532 2949 4017 2861 5453 3313 1200 5277 

2153 3173 4945 7843 9089 4338 8198 12618 
3795 24560 11092 2923 16493 6906 19803 7531 

1782 2567 3642 7147 5780 2843 5370 12618 
3415 22103 6548 13328 14843 5127 17822 4446 

-7 -5 -6 -6 -9 -5 -4 -4 
-1 -1 -1 -1 -1 -1 -1 -1 

-2 -2 -2 -2 -3 -2 -2 -2 
-1 -1 -1 -1 -1 -1 -1 -1 

-4 -4 2948 -3 -3 46 4996 -4 
-1 -1 27 -1 -1 -1 1798 1310 

172 2523 2233 774 1990 1373 4578 1785 
3619 6877 8860 -1 4769 4599 8493 4574 

-6 -5 -8 -4 -4 -4 -5 -8 
-1 -1 -1 -1 -1 -1 -1 -1 

-2 -2 -2 -2 -2 -2 -2 -2 
-1 -1 -1 -1 -1 -1 -1 -1 

3080 -2 -2 -2 -2 -2 -2 -2 
-1 -1 -1 29999 30999 -1 -1 -1 

3080 -2 1664 712 -2 -2 -2 1998 
-1 -1 -1 28099 30999 1999 -1 -1 

1015 339 277 445 848 18 204 491 
1060 954 2143 751 1959 1331 2085 954 

16740 12695 5911 6277 9803 17977 14146 10026 
13626 24355 17235 13096 16579 12509 30598 31094 

8885 8319 3470 8752 9121 10607 8520 7966 
13995 19754 15785 5072 12085 12698 20074 27984 

-2 -2 -2 -2 -2 -2 -2 -2 
-1 -1 -1 -1 -1 -1 -1 -1 

-2 -3 -2 -3 -2 -2 -3 -3 
-1 -1 -1 -1 -1 -1 -1 -1 

2148 -4 986 1767 -4 2 776 1590 
-1 1310 1986 -1 15 1279 -1 749 

2325 -4 1212 5108 4935 1577 1221 3292 
8481 10545 8806 6389 5429 11800 9802 2345 

-5 -4 -5 -4 -6 -7 -8 -5 
-1 -1 -1 -1 -1 -1 -1 -1 

-2 -2 -2 -3 -2 -2 -2 -3 
-1 -1 -1 -1 -1 -1 -1 -1 

1627 -2 -2 -3 -2 -2 -2 2091 
-1 48999 28999 -1 -1 -1 -1 -1 

2464 -2 -2 -3 -2 -2 -2 5215 
-1 48999 28999 1999 -1 2999 -1 -1 

311 1206 1679 994 717 1243 4048 2032 
506 7254 6915 3652 4726 4913 506 6146 

10415 15595 8111 10854 3307 8571 14186 12644 
9340 14963 21449 16447 16686 7366 6910 28914 

3546 4865 2533 4657 2225 3970 1664 6121 
3255 8109 6015 4744 9418 4310 3421 7356 

-2 -2 -2 -3 -2 -2 -2 -2 
-1 -1 -1 -1 -1 -1 -1 -1 

1303 407 1213 1117 -4 -4 1024 1025 
-1 695 53 954 819 914 -1 -1 

-2 -2 -2 -2 -2 -2 -2 -2 
-1 -1 -1 -1 -1 -1 -1 -1 

387 229 -2 -2 904 -2 342 998 
1618 -1 -1 -1 5077 3419 5887 1999 

-2 -2 -2 -2 -2 -2 -2 -2 
-1 -1 -1 -1 -1 -1 -1 -1 

-7 -5 -6 -4 -7 -4 -9 -4 
-1 -1 -1 -1 -1 -1 -1 -1 

1746 -5 -6 -4 -7 -4 1241 -4 
-1 -1 33999 -1 -1 21999 -1 -1 

4664 -5 -6 -4 -7 765 1241 1107 
-1 1999 33999 -1 -1 21619 -1 1999 

3943 1043 2202 1119 773 1793 789 1572 
1367 12227 7040 9095 5127 5537 368 8910 

13906 16002 7237 16605 9609 12119 6017 13138 
13454 17390 13518 10711 12812 6169 18685 21875 

13906 14876 5855 14941 9417 11229 4863 13138 
13454 15650 12949 9639 14177 5551 27734 19687 

-3 -3 0 2184 -3 -2 -2 -3 
-1 0 -1 -1 -1 1179 -1 -1 

-2 -2 -2 -2 -2 -2 -2 -2 
-1 -1 -1 -1 -1 -1 -1 -1 

-4 725 -6 -4 -4 1818 -4 948 
506 772 -1 -1 403 -1 845 -1 

698 789 307 536 154 1745 -4 1519 
2168 2562 2698 4569 326 3799 3218 2185 

-4 -8 -4 -5 -5 -6 -8 -5 
-1 -1 -1 -1 -1 -1 -1 -1 

-2 -3 -2 -2 -3 -2 -2 -3 
-1 -1 -1 -1 -1 -1 -1 -1 

-2 3307 -2 -2 -3 -2 1860 -3 
-1 -1 144999 37999 -1 -1 -1 -1 

1664 3307 -2 -2 -3 1248 2674 1663 
-1 3799 144999 37999 1999 -1 -1 1999 

1082 1112 687 251 231 650 600 266 
-1 2143 2801 1329 2333 1885 368 3195 

11390 8378 7138 7745 2099 3249 10395 9800 
12195 13704 26599 11792 9166 8007 6988 12109 

6038 1470 3059 2162 10416 2882 2596 2223 
3825 7347 4927 2696 2603 5028 3052 6221 

-2 -2 -2 -1 -3 -3 -2 -2 
-1 -1 -1 -1 -1 -1 -1 0 

-3 -4 487 1489 -3 261 -4 -4 
-1 331 357 195 -1 625 -1 9 

-2 -2 -2 -2 -2 -2 -2 -2 
-1 -1 -1 -1 -1 -1 -1 -1 

373 -2 -2 -50 -2 -2 102 -2 
-1 2998 -1 -1 -1 -1 1798 -1 

-2 -2 -2 -2 -2 -2 -2 -3 
-1 -1 -1 -1 -1 -1 0 -1 

75 -3 -3 -5 -4 -5 -6 -3 
-1 -1 -1 -1 -1 562 -1 -1 

3613 -3 1149 314 353 199 2162 678 
-1 -1 5699 17768 2999 52855 1999 1999 

3613 -3 1149 2563 1984 9911 2162 678 
1999 -1 7129 18991 2999 52855 1999 6419 

782 476 62 192 247 672 759 58 
1561 1404 1900 2741 2404 2895 38 2394 

4470 5849 4104 3412 6098 5303 5993 2583 
11800 3163 19140 15257 7490 11692 15987 25245 

3619 4305 2406 2508 4939 6326 3917 2683 
11800 6232 11301 15731 7490 7695 13576 16562 

-2 -2 -2 -2 -2 -2 6 -2 
-1 -1 -1 -1 -1 -1 -1 5 

-4 1 -4 -5 -4 -1 377 503 
-1 -1 -1 15 -1 562 -1 409 

-2 -2 52 -2 -2 -2 -2 -3 
-1 -1 -1 -1 -1 -1 -1 38 

1068 971 2082 1953 465 4730 152 234 
4389 8877 3311 4391 1798 1798 3619 9723 

-8 -4 -3 -4 -8 -4 -8 -3 
-1 -1 -1 -1 -1 -1 -1 -1 

-2 -2 -2 -2 -2 -2 -2 -2 
-1 -1 -1 -1 -1 -1 -1 -1 

-2 -2 -2 2141 -2 -2 -2 981 
-1 11999 -1 -1 -1 32999 -1 -1 

-2 -2 1664 2141 1152 -2 -2 981 
-1 11999 -1 -1 -1 32699 -1 2698 

258 -4 405 118 327 512 72 834 
562 2928 268 1930 2816 891 -1 90 

13430 6699 21048 21530 14021 10486 17163 8203 
17172 38663 26380 18887 19567 16243 841 29777 

8331 3191 10888 10559 9187 4996 8188 3489 
9124 22262 17307 7315 17721 9590 2115 14999 

-2 -2 -2 -2 -2 -2 -2 -2 
-1 -1 -1 -1 -1 -1 -1 -1 

287 -5 -4 -4 265 -4 -4 1966 
-1 195 92 -1 1432 4 -1 59 

-2 -2 -2 -2 -3 -2 -2 -3 
-1 -1 -1 -1 -1 -1 -1 -1 

374 1425 1372 1248 1090 1671 1425 1682 
-1 5419 5419 10058 4799 8189 3238 -1 

-2 -2 -2 -2 -2 -2 -2 -2 
-1 -1 -1 -1 -1 -1 -1 -1 

-10 -5 -6 -5 -3 -5 -3 -3 
-1 -1 -1 -1 -1 -1 -1 -1 

1657 1245 -6 -5 -3 -5 -3 -3 
-1 24999 -1 -1 -1 -1 15999 -1 

1657 1245 1423 -5 2497 -5 906 1247 
1999 24999 3999 2999 1999 -1 15999 -1 

573 392 247 58 323 1351 2881 1280 
2270 2713 935 6051 2108 1011 1097 4228 

8269 1918 15408 11896 8364 8402 7052 9299 
4238 23357 10204 10756 13606 6762 20113 30022 

6689 1244 12836 11896 4918 9272 6345 7526 
13619 21021 9438 9680 8926 6762 16291 21885 

-3 -2 -3 -2 -2 -3 -2 -2 
-1 -1 -1 -1 -1 -1 -1 -1 

-5 390 -4 2948 3330 149 -4 -5 
-1 -1 -1 1310 1798 268 -1 470 

-2 -2 -2 -2 -2 -2 -2 -2 
-1 -1 -1 -1 -1 -1 -1 -1 

473 2947 562 865 344 1086 210 1641 
3419 5419 1999 -1 1618 5419 3179 4428 

-3 -8 -4 -6 -4 -4 -5 -3 
-1 -1 -1 -1 -1 -1 -1 -1 

-2 1768 -2 -2 -2 -3 -2 -3 
-1 -1 -1 -1 -1 -1 -1 772 

4998 1768 613 2077 3331 -3 -2 600 
-1 1999 23299 15299 -1 -1 1999 772 

4998 1425 613 2869 3331 1108 -2 600 
1999 1999 20968 15299 2698 -1 1999 772 

558 413 495 262 989 988 1622 1798 
102 4416 6484 2984 1255 1618 371 4587 

13485 9689 9757 3564 6358 7586 5984 5376 
16451 5514 15352 7474 10462 11205 25121 24250 

4212 1909 3173 1359 4045 2349 1092 2320 
3046 2135 3159 4894 2610 10220 7093 8305 

-3 -2 -2 -2 -2 -2 -2 -2 
-1 -1 -1 -1 -1 -1 -1 -1 

68 5763 -2 -4 -4 -4 -2 3 
15 -1 73 -1 0 -1 859 1463 

-2 -2 -2 -2 -3 -2 -2 -2 
-1 -1 -1 -1 -1 -1 -1 -1 

459 1454 499 128 323 301 433 1020 
-1 4389 5218 1456 1618 4389 5419 6299 

-2 -2 -2 -2 -2 -2 -2 -2 
-1 -1 -1 -1 -1 -1 -1 -1 

-6 -6 -6 -4 -5 -7 -10 -6 
-1 -1 -1 -1 -1 -1 -1 -1 

397 -6 -6 2038 -5 1521 -10 -6 
-1 -1 28999 -1 21999 -1 -1 5398 

397 -6 -6 6275 995 1521 -10 994 
-1 -1 29099 4699 21999 -1 1999 5398 

1244 294 326 321 2451 533 596 677 
1631 1132 4415 4217 2677 3848 1641 2571 

6417 8344 3780 11841 8947 4114 4164 11266 
7781 19170 8794 9031 16378 13006 9516 14616 

7025 6753 5993 11841 5849 4114 4133 19122 
6302 22618 7914 8127 19740 13006 9507 13838 

-2 -2 -2 -3 -2 -2 -2 -2 
-1 -1 -1 -1 -1 -1 -1 -1 

-5 -4 9 1164 -5 -4 245 -4 
-1 129 42 -1 -1 -1 -1 278 

-2 -2 -2 -3 -2 -2 -2 -2 
-1 -1 -1 -1 -1 -1 -1 -1 

787 -2 607 381 1042 881 1784 585 
4799 5419 3799 3799 -1 1999 7849 -1 

-5 -8 -5 -6 -4 -7 -5 -5 
-1 -1 -1 -1 -1 -1 -1 -1 

-2 -2 -2 -2 -2 -2 -2 -2 
-1 -1 -1 -1 -1 -1 -1 -1 

-2 3217 -2 -2 -2 -2 546 -2 
-1 -1 -1 7999 -1 -1 131999 -1 

-2 3217 1998 5998 1069 -2 2491 2776 
1999 2999 4699 11179 -1 -1 131999 1999 

1652 2203 1019 638 2776 2234 243 1637 
1375 4637 5167 2475 1452 4661 5728 7301 

10220 14939 7710 10039 7637 18249 13045 21946 
16365 16710 15832 14668 8492 18363 2577 35310 

2574 1472 2995 4085 1109 5920 2404 2647 
3510 4990 3203 2641 1746 3060 3153 6455 

-3 -2 -2 -2 -2 -2 -2 -2 
-1 -1 -1 -1 -1 -1 -1 -1 

48 767 -4 1025 -5 0 2653 -4 
-1 126 403 -1 563 -1 -1 956 

-3 -2 -2 -2 -2 -2 -2 -2 
-1 -1 -1 -1 -1 -1 -1 -1 

224 805 414 2022 498 899 -10 1373 
5419 7039 -1 5419 1998 -1 1998 1999 

-2 -2 -2 -2 -2 -2 -2 -2 
-1 -1 -1 -1 -1 -1 -1 -1 

-9 -5 -7 -7 -7 -5 -3 -4 
-1 -1 -1 -1 -1 -1 -1 -1 

304 -5 -7 3215 -7 957 185 -4 
-1 3999 74499 -1 2999 1999 -1 -1 

304 709 -7 3215 -7 861 2666 -4 
1999 3999 67048 -1 2999 3799 -1 -1 

816 135 153 1336 1056 959 606 3541 
430 4007 2852 5473 4257 5413 2979 1876 

10570 2340 6853 8134 2494 9400 10523 5554 
20914 10029 9575 16137 7756 13758 124 18174 

8952 2505 6163 7315 5147 8455 9465 4997 
18940 9923 9555 24723 6980 13758 111 14720 

-2 -2 -2 -2 -2 -2 -2 -2 
-1 -1 -1 -1 -1 -1 -1 -1 

-4 -4 1378 152 65 299 -5 97 
-1 -1 175 1415 21 47 139 -1 

-2 -2 -2 -2 -2 -2 -2 -2 
-1 -1 -1 -1 -1 -1 -1 -1 

559 -2 342 -51 -3 1123 399 1776 
-1 9659 7461 1999 2914 -1 1999 -1 

-2 -2 -2 -2 -2 -2 -2 -2 
-1 -1 -1 -1 -1 -1 -1 -1 

-4 -5 -5 -5 -6 -4 -6 -5 
-1 -1 -1 -1 -1 -1 -1 -1 

1260 -5 -5 -5 -6 -4 1736 -5 
-1 -1 -1 30999 -1 22999 -1 -1 

1260 -5 -5 4362 1812 -4 1736 620 
-1 2999 1999 31899 -1 22999 1999 -1 

562 1097 979 2784 372 1997 1179 3325 
2047 6693 3480 4485 3103 6932 2853 4830 

14679 11678 7684 6390 10895 14011 12693 10734 
10428 23058 28207 20032 17098 15279 23212 18806 

7003 8507 7347 4287 6309 10920 7268 9658 
8446 22144 12926 10644 11407 13102 20890 14338 

19 -2 -2 -2 -2 -2 -2 -2 
-1 -1 -1 -1 -1 -1 -1 59 

-4 88 552 484 -3 -4 -4 4995 
-1 -1 241 -1 172 127 1798 217 

-2 -2 -2 -2 -2 26 -3 -2 
-1 -1 -1 -1 82 -1 -1 -1 

-10 -2 -2 -2 -2 23 389 -2 
-1 3598 -1 -1 2073 -1 -1 -1 

-2 -2 -2 -2 -2 -2 -2 -2 
-1 -1 -1 -1 -1 -1 -1 -1 

-6 -5 -6 -5 -4 -3 -7 -5 
-1 -1 -1 -1 -1 -1 -1 -1 

2303 2846 642 904 2387 1416 5494 14310 
15969 21033 28189 12328 30539 1798 7669 2999 

3436 4228 2006 904 2387 1416 5494 14310 
17372 21033 27370 12328 30539 3618 7669 2999 

537 1023 1448 122 263 1398 2338 2429 
1964 3813 4150 2041 1583 2342 1420 3351 

9330 7820 9413 2991 8760 5910 20510 6964 
12390 29960 19263 7593 11668 16613 7963 15635 

8392 7037 8468 4253 7882 4471 17948 5768 
15844 29960 15602 7950 12450 16613 9166 11031 

-2 -2 -2 -2 -2 -2 -3 -3 
-1 -1 -1 -1 -1 -1 -1 -1 

216 -4 1149 -4 -5 -4 2381 2 
-1 506 506 -1 330 -1 1456 -1 

-2 236 -3 -2 -2 -2 -2 -2 
-1 -1 -1 -1 -1 -1 -1 74 

504 3344 923 3484 929 432 459 10102 
3700 5257 6482 4931 5881 6812 3256 8684 

-2 -2 -2 -2 -2 -2 -2 -2 
-1 -1 -1 -1 -1 -1 -1 -1 

-6 -4 -5 -7 -6 -3 -4 -8 
-1 -1 -1 -1 -1 -1 -1 -1 

-6 777 1061 -7 3873 -3 -7 -8 
-1 -1 179999 -1 -1 8998 -1 12999 

288 1949 2026 -7 3873 -3 -7 1659 
-1 -1 163999 2999 -1 11088 -1 12999 

316 418 242 1519 705 391 530 2499 
3907 2996 6054 1098 5414 2716 625 866 

7981 11785 10991 11538 9676 8258 21104 6132 
18510 19702 22899 28170 4657 12837 9942 12695 

2991 2413 2895 4145 4618 1859 9113 1911 
7227 8479 8516 6394 2226 4474 3434 4635 

-2 -2 -2 -2 -2 -2 -2 -2 
-1 -1 -1 -1 -1 -1 -1 -1 

4 -3 -5 1308 -1 -5 -5 -4 
-1 1 3 -1 1179 1 -1 -1 

-2 -2 -2 -2 -2 -2 -2 -2 
-1 -1 -1 -1 -1 -1 -1 -1 

204 -2 -2 -51 -2 -2 247 -2 
-1 -1 -1 4999 -1 -1 -1 1999 

-5 -4 -3 -3 -6 -6 -9 -7 
-1 -1 -1 -1 -1 -1 -1 -1 

1325 1735 897 64 2686 -5 52 167 
24499 -1 -1 -1 25739 13799 -1 1999 

1325 2330 2807 1901 2686 -5 52 167 
24499 -1 -1 -1 25739 14977 3799 1999 

597 1667 240 575 1360 722 843 81 
1914 3550 5960 1116 704 1631 1276 3785 

6587 12900 6349 2539 17069 9546 9688 2233 
15148 21666 7060 5016 10015 16516 33066 7132 

5923 11605 6349 2539 16754 9500 9071 2233 
15148 21666 6353 4062 23612 16864 31759 7132 

-2 -2 263 -3 -3 -2 -2 -3 
-1 -1 102 -1 -1 -1 -1 -1 

2245 1713 2947 20 -5 -5 1508 961 
859 1618 -1 1798 2104 -1 963 20 

-2 -2 -2 -2 261 -2 -2 -2 
157 -1 -1 -1 -1 -1 -1 114 

779 373 -2 735 1678 1832 440 1248 
1560 3419 5257 6877 1999 1999 3457 6194 

-2 -2 -2 -2 -2 -2 -2 -2 
-1 -1 -1 -1 -1 -1 -1 -1 

-5 -5 -3 -4 -3 -5 -4 -6 
-1 -1 -1 -1 -1 -1 -1 -1 

3329 3520 -3 -4 -3 534 -4 1537 
-1 1999 -1 1999 1999 8098 120799 10999 

3329 3520 1797 -4 2815 534 -4 2152 
1999 1999 -1 3418 1999 9288 120799 11899 

274 906 387 660 478 146 937 1125 
92 1031 3360 2736 3336 4435 8670 2560 

8988 12728 8883 13757 1944 4876 12468 14019 
9567 23674 9181 11277 12102 9303 6638 28749 

3104 2088 2320 1515 1252 1165 4139 2064 
846 4797 1941 4367 7651 2114 2546 8256 

-2 -3 -2 -3 -2 -2 -2 1 
-1 -1 -1 -1 -1 -1 -1 -1 

-4 -4 -5 46 2152 -4 14 -5 
-1 2 -1 -1 955 9 -1 1 

-2 -2 -2 -2 -2 -2 -2 -2 
-1 -1 -1 -1 -1 -1 -1 -1 

1738 -2 2152 1089 1121 1015 461 12589 
3798 11899 9802 5998 3457 3619 7355 3799 

-5 -6 -5 -5 -7 -4 -6 -5 
-1 -1 -1 -1 -1 -1 -1 -1 

1093 1626 162 -5 3367 -4 -6 -5 
1999 -1 -1 -1 10999 27999 8999 1999 

1093 1626 162 -5 6175 -4 -6 -5 
4799 -1 -1 -1 12709 27999 8999 1999 

362 289 513 1502 1085 873 852 -6 
2596 7862 3973 1176 3873 4860 1764 4521 

8128 7582 8404 7199 6680 5235 9295 4846 
34156 18743 3379 14875 10851 17409 4552 20785 

2170 2625 4026 1861 3176 2525 4310 1288 
13231 10321 1718 5802 4557 8461 2097 7658 

-2 -2 -2 -2 -2 -2 -2 -2 
-1 -1 -1 -1 -1 -1 -1 -1 

269 -4 1271 2433 -4 -5 -4 -3 
-1 298 4 -1 370 0 1618 -1 

-2 -2 -2 -2 -2 -2 -2 -2 
-1 -1 -1 -1 -1 -1 -1 -1 

129 -2 235 1248 -2 365 -2 -2 
2185 -1 3799 -1 -1 -1 1798 -1 

-2 -2 -2 -2 -2 -1 -2 -2 
-1 -1 -1 -1 10 -1 -1 -1 

-3 -5 -7 -5 -4 -4 -6 -5 
-1 -1 -1 -1 -1 -1 -1 -1 

-3 -5 -7 212 -4 2730 -6 -5 
-1 -1 -1 -1 48849 -1 -1 -1 

-3 1662 -7 1671 -4 5903 1661 -5 
-1 -1 -1 1999 44267 2999 1999 -1 

412 393 255 362 87 963 628 112 
772 3400 1661 3010 3683 2209 2435 -1 

18960 10178 5716 6748 13770 5094 7703 4281 
19710 43716 5459 14489 29550 18326 10318 23476 

18960 10178 5136 5460 11830 4121 6229 5397 
19710 43716 3580 13039 26935 30493 8569 23476 

-2 -2 -2 -2 -2 -2 -2 -2 
-1 -1 -1 -1 -1 -1 -1 -1 

-4 4494 28 172 371 195 -4 1636 
1798 -1 368 1429 268 -1 -1 -1 

-2 -2 -2 -2 -2 -2 -2 -2 
-1 -1 -1 -1 -1 -1 -1 -1 

431 1456 774 1464 1242 664 1725 621 
7580 4599 4033 6569 3799 3879 1798 3798 

-2 -2 -2 -2 -2 -2 -2 -2 
-1 -1 -1 -1 -1 -1 -1 -1 

-2 -2 -2 -2 -2 -2 -2 -2 
-1 -1 -1 -1 -1 -1 -1 -1 

1683 -2 -2 -2 -2 1261 -2 -2 
-1 -1 -1 -1 -1 -1 -1 49999 

2348 -2 -2 -2 -2 1801 1426 -2 
1999 -1 1999 -1 -1 1999 -1 49999 

329 234 243 118 388 238 307 489 
182 1470 1272 783 918 1551 1184 2838 

6510 9715 9701 4279 9412 6602 11399 3698 
33807 14853 9776 16297 3579 13542 13795 11416 

6510 9715 9701 3848 9412 7715 11687 3698 
38426 14853 9776 16297 3579 20868 13795 11416 

-4 -4 -5 -8 -3 -5 -6 -6 
-1 -1 -1 -1 -1 -1 -1 -1 

-2 -2 -2 -3 -3 -3 -2 -2 
-1 -1 -1 -1 -1 -1 -1 -1 

-4 626 -4 4 1782 -4 77 -4 
-1 52 220 -1 1 -1 -1 2495 

239 605 -4 4 1298 -4 369 -3 
1798 41 1978 -1 1 3598 1798 2020 

81 -2 -2 -2 -2 -2 -3 -2 
-1 -1 -1 -1 0 -1 -1 17 

-2 -2 -2 -2 -2 -2 -2 -2 
-1 -1 -1 -1 -1 -1 -1 -1 

-2 -2 -2 4062 1064 180 -2 -2 
17399 -1 25999 -1 -1 -1 2999 -1 

-2 3331 1998 4062 4180 931 -2 -2 
17659 -1 25399 1999 1999 -1 4699 -1 

1013 528 1686 1008 1268 1745 333 1966 
4449 6039 5963 2060 4649 5040 1073 2930 

6723 11996 5738 12463 6011 9536 3831 6388 
3467 22752 25388 14006 16592 5004 7527 14299 

2594 8743 6719 7349 3338 4093 2508 2307 
2526 7138 9834 8028 8816 5384 3238 13693 

-6 -6 -7 -7 -4 -7 -5 -5 
-1 -1 -1 -1 -1 -1 -1 -1 

-2 -2 -2 -2 -2 -2 -2 -2 
-1 -1 -1 -1 -1 -1 -1 -1 

-3 1156 -4 863 -5 1866 -4 -3 
331 845 1134 21 8 411 -1 1 

295 934 -4 698 -4 2205 277 -3 
2067 2760 826 1813 4 6832 -1 0 

-6 -4 -5 -7 -5 -7 -5 -6 
-1 -1 -1 -1 -1 -1 -1 -1 

-2 -2 -3 -3 -2 -2 0 -2 
0 -1 -1 -1 -1 -1 -1 -1 

-2 -2 -3 1059 -2 -2 1571 -2 
0 -1 16999 -1 27699 -1 -1 -1 

1109 -2 -3 4703 -2 1248 1571 1152 
3000 -1 18299 -1 27699 -1 4699 -1 

228 647 885 1320 172 1291 585 134 
289 2446 4439 2637 4273 1323 2000 4893 

10162 8057 7692 5554 12995 13734 9118 13932 
14318 21088 9114 39697 9205 18089 4251 10895 

4360 1821 2065 2213 4032 2750 3240 4460 
4042 4592 8289 12892 7328 6305 785 4115 

-2 -2 -2 -2 -2 -2 -2 -2 
-1 -1 -1 -1 -1 -1 -1 -1 

4995 2 6 -2 12 299 -4 -4 
-1 302 -1 -1 1998 -1 -1 5 

-2 -3 -2 -2 -2 -2 -2 -2 
-1 -1 -1 -1 -1 -1 -1 -1 

1064 1619 1332 3282 4194 1117 -2 1386 
7444 7039 6731 3619 1618 9089 1998 8189 

-2 -2 -2 -2 -2 -2 -2 -2 
-1 -1 -1 -1 -1 -1 -1 -1 

-6 -6 -5 -5 -7 -5 -6 -5 
-1 -1 -1 -1 -1 -1 -1 -1 

2715 -6 -5 -5 994 944 -6 -5 
-1 36999 -1 -1 -1 15499 11999 -1 

3276 -6 -5 -5 994 944 1994 -4 
-1 36999 -1 -1 1999 15949 11999 -1 

1047 1416 322 1181 1194 339 653 694 
3055 5520 3969 374 1645 5225 2195 1641 

13520 10173 17950 8713 9888 20398 15232 11587 
25647 34672 25722 16069 17566 17842 9638 34611 

10164 8281 10821 4145 4064 16518 10301 7594 
11039 26895 12301 12115 12982 16251 7806 25056 

-2 -2 38 -2 -2 -2 -2 0 
-1 -1 -1 21 -1 -1 -1 -1 

-5 164 -4 96 73 39 -4 42 
-1 97 82 0 102 127 -1 31 

-2 -2 -2 -2 -2 -2 -3 -2 
-1 -1 -1 -1 -1 -1 -1 -1 

2746 1429 697 414 3592 228 963 1009 
5950 7877 8756 3799 1998 5257 2769 3799 

-5 -4 -5 -4 -4 -5 -6 -6 
-1 -1 -1 -1 -1 -1 -1 -1 

-2 -2 -2 -2 -2 -2 -2 -2 
-1 -1 -1 -1 -1 -1 -1 -1 

-2 -2 2299 -2 -2 -2 1683 -2 
-1 -1 -1 29999 -1 -1 57999 -1 

1536 -2 2299 -2 3748 -2 1683 -2 
-1 -1 3999 29999 -1 -1 57999 -1 

700 276 469 2599 1790 330 274 1152 
298 2168 3672 2671 1758 3964 7751 4869 

2500 14063 5073 10723 10142 8999 8015 4273 
20381 23668 10756 14158 30141 21768 15689 21166 

1747 4788 5265 7534 7389 10837 4247 1319 
12033 13974 4628 15296 16017 11107 10292 12422 

-2 -2 -2 17 -2 -2 -2 -2 
-1 -1 1 -1 -1 -1 -1 -1 

-5 -4 12 -5 266 -5 159 -3 
-1 34 331 6 5 241 -1 -1 

-2 -2 -2 -2 -2 -2 -2 -2 
-1 -1 -1 -1 -1 -1 -1 -1 

2104 477 493 1450 4633 1475 522 355 
-1 4861 5741 5111 6189 1618 7399 8340 

-5 -4 -6 -5 -6 -8 -4 -6 
-1 -1 -1 -1 -1 -1 -1 -1 

-2 -2 -2 -2 -2 -2 -2 -2 
-1 -1 -1 -1 -1 -1 -1 -1 

1702 -2 -2 -2 -2 -2 1261 -2 
-1 29999 -1 22999 -1 -1 -1 -1 

2281 1248 -2 -2 -2 -2 1261 1998 
-1 29999 2999 22699 -1 -1 -1 2999 

633 75 200 587 277 214 383 251 
-1 3405 4059 1813 615 699 257 1365 

3553 4332 6403 5827 3803 8667 7014 8988 
4372 18538 14102 9234 9214 11594 10202 22673 

2797 1387 2331 1571 1464 1140 3374 5292 
14981 7772 4004 4404 1534 6334 2830 7113 

-2 -2 -2 -2 -2 -2 -2 -2 
-1 -1 -1 -1 -1 -1 -1 -1 

332 1280 -4 0 101 -3 -4 16 
141 5 2 5 -1 -1 695 324 

-2 -2 -2 -2 -2 -2 -2 -2 
-1 -1 -1 -1 -1 -1 -1 -1 

726 1198 1420 1504 319 2316 -2 -3 
-1 10270 3418 3619 5419 4267 3886 1999 

-4 -6 -6 -5 -7 -5 -4 -7 
-1 -1 -1 -1 -1 -1 -1 -1 

-2 -2 -2 -2 -2 -2 -2 -2 
-1 -1 -1 -1 -1 -1 -1 -1 

2785 -2 -2 -2 3981 -2 -2 -2 
21799 -1 -1 -1 -1 84999 5398 13669 

3415 1664 -2 -2 3981 -2 -2 -2 
21799 -1 -1 -1 -1 78499 6172 13669 

251 2005 5557 208 1735 1027 1145 494 
918 3577 6402 2571 5550 4204 3677 3685 

14729 17213 14526 12902 6544 11850 13206 24463 
6243 35905 23395 18881 11691 34529 16180 20549 

5109 5378 7377 7079 3866 5569 6732 14431 
2499 29082 8930 9029 6653 27017 5076 11285 

-2 -2 -2 -2 -2 -2 -3 -2 
-1 -1 -1 -1 -1 -1 -1 -1 

-4 -5 -5 1157 -3 -4 -5 1158 
-1 506 -1 -1 1060 -1 -1 0 

-2 -2 -2 -2 138 -2 -2 -2 
-1 -1 -1 -1 -1 -1 -1 48 

1237 1426 91 809 2235 1248 1484 1597 
2623 8189 1456 3799 2999 6731 7685 3838 

-2 -2 -2 -2 -2 -2 -2 -2 
-1 -1 -1 -1 -1 -1 -1 -1 

-5 -6 -4 -5 -5 -5 -8 -6 
-1 -1 -1 -1 -1 -1 -1 -1 

-5 -6 -4 -5 -5 -5 1751 2175 
-1 31999 -1 -1 -1 57999 -1 -1 

-5 -5 -4 -5 -5 2138 2325 2175 
2999 31799 -1 -1 -1 52198 -1 -1 

221 82 375 2240 154 79 204 1076 
1218 1662 2300 1350 1483 4164 759 -1 

10590 14881 3593 9028 12336 5815 10002 2136 
2288 11243 13882 12211 10245 14804 26316 14004 

4809 4188 9208 3479 5501 3420 4801 1499 
1093 8996 11196 5970 8048 6415 13514 6760 

-3 -2 -2 -2 -2 -2 -2 -2 
-1 -1 -1 -1 -1 -1 -1 -1 

-3 -3 66 -4 214 -4 -4 -4 
53 -1 -1 127 -1 -1 -1 -1 

-2 -2 -2 -2 -2 -2 -2 -2 
-1 -1 -1 -1 -1 -1 -1 -1 

296 -2 -2 -2 -2 -2 -2 -2 
-1 -1 -1 -1 -1 -1 2698 1618 

-2 -2 -2 -2 39 1 -2 -3 
-1 -1 -1 -1 -1 82 -1 -1 

-9 -3 -4 -4 -6 -6 -5 -4 
-1 -1 -1 -1 -1 -1 -1 -1 

214 1140 867 -4 -12 2048 -5 1810 
15999 -1 23699 -1 19519 1798 -1 -1 

214 2523 867 -4 3677 6843 -5 1810 
15999 1999 24329 1999 19567 1798 1999 -1 

714 394 3198 1307 1236 442 2050 343 
1274 5457 999 5471 7757 5330 74 9404 

8150 5065 8039 12453 8869 3733 23469 8285 
8434 31067 20092 30704 9142 25533 7400 10598 

4491 2623 4894 9073 4255 1767 10089 8234 
3266 22647 13181 17026 5397 13010 3184 5067 

-2 -3 -2 -2 -2 -2 -2 -3 
-1 -1 -1 -1 -1 -1 -1 -1 

6063 19 35 504 1824 604 -2 -2 
-1 0 1998 260 65 3247 -1 305 

-2 -2 -2 -2 -2 -2 -2 -2 
-1 -1 -1 -1 -1 -1 -1 -1 

189 2912 58 1778 354 1390 156 571 
1998 1999 3619 6731 3619 5419 4492 -1 

-5 -5 -3 -4 -4 -8 -7 -4 
-1 -1 -1 -1 -1 -1 -1 -1 

-2 -2 -2 -2 -2 -2 -2 -2 
-1 -1 -1 -1 -1 -1 -1 -1 

3221 1266 -3 -2 -3 -2 -2 355 
48999 -1 -1 11299 7999 -1 -1 -1 

3732 1266 2689 1664 -3 -2 -2 355 
48099 -1 -1 12169 7999 -1 -1 3799 

322 940 1228 1721 1453 646 753 833 
3212 6321 700 1865 6045 852 59 10457 

10486 4320 6219 8916 6165 4336 11743 6756 
8779 20752 17472 13769 23309 7548 25999 9961 

9435 2539 3208 7992 3630 2471 5911 4786 
4197 11696 14151 11033 16142 5630 14234 9342 

-2 -2 -2 -2 -2 -2 -2 -2 
-1 -1 -1 -1 -1 -1 -1 -1 

-4 -4 4821 -4 542 81 407 -4 
175 331 -1 -1 1456 191 -1 1398 

-2 -2 -2 -2 -2 -3 -2 -2 
-1 -1 -1 -1 -1 -1 -1 -1 

1683 1394 816 2059 1790 577 2331 149 
10117 3076 8277 10765 1310 7931 1618 6812 

-2 -2 -2 -2 -2 -2 -2 -2 
-1 -1 -1 -1 -1 -1 -1 -1 

-4 -4 -6 -4 -6 -4 -5 -4 
-1 -1 -1 -1 -1 -1 -1 -1 

-4 -4 856 -4 -6 -4 239 3838 
1999 -1 -1 -1 165999 9999 -1 -1 

-4 -4 856 -4 -6 1360 1124 4882 
1999 -1 -1 1999 151399 9999 -1 2999 

369 990 1349 1130 2315 851 262 599 
459 4921 2974 3057 9902 3388 194 6778 

9307 1041 4603 2758 4370 3314 10197 3049 
2186 16014 7290 10731 13744 12937 2044 11265 

5488 486 5426 2000 2569 1408 5081 3049 
1802 12970 5313 7039 10018 13037 976 10138 

-2 -2 -2 -3 -2 -2 -2 -2 
-1 -1 -1 -1 -1 -1 -1 -1 

24 -4 15 148 217 -3 -4 -3 
-1 127 51 -1 -1 94 -1 7 

-2 -2 -2 -2 -2 -2 -2 -2 
-1 -1 -1 -1 -1 -1 -1 -1 

90 2201 1031 907 -2 623 310 826 
-1 3799 8918 6319 -1 1998 1999 -1 

-2 -2 -2 -2 -2 -2 -2 -2 
-1 -1 -1 -1 -1 -1 -1 -1 

-7 -4 -4 -3 -6 -5 -5 -5 
-1 -1 -1 -1 -1 -1 -1 -1 

-7 1645 -4 -3 -6 1149 -5 849 
23999 -1 -1 -1 -1 6999 -1 -1 

-7 1645 1067 1663 -6 4359 -5 849 
24599 -1 1999 1999 -1 9299 -1 -1 

1069 1451 36 1792 996 2035 524 717 
1400 7282 1068 2064 4662 10624 -1 7687 

12941 9755 7472 4164 1491 8214 6021 15176 
41105 8569 7498 20891 11500 10675 8262 15652 

11004 9057 7472 4164 4385 8161 5414 13656 
50994 8569 6748 20721 11114 9607 8262 15652 

-2 -2 -2 -2 -2 0 -2 -2 
-1 -1 0 -1 -1 -1 -1 -1 

-5 -3 -3 -4 -4 -4 -2 -5 
-1 0 -1 -1 -1 -1 -1 -1 

-3 -2 -2 -3 -3 -2 -2 -2 
-1 -1 -1 -1 -1 -1 -1 -1 

3538 1004 8125 2188 987 617 452 2354 
2428 5419 11433 4437 3457 13401 1618 -1 

-2 -2 -2 -2 -2 -2 -2 -2 
-1 -1 -1 -1 -1 -1 -1 -1 

-6 -6 -5 -4 -6 -6 -6 -3 
-1 -1 -1 -1 -1 -1 -1 -1 

-6 -6 1732 1871 -6 1057 2744 -3 
4999 7999 2999 -1 -1 -1 16999 21999 

827 -6 1732 3181 -6 1057 2744 -3 
4999 7999 2999 -1 -1 -1 16999 20467 

241 20 194 1394 -5 474 189 289 
950 572 2233 625 1998 1043 470 3963 

20085 11432 14073 14661 5599 8404 11090 1947 
15260 29799 33779 20240 9491 10427 4423 13628 

9280 3967 10351 4579 3865 6121 5884 3073 
9010 9042 22375 14754 6084 12140 4637 8046 

-2 -3 -2 -3 -2 -2 -2 -3 
-1 -1 -1 -1 -1 -1 -1 -1 

-4 -3 5 -4 -4 3376 63 47 
-1 105 1798 1 -1 12 -1 130 

-2 -2 -2 -2 -2 -2 -2 -2 
-1 -1 -1 -1 -1 -1 -1 -1 

357 2446 445 748 366 960 1379 1123 
2185 5419 1998 10913 6419 -1 3179 8335 

-3 -2 -2 -2 -2 -2 -2 67 
-1 -1 -1 -1 -1 -1 19 30 

-7 -6 -7 -5 -4 -5 -6 -3 
-1 -1 -1 -1 -1 -1 -1 -1 

1610 -6 -7 1115 1838 -5 -6 -3 
2999 -1 -1 21999 -1 21399 -1 -1 

2699 -6 -7 1115 1838 3328 -6 934 
2999 -1 2999 21999 -1 21259 2999 -1 

1146 535 3141 1130 391 699 231 1153 
870 5246 1398 4370 2372 2004 2829 5596 

12471 6492 9872 19547 15840 13976 8456 10270 
3549 22694 12227 27789 15267 19463 16122 24309 

7203 6102 6751 12816 12217 8239 4984 5797 
1236 26996 9479 14767 9014 17516 17671 17665 

-2 -3 -2 -2 -2 -2 -3 -2 
-1 -1 -1 -1 -1 -1 -1 -1 

-4 -4 36 99 -3 1 2653 -4 
-1 -1 -1 545 -1 -1 -1 10 

-2 18 -2 -2 -2 -2 -2 -2 
-1 -1 24 -1 -1 -1 -1 -1 

612 416 278 450 210 331 -3 563 
-1 -1 4002 1999 3076 4229 2242 4731 

-2 -2 -2 -2 -2 -2 -2 -2 
-1 -1 -1 -1 -1 -1 -1 -1 

-6 -3 -9 -6 -6 -4 -4 -8 
-1 -1 -1 -1 -1 -1 -1 -1 

-6 3436 -9 -6 -6 -4 1680 -8 
-1 -1 -1 32999 -1 151999 -1 -1 

-5 3436 -9 -6 1105 -4 1680 1991 
2698 2999 -1 32999 -1 151999 1999 -1 

339 948 91 203 876 116 344 71 
2166 1507 1717 2995 2542 4836 1437 2331 

11270 16958 14805 18467 15718 20566 9434 20980 
12469 23157 29800 26760 17444 10967 18402 20452 

7703 12353 13759 18467 10639 12258 6176 16985 
9089 23741 21723 24083 16129 18430 16561 9759 

-3 -3 -3 -2 -3 -3 759 -3 
-1 -1 -1 409 -1 -1 -1 -1 

-4 231 -4 56 -4 1309 412 -4 
-1 59 -1 241 1618 -1 66 -1 

-2 -2 -2 -2 -2 -2 -2 -2 
-1 -1 -1 -1 -1 -1 -1 -1 

-2 -2 -2 -2 -2 -2 0 -2 
-1 -1 -1 -1 -1 -1 1 -1 

520 -3 331 660 1186 511 538 1900 
1998 1798 2185 7911 2185 9189 4569 4389 

-8 -5 -5 -7 -3 -3 -5 -5 
-1 -1 -1 -1 -1 -1 -1 -1 

-8 -5 -5 2427 -3 971 -5 507 
49149 -1 -1 8999 -1 -1 -1 -1 

1659 -5 -5 2427 -3 971 1495 1170 
49149 -1 -1 8999 1999 4699 -1 -1 

202 170 180 37 107 50 558 254 
3826 455 3220 913 867 975 1456 2285 

12840 14622 7337 7960 14153 5162 11776 12724 
17772 15216 31209 13267 10135 15727 20115 13453 

5609 3693 2212 2080 2760 2937 5308 6744 
6884 5479 9792 3033 4096 7157 16528 7148 

-2 -2 -3 -2 -3 -2 -2 -2 
-1 -1 -1 -1 -1 -1 -1 -1 

-4 111 341 -3 -4 -3 -2 1896 
66 1061 615 382 1 -1 -1 0 

-2 -2 -2 -3 -2 -2 -2 -2 
-1 -1 -1 -1 -1 -1 -1 -1 

478 814 -55 807 1439 2121 970 388 
3456 11870 6506 4319 3311 2999 1456 3799 

-2 -2 -2 -2 -2 -2 -2 -2 
-1 -1 -1 -1 -1 -1 -1 -1 

-4 -6 -11 -4 -5 -4 -5 -6 
-1 -1 -1 -1 -1 -1 -1 -1 

-4 994 -11 -4 -5 2175 -5 -6 
-1 11999 -1 -1 -1 -1 33999 -1 

-4 2323 -11 1329 -5 4511 -5 -6 
-1 12799 3999 -1 -1 2999 32599 -1 

220 842 1974 2692 1241 2066 268 1233 
1114 5661 4607 4608 3685 1877 2669 3365 

6951 10547 15107 6616 9605 9390 9336 17416 
22798 18598 13829 17576 19035 24499 11422 9374 

1405 2903 4626 2659 2407 3573 3970 6541 
6223 6944 4338 6254 8192 8435 3224 5559 

-3 -2 -2 -2 -2 -3 -2 -2 
-1 -1 -1 -1 -1 -1 -1 -1 

-4 -4 4496 641 -4 -5 -3 -3 
-1 1998 -1 -1 -1 -1 331 -1 

-3 -2 -2 -2 -2 -2 -2 -2 
-1 -1 -1 -1 -1 -1 -1 -1 

662 740 712 -3 674 -2 283 140 
4858 -1 -1 3799 -1 3799 4877 1310 

-2 -2 -2 -2 -2 -2 -2 -2 
-1 -1 -1 -1 -1 -1 -1 -1 

-4 -7 -7 -6 -4 -5 -7 -5 
-1 -1 -1 -1 -1 -1 -1 -1 

2743 -7 -7 -6 -4 -5 -7 -5 
-1 22999 -1 -1 -1 -1 28999 -1 

3968 -7 -7 903 2496 1106 -7 -5 
-1 22999 2999 1999 -1 2999 28099 -1 

1164 4308 1479 1767 1260 2313 654 1920 
3153 6413 8389 5819 4242 8649 1321 10870 

7851 6160 9820 8432 3452 14044 14976 15047 
12248 7714 27049 3200 9765 21194 11175 14944 

3368 3001 3063 1124 3935 5427 3524 3837 
6004 2804 6874 1776 5240 9122 6429 4688 

-2 -2 -2 -2 -2 -2 -2 -2 
-1 -1 -1 -1 -1 -1 -1 -1 

-5 1903 0 964 -4 21 -4 1932 
-1 776 -1 1623 -1 -1 -1 1431 

-2 -2 -2 -2 -2 -2 -2 -2 
-1 -1 -1 -1 -1 -1 -1 -1 

-2 342 996 524 -2 -2 751 1631 
1999 1999 5599 -1 3111 -1 3799 4998 

-5 -7 -8 -4 -6 -6 -6 -6 
-1 -1 -1 -1 -1 -1 -1 -1 

-2 -2 -2 -2 -2 -2 -2 -2 
-1 -1 -1 -1 -1 -1 -1 -1 

-2 2904 -2 -6 1060 -2 -2 329 
-1 -1 -1 -1 19299 -1 43299 -1 

-2 3935 -2 -6 2382 -2 -2 329 
1999 -1 -1 3799 19299 -1 43299 -1 

1166 1004 1439 501 1465 492 700 524 
2245 11706 -1 1869 3926 2175 2473 4070 

8032 9596 4790 4988 4020 11497 12495 14776 
2826 21349 7575 22459 15091 12979 6353 17121 

3829 2954 4070 3003 3383 3994 7365 3327 
580 10145 4640 9666 9358 5585 5145 9497 

-3 -2 -2 -2 -2 -2 -2 -2 
-1 -1 -1 -1 -1 -1 -1 -1 

-4 3034 121 2895 360 -3 -2 -4 
-1 82 -1 48 1618 2235 -1 53 

-2 -2 -2 -2 -2 219 -1 -2 
-1 -1 -1 -1 0 -1 -1 82 

76 -2 -21 -2 -2 219 262 -2 
1798 2428 -1 -1 0 -1 -1 82 

-2 -2 -2 -2 -2 -2 -2 -2 
-1 -1 -1 -1 -1 -1 -1 -1 

-4 -7 -7 -4 -4 -5 -6 -6 
-1 -1 -1 -1 -1 -1 -1 -1 

-3 4816 1037 16162 -4 1380 869 -6 
8299 -1 17999 -1 2428 16719 4999 9332 

-3 6477 1037 16162 -4 2151 2844 1494 
9469 4699 18199 -1 5185 16719 4999 9332 

1663 3091 1746 3430 1335 1168 1285 1366 
5821 9142 4905 4115 7528 7420 4895 6804 

4843 16131 10427 10901 14450 8460 7843 17204 
16856 14427 13271 10006 13653 19677 16065 11620 

3124 3191 2582 2972 3278 2931 3169 5062 
3579 6899 5295 3968 3121 2951 10682 4050 

-2 -2 -2 -2 -2 -2 -2 -2 
-1 -1 -1 -1 -1 -1 -1 -1 

-4 694 -3 -4 3210 0 -4 356 
-1 2998 216 -1 683 102 -1 33 

-2 -2 -2 -2 -2 -2 -2 -2 
-1 -1 -1 -1 -1 -1 -1 -1 

310 407 -9 1426 827 716 485 694 
1999 7443 1798 4228 4429 2698 -1 -1 

-2 -2 -3 -3 -3 -2 -3 -2 
-1 -1 -1 -1 -1 -1 -1 -1 

-2 -5 -3 -5 -3 -5 -5 -5 
-1 -1 -1 -1 -1 -1 -1 -1 

-2 3234 913 -5 -3 -5 -5 1078 
22699 -1 -1 -1 -1 56999 -1 -1 

-2 3234 821 -5 -3 1245 764 1078 
22699 -1 1999 -1 -1 56999 1999 -1 

63 879 218 83 324 157 304 246 
1906 2083 1140 1920 1048 1558 1023 772 

4382 15166 11444 9314 6766 13426 10430 13612 
4901 12751 20984 14942 20237 14253 14270 11791 

2298 7622 6063 6995 2603 3394 4473 8496 
2343 9869 11093 8822 8710 8415 6388 6031 

-2 -2 -2 -2 -2 -2 -2 -2 
-1 -1 -1 -1 -1 -1 -1 -1 

-3 92 -5 -4 -5 -4 85 -1 
-1 155 0 -1 -1 -1 10 13 

-2 -3 -2 -2 -2 -2 -2 562 
-1 -1 -1 1179 -1 -1 -1 -1 

2785 1947 1130 2052 2823 3361 851 777 
1998 6319 8570 9495 15236 1999 2769 7912 

-4 -7 -3 -4 -6 -5 -4 -4 
-1 -1 -1 -1 -1 -1 -1 -1 

-2 -2 -2 -2 -2 -2 -2 -2 
-1 -1 -1 -1 -1 -1 -1 -1 

-2 -2 -2 1164 -2 -2 1681 -2 
-1 -1 -1 20999 -1 32999 -1 -1 

4998 -2 3331 2547 1426 2665 1681 -2 
-1 1999 -1 20899 6319 32999 -1 1999 

1825 5438 2657 1084 1535 893 1168 660 
1876 5933 5186 6140 4145 7809 2574 6581 

14336 10265 13523 12911 7267 25921 7773 9660 
5536 28863 16430 8917 16283 23155 21217 28178 

3625 3189 2892 2059 1779 9015 4239 1590 
4524 7335 5154 2265 7676 4765 4045 7761 

-2 -2 -2 -3 -2 -3 -2 -2 
-1 -1 -1 -1 -1 -1 -1 -1 

4 136 2235 -4 27 80 -3 -3 
-1 92 376 268 27 -1 -1 33 

-2 -2 -2 -2 -3 -3 -2 -2 
-1 -1 -1 -1 -1 -1 -1 -1 

624 308 335 1347 1206 254 292 467 
7647 3076 3799 4877 2698 -1 2428 3643 

-2 -2 -2 -2 -2 -2 -2 -2 
-1 -1 -1 -1 -1 -1 -1 -1 

-7 -4 -5 -4 -5 -7 -6 -4 
-1 -1 -1 -1 -1 -1 -1 -1 

1799 -4 2950 -4 -5 -7 -6 -4 
-1 -1 38999 103999 -1 -1 -1 -1 

2619 -4 3139 996 -5 1660 -6 -4 
-1 1999 38999 86239 -1 4699 -1 -1 

364 11 645 18 258 250 231 778 
1592 655 2336 7427 260 656 -1 2393 

6710 5435 7825 8416 7983 9054 14228 6491 
910 16199 8310 11152 27959 11959 259 11979 

2084 2581 5832 5510 7926 6950 7384 2549 
390 8422 6371 5925 12896 7147 14362 6218 

-3 -2 -3 -2 128 -2 -2 -2 
-1 -1 -1 -1 -1 -1 141 -1 

1 -1 2695 -3 -3 -5 -4 -2 
-1 -1 1 0 1626 -1 -1 0 

-2 -2 -2 -2 -2 -2 -2 -2 
-1 -1 -1 -1 -1 -1 -1 -1 

161 -2 340 -3 1248 966 1335 -3 
1998 6877 1998 1798 4048 -1 4318 5938 

-7 -5 -7 -5 -5 -7 -5 -6 
-1 -1 -1 -1 -1 -1 -1 -1 

-2 -2 -2 -2 -2 -2 -2 -2 
-1 -1 -1 -1 -1 -1 -1 -1 

3380 -2 440 959 680 -2 -2 -2 
-1 5999 -1 -1 -1 15149 22999 -1 

3380 2141 1824 959 680 907 -2 1248 
-1 7399 1999 1999 2999 15149 22999 -1 

198 535 701 326 320 311 301 323 
506 2007 4072 531 1021 3542 971 562 

9249 3740 7883 3416 5245 3118 10529 4452 
2408 17901 14997 6768 29225 6656 9669 29015 

6730 2590 6379 3126 5473 6523 7214 3152 
2459 29782 13369 9981 16711 2319 7831 24771 

-2 -2 -2 -2 -2 -2 -2 -2 
-1 -1 -1 -1 -1 -1 -1 -1 

-2 -2 -2 -2 -2 -2 -2 -2 
-1 -1 -1 -1 -1 -1 -1 -1 

36 0 -3 19 -3 -4 0 -4 
-1 15 -1 13 6 -1 -1 15 

567 0 -2 16 -16 -3 0 -4 
2999 15 2999 11 3 -1 -1 11 

-2 92 -2 -2 -2 -2 -2 -2 
-1 -1 -1 -1 -1 -1 74 -1 

-3 -5 -6 -5 -6 -4 -4 -3 
-1 -1 -1 -1 -1 -1 -1 -1 

-3 2287 -6 4995 238 -4 -4 792 
32999 1999 -1 -1 -1 -1 1999 6999 

2426 3308 -6 7395 238 -4 -4 792 
32999 1999 4699 -1 3799 -1 3799 6999 

950 903 433 727 319 129 711 179 
2852 1948 3240 2041 1104 1153 568 2701 

8124 4305 10969 5208 12107 6110 8606 4328 
6062 25510 20093 9969 12115 9378 14926 18134 

4562 3128 7187 2922 8563 2905 5919 3078 
3961 16374 13176 11297 11108 4982 8812 8672 

-2 -3 -3 -2 -2 -2 -2 -3 
-1 -1 -1 -1 -1 -1 -1 -1 

-4 -4 898 -4 746 -5 -4 84 
-1 368 506 157 59 5 -1 -1 

-2 -2 -2 -2 -2 -3 1288 -2 
-1 -1 -1 772 -1 -1 -1 -1 

281 1873 540 219 516 451 1256 -2 
1999 1999 1618 562 4769 1798 -1 9370 

-2 -2 -2 -2 -2 -2 -2 -2 
-1 -1 -1 -1 -1 -1 -1 -1 

-6 -8 -5 -5 -4 -5 -6 -4 
-1 -1 -1 -1 -1 -1 -1 -1 

2393 -8 -5 -5 -4 -5 585 -4 
-1 70999 -1 -1 10999 -1 -1 -1 

3582 -8 -5 -5 -4 995 585 2496 
-1 70999 -1 1999 12899 1999 -1 -1 

812 159 897 362 1895 158 210 610 
6883 2549 2231 2391 5186 1508 2837 4679 

6070 4586 11186 11374 7001 11336 16701 6048 
14827 27298 18379 26949 9769 8530 17589 17480 

6296 4127 10066 11374 7001 9870 16701 7617 
14827 23911 18379 24253 9769 9677 25830 15958 

-2 -3 -2 -2 -3 -2 -2 -3 
-1 -1 -1 -1 -1 -1 -1 -1 

14 -4 -5 -4 -1 1 1875 -4 
-1 368 125 506 0 1 506 -1 

-2 -2 -2 -2 -2 -2 -2 -2 
-1 -1 -1 -1 -1 -1 -1 -1 

331 1168 -2 928 320 1217 361 2080 
-1 5419 3618 1999 -1 3799 5799 5419 

-2 -2 -2 -2 -2 -2 -2 -2 
-1 -1 -1 -1 -1 -1 -1 -1 

-4 -5 -7 -3 -7 -4 -5 -6 
-1 -1 -1 -1 -1 -1 -1 -1 

1663 -5 -7 -3 -7 -4 1453 -6 
-1 27999 -1 -1 -1 29999 -1 -1 

1663 1995 -7 -3 762 1107 3807 -6 
1999 27999 -1 1999 -1 28999 1999 -1 

181 296 -6 251 31 476 254 370 
344 1184 1796 336 845 1687 141 1061 

7767 10374 9936 13749 21966 10434 19024 7109 
6234 18391 16409 23653 5985 20073 11336 13608 

3941 7426 6504 8258 10161 7331 14139 4690 
5610 13059 11961 12569 8591 11852 4878 15528 

-2 -2 12 -2 -2 -3 -2 -2 
-1 -1 -1 -1 -1 7 -1 -1 

286 5 128 401 -4 1270 -4 -4 
-1 319 -1 19 -1 -1 5 506 

-3 -2 -3 -2 -2 -2 -2 -3 
-1 -1 -1 -1 -1 -1 -1 -1 

266 -2 -3 -2 -2 -2 -11 -3 
2999 -1 2999 -1 -1 -1 -1 -1 

-2 -2 -2 -2 -2 -2 -2 -2 
-1 -1 -1 -1 -1 -1 -1 -1 

-4 -4 -5 -3 -5 -3 -8 -5 
-1 -1 -1 -1 -1 -1 -1 -1 

-4 -4 -5 -3 -5 958 -8 1114 
14999 -1 -1 -1 -1 14999 -1 -1 

-4 1596 -5 -3 -5 2528 -8 1114 
15499 -1 -1 -1 -1 15499 1999 -1 

337 1019 754 326 119 338 568 481 
1473 3234 2130 1147 706 1842 1501 2662 

14788 4341 12320 8364 10339 7242 10787 11262 
20457 12660 18837 12393 22236 19528 1297 21270 

11179 2292 9975 4728 10138 4263 8144 8135 
18411 24240 10009 10879 13129 17575 3181 14876 

-2 -2 -2 -2 -2 -2 -2 -2 
-1 -1 -1 -1 -1 -1 -1 -1 

27 6 244 -3 0 -4 13 40 
-1 244 4 0 -1 -1 -1 135 

-2 -2 -2 -2 -2 -2 -2 -2 
-1 -1 -1 -1 -1 -1 -1 -1 

304 698 -2 1226 292 355 345 638 
4798 3111 3799 1998 1999 1999 4999 1999 

-2 -3 -3 -2 -2 -2 -2 -2 
-1 -1 -1 -1 -1 -1 -1 -1 

-5 -5 -6 -5 -4 -4 -8 -5 
-1 -1 -1 -1 -1 -1 -1 -1 

383 3328 4220 -5 957 5305 -8 -5 
-1 -1 63898 -1 104699 14999 17999 1798 

383 2995 4220 -5 957 5305 548 1424 
-1 1999 57508 -1 104699 14999 18199 1798 

420 207 131 274 689 706 178 790 
-1 15 2020 2803 3387 481 1064 3509 

4221 1733 6307 1827 3639 6183 8895 3988 
3105 12432 5282 9082 5119 4523 1370 8727 

1716 731 1764 319 1254 4570 2493 990 
3335 8399 1206 1225 1866 8062 203 3379 

-2 -3 -2 -2 -2 -2 -3 -2 
-1 -1 -1 -1 -1 -1 -1 -1 

1197 -5 -3 112 2 -3 581 -5 
-1 92 130 -1 1395 -1 1044 -1 

6 -2 -3 -3 -2 -3 -2 -3 
-1 -1 30 -1 -1 -1 -1 -1 

2611 2144 1381 2175 2243 1457 1311 2264 
1456 15970 11114 12945 9525 1618 12540 4492 

-2 -2 -2 -2 -2 -2 -2 -2 
-1 -1 -1 -1 -1 -1 -1 -1 

1121 -6 -4 -4 -7 -4 -4 4995 
-1 1798 -1 -1 -1 -1 1998 -1 

1842 -6 -4 -4 1056 2496 -4 4495 
31999 16756 -1 -1 9898 -1 1998 -1 

1842 2591 -4 -4 2950 2496 -4 4495 
31999 18080 1999 -1 9898 -1 3798 -1 

557 1349 762 5112 1488 1942 216 3470 
4486 3496 6428 5135 8467 3556 2159 6292 

11750 10903 15115 9941 6049 11892 10446 8469 
11044 18809 20113 10999 24905 18704 17621 9678 

7694 5199 9357 9941 3961 8658 6482 5533 
9875 12339 20405 8017 14705 9939 14272 11349 

-2 -2 -2 -2 100 -2 -2 -3 
-1 -1 -1 -1 -1 66 -1 -1 

211 -4 4996 154 1 -3 -3 -4 
1618 13 -1 591 -1 -1 -1 -1 

-3 -3 -2 -2 -2 -2 -2 -2 
-1 -1 -1 -1 -1 -1 -1 -1 

278 -3 1360 1321 705 -2 771 560 
-1 4257 4389 6999 5077 1618 5570 -1 

-2 -2 -2 -2 -2 -2 -2 -2 
-1 -1 -1 -1 -1 -1 -1 -1 

-8 -4 -7 -3 -4 -4 -6 -5 
-1 -1 -1 -1 -1 -1 -1 -1 

3802 -4 941 346 -4 -4 -6 -5 
-1 2999 31999 10999 -1 -1 -1 -1 

3802 -4 2210 346 1424 -4 -6 1359 
1999 2999 31799 12899 -1 -1 -1 -1 

198 3169 928 198 310 532 1466 1038 
1059 4109 5159 3713 2184 954 625 5122 

7026 7371 7156 503 4348 17642 13192 3537 
15909 13797 21478 9618 19273 6293 917 21681 

4599 5365 4683 804 5044 9363 7003 3610 
8453 8146 11413 7678 10280 17697 3668 17425 

-2 -2 -2 -2 -2 -2 -2 -2 
-1 -1 -1 -1 -1 -1 -1 -1 

136 -3 2652 -3 1589 1 1304 -5 
-1 1061 -1 769 -1 4 -1 498 

-2 -2 -2 -2 -2 -2 -2 -3 
-1 -1 -1 -1 -1 -1 -1 -1 

825 431 874 141 225 1358 -2 705 
6174 6918 1999 -1 3799 1456 5148 1999 

-2 -2 -2 -2 -2 -2 -2 -2 
-1 -1 -1 -1 -1 -1 -1 -1 

-5 -6 -9 -4 -4 -4 -7 -4 
-1 -1 -1 -1 -1 -1 -1 -1 

3675 5463 -9 -4 4163 -4 -7 -4 
-1 8599 1999 149699 -1 -1 -1 -1 

3675 6345 706 -4 4163 -4 618 -4 
-1 8599 1999 149699 -1 -1 -1 5419 

588 768 122 136 404 178 240 262 
455 1454 2878 10788 2134 -1 964 1625 

10928 12955 14885 9225 10626 8626 16555 12071 
37411 33708 16605 13506 23650 20994 7611 13166 

10008 8492 13394 10802 7736 5647 14257 10863 
37411 19903 14944 25155 27256 13773 8993 10664 

-2 -2 -2 -2 -2 0 -2 -2 
-1 -1 -1 -1 -1 -1 0 -1 

-4 -3 -2 -4 31 -4 -6 -4 
-1 10 35 -1 -1 -1 -1 15 

-2 -2 0 -2 -2 -2 -2 -2 
-1 0 -1 -1 -1 -1 -1 -1 

270 712 1432 1472 3097 1816 669 446 
-1 3619 1999 -1 10865 1999 6258 9189 

-2 -2 -2 -2 -2 -2 -2 -2 
-1 -1 -1 -1 -1 -1 -1 -1 

-5 -6 -7 -4 -8 -4 -6 -4 
-1 -1 -1 -1 -1 -1 -1 -1 

-5 -6 -7 1007 -8 -4 1821 -4 
37999 17999 -1 -1 -1 -1 -1 -1 

-5 -5 -7 3049 -8 -4 2576 -4 
37999 17999 -1 2999 -1 2698 -1 -1 

57 -4 57 123 -5 51 508 -4 
1172 1378 82 101 427 101 -1 -1 

22934 10161 10455 3883 10740 8409 5871 5280 
3809 26579 14308 9030 6965 10639 8977 16755 

22934 10161 11409 3883 9660 6540 7492 4747 
3809 21528 14308 12127 6965 23217 6543 16755 

-2 -2 -2 -2 5 -2 -3 -2 
-1 4 -1 -1 -1 -1 -1 -1 

1472 -3 1327 612 -3 -3 -3 139 
859 -1 859 -1 -1 411 -1 809 

-2 -3 -2 4 -2 -3 -2 -2 
-1 -1 -1 -1 -1 -1 12 -1 

313 89 609 3 727 1700 2024 992 
5799 4885 1618 3805 3799 1618 1808 5438 

-2 -2 -2 -2 -2 -2 -2 -2 
-1 -1 -1 -1 -1 -1 -1 -1 

-5 -7 -8 -3 -4 -7 -4 -4 
-1 -1 -1 -1 -1 -1 -1 -1 

3373 -8 1531 1059 -4 247 2646 -4 
128799 -1 -1 16999 3999 -1 1999 2698 

3373 -8 2627 1619 -4 1131 2646 -4 
128799 3799 -1 16999 3999 -1 3799 2698 

474 1126 2067 494 1098 414 474 1254 
2609 7179 4422 2367 1259 5995 3751 4964 

19020 15430 7495 10795 12772 9001 10576 9835 
7124 21178 15405 23585 19707 35327 3271 21335 

17112 8184 4055 3745 6778 6411 4359 8847 
5405 11028 12095 23111 10472 20859 1563 11337 

-2 -2 -2 -2 -2 -3 -2 -2 
-1 -1 -1 -1 -1 -1 -1 -1 

18 175 843 -4 -4 459 2386 755 
0 0 146 -1 -1 345 -1 1794 

-3 -2 -2 -3 -2 -2 -2 -2 
-1 -1 -1 -1 -1 -1 -1 -1 

627 2682 3336 675 3126 9208 815 4998 
1618 3799 7663 5750 7663 6419 7819 9694 

-2 -2 -2 -2 -2 -2 -2 -2 
-1 -1 -1 -1 -1 -1 -1 -1 

-8 -7 -7 -6 -5 -6 -5 -5 
-1 -1 -1 -1 -1 -1 -1 -1 

-8 1184 -7 -6 -5 -6 1982 -5 
-1 -1 -1 -1 -1 30999 14999 -1 

707 1184 -6 1423 -5 -6 1982 -5 
-1 -1 -1 -1 -1 29899 14999 1798 

38 239 442 539 267 -4 314 -5 
-1 562 241 3321 2200 1895 461 30 

8467 22018 4605 11437 9161 12700 6425 12818 
9407 17815 19017 7970 16001 16457 23165 19911 

5855 4920 3256 8326 3964 7214 3055 4946 
4048 9466 11166 4705 8490 8983 11078 10253 

-2 -2 -2 -2 -2 -2 -2 -2 
-1 -1 -1 -1 -1 -1 -1 -1 

2041 67 -4 -5 -4 -5 2 -4 
-1 -1 380 -1 243 -1 -1 -1 

-2 -2 -2 -2 -2 -2 -2 -2 
-1 -1 -1 -1 -1 -1 -1 -1 

1610 667 2373 756 3363 1310 275 575 
5701 8999 3799 7225 6438 -1 1618 8643 

-2 -2 -2 -2 -3 -2 -2 -2 
-1 -1 -1 -1 -1 -1 -1 -1 

-5 -5 -4 -4 -5 -7 -6 -5 
-1 -1 -1 -1 -1 -1 -1 -1 

-5 -5 -4 -4 -5 -7 1887 3431 
-1 -1 -1 -1 191099 -1 -1 -1 

-5 1245 3329 -4 -5 1748 1887 3921 
1999 -1 -1 1999 158590 -1 -1 1999 

494 971 1430 4101 764 840 696 1340 
1343 5614 3339 3830 8075 2014 3466 8398 

9141 6454 17595 12923 8019 4115 16962 13121 
20908 19761 11924 7111 30103 9648 5595 11246 

7394 7018 17595 12923 8328 4115 16962 13121 
32817 19784 11924 7559 30092 8683 5595 11246 

-2 -2 -2 -2 -2 -2 -2 -2 
-1 -1 -1 -1 -1 -1 -1 -1 

-4 -5 31 953 -4 -5 -3 -4 
-1 60 34 -1 -1 562 -1 -1 

-2 -3 -2 -2 -3 -2 -2 -2 
-1 -1 -1 -1 -1 -1 -1 -1 

898 830 -2 1116 -37 -2 700 762 
1999 6999 1798 -1 3799 -1 7964 2999 

-2 -2 -2 -2 -2 -2 -2 -2 
-1 -1 -1 -1 -1 -1 -1 -1 

-4 -6 -6 -3 -5 -7 -6 -3 
-1 -1 -1 -1 -1 -1 -1 -1 

-4 262 -6 -3 -5 1006 2084 -3 
-1 -1 -1 -1 -1 -1 42399 3999 

1246 262 1244 -3 -5 1006 1875 -3 
-1 -1 -1 1999 -1 2999 42399 3999 

1340 760 2225 53 664 1902 832 351 
4126 3267 2255 5191 7485 1157 3918 5416 

13973 11176 20450 7674 6413 9097 9429 8828 
18930 12756 12684 6186 27326 30647 10165 22236 

9155 5994 5783 2862 3776 4782 3592 6060 
7230 6100 5979 5010 12985 20898 5401 8448 

-2 -2 -2 -2 -2 -2 -2 -2 
-1 -1 -1 -1 -1 -1 -1 -1 

-4 111 -3 394 1352 2021 1 -4 
-1 1618 268 74 -1 1507 -1 143 

-2 -2 2 32 73 -2 -2 -2 
-1 -1 10 10 -1 21 -1 -1 

-11 907 1171 525 2173 -2 500 1604 
1998 5419 10 2007 5606 14 -1 6877 

-2 -2 -2 -2 -2 -2 -2 -2 
-1 -1 -1 -1 -1 -1 -1 -1 

-4 -7 -7 -5 -7 -8 -5 -4 
-1 -1 -1 -1 -1 -1 -1 -1 

-4 2398 -7 -5 -7 -8 1462 -4 
-1 -1 26999 -1 -1 62999 -1 -1 

-4 2398 -7 -5 707 3326 1871 -4 
-1 -1 26299 -1 1999 62999 -1 1999 

274 1488 691 151 428 180 177 512 
-1 4407 1802 3308 285 8820 1325 834 

10033 4557 6589 5801 18179 10271 12179 7144 
12532 10548 16008 27156 8652 11657 12043 13354 

1564 711 508 1173 1272 574 1313 798 
395 3473 2964 1904 2974 1031 1315 1838 

30 -2 -2 -2 -2 -2 -2 -2 
-1 -1 -1 43 -1 -1 -1 -1 

3012 18 -3 577 -5 299 -4 -3 
-1 175 774 -1 -1 1066 -1 102 

-2 -2 -2 -2 -2 -2 -2 -2 
-1 -1 -1 -1 -1 -1 -1 -1 

761 1229 -2 -2 -2 67 -2 284 
1998 7319 -1 1999 -1 -1 4799 -1 

-2 -2 -2 -2 -2 -2 -2 -2 
-1 -1 -1 -1 -1 -1 -1 -1 

-4 -3 -7 -6 -4 -4 -7 -4 
-1 -1 -1 -1 -1 -1 -1 -1 

-4 -3 -7 1713 1058 -4 235 -4 
-1 -1 32999 -1 2999 -1 -1 16999 

-4 -3 -7 1713 2380 -4 1365 1424 
4799 1999 32999 -1 2999 -1 -1 16999 

841 1723 765 780 2017 1802 1261 1614 
25 4500 5931 3463 5060 6812 1300 11493 

13611 7091 7555 9931 3839 5362 6373 7508 
38777 10939 16419 14156 14577 11831 8620 30976 

5254 3378 3559 4257 3515 2287 4583 5307 
16667 9571 12386 9092 13119 5091 4828 14480 

-2 -2 -2 -2 -2 -2 -3 -2 
-1 -1 -1 -1 -1 -1 -1 -1 

458 -4 -3 -3 12 6 -4 73 
-1 -1 -1 777 -1 268 -1 7 

-2 -2 -2 -2 -2 -2 -2 -2 
-1 -1 -1 -1 -1 -1 -1 -1 

-2 -2 -2 -2 -2 -2 -2 -2 
-1 -1 -1 -1 -1 -1 -1 -1 

223 850 2099 3595 1168 147 193 912 
3619 1999 5257 -1 3619 4569 9728 1998 

-4 -6 -4 -9 -5 -4 -3 -4 
-1 -1 -1 -1 -1 -1 -1 -1 

2663 -6 -4 -9 -5 -4 -3 -4 
-1 -1 -1 -1 103999 -1 -1 -1 

12396 1244 -4 -9 638 -4 1663 -4 
1999 -1 -1 -1 96599 1999 1999 -1 

1820 1004 650 557 537 249 1005 102 
1482 3247 3346 2720 5473 3553 48 6277 

21786 15281 4141 9217 7718 9977 11629 8764 
23514 16091 17685 17314 21174 8146 19695 18085 

8855 7309 1430 3811 3158 4461 6855 4107 
11346 8945 8457 9576 8202 4817 8476 8737 

-2 -2 -2 -1 1965 -2 -3 -2 
-1 -1 -1 -1 -1 1060 -1 -1 

-4 3027 2 523 -3 -4 -4 394 
-1 463 -1 -1 -1 15 -1 1318 

-2 -2 -2 -2 -2 -2 -2 -2 
-1 -1 -1 -1 -1 -1 -1 -1 

1336 524 856 -2 498 623 -2 3124 
1798 12142 1999 3799 3799 -1 5425 2999 

-2 -2 -2 -2 -2 -2 -2 -2 
-1 -1 -1 -1 -1 -1 -1 -1 

-4 -5 -4 -7 -6 -6 -4 -4 
-1 -1 -1 -1 -1 -1 -1 -1 

-4 1061 5795 -7 182 -6 5234 -4 
-1 -1 122799 -1 12999 -1 2999 17999 

-4 1061 6814 -7 1830 -6 5234 1424 
-1 1999 122799 2999 14329 -1 2999 17999 

518 32 292 1900 1079 145 945 2524 
-1 5343 5862 1609 2532 3245 891 2594 

3933 5896 4246 13542 15105 8385 8571 10327 
28968 23148 18399 8574 16333 11109 6102 21227 

2566 4369 2007 6865 9898 3994 6408 7515 
19005 15668 15270 12071 8649 9997 3307 12461 

-2 -3 -2 -2 -2 -2 -2 -3 
-1 -1 -1 -1 -1 -1 -1 -1 

-6 -5 332 -4 138 -4 -4 -4 
-1 176 562 -1 -1 -1 -1 2 

-2 -2 -2 -2 -2 -2 -3 -2 
-1 -1 -1 -1 -1 -1 -1 -1 

-2 1377 771 564 7968 276 698 651 
4798 2999 3799 6731 5419 3799 2491 7112 

-2 -2 -2 -2 -2 -2 -2 -2 
-1 -1 -1 -1 -1 -1 -1 -1 

-6 -4 -8 -6 -4 -6 -5 -5 
-1 -1 -1 -1 -1 -1 -1 -1 

-6 -4 -8 2007 -4 -6 -5 1185 
-1 -1 14999 -1 -1 30999 -1 -1 

429 -4 -8 2007 3329 -6 -4 1185 
-1 -1 14999 1999 -1 26908 -1 -1 

611 466 895 404 789 910 548 1491 
4637 2014 4355 3714 3259 3590 625 4310 

16501 10250 8543 446 11966 1680 15755 3286 
17973 15140 13458 15602 13336 19977 15581 24195 

5152 4403 4624 6591 3737 577 4491 1404 
7328 7322 3799 16584 4183 6267 6035 9391 

-3 -2 -2 -2 -2 -2 -2 -2 
-1 -1 -1 -1 -1 -1 -1 -1 

487 400 -4 0 -4 -3 2182 7 
-1 2 -1 -1 177 -1 0 569 

-2 -2 -2 -2 -2 -3 -2 -2 
-1 -1 -1 -1 -1 -1 -1 -1 

312 1315 -10 597 406 319 826 1097 
-1 3799 3799 1998 3799 5599 1998 3619 

-2 -2 -2 -2 -2 -2 -2 -2 
-1 -1 -1 -1 -1 -1 -1 -1 

-5 -7 -6 -4 -5 -4 -5 -7 
-1 -1 -1 -1 -1 -1 -1 -1 

239 -7 3950 -4 -5 -4 -5 1023 
13999 1999 -1 -1 124999 -1 -1 -1 

239 -7 13555 1663 1245 2896 -5 5774 
14599 3799 -1 -1 114499 5419 1999 1999 

993 192 1034 537 161 281 356 754 
2338 196 1093 2523 10801 2491 471 3472 

15025 6190 6669 3664 10960 1638 9130 1606 
16871 12163 4678 10450 14869 22078 3863 10640 

15025 6190 6669 6341 10960 1638 8651 3296 
16871 12163 4678 10450 13381 21870 5476 23576 

-2 -2 -2 -2 -2 -2 -2 -2 
-1 -1 -1 -1 -1 -1 -1 -1 

-5 405 -5 -5 -1 1589 -4 -3 
-1 -1 -1 6 -1 553 -1 331 

27 -2 -2 -2 -2 -3 -2 -2 
-1 -1 -1 -1 -1 -1 38 -1 

462 -2 819 997 664 -59 -2 582 
7190 1999 1999 -1 -1 2999 34 1999 

-5 -4 -5 -6 -4 -5 -3 -5 
-1 -1 -1 -1 -1 -1 -1 -1 

-2 -2 -2 -2 -2 -2 -2 -2 
-1 -1 -1 -1 -1 -1 -1 -1 

-2 643 -2 -2 -2 1010 3851 -2 
130999 -1 -1 7999 -1 15999 -1 -1 

-2 643 2148 1664 -2 1010 3851 -2 
109909 -1 -1 7999 -1 15999 1999 -1 

151 493 2457 229 1256 945 793 1222 
1016 3124 7111 3156 5506 1679 1043 6748 

5979 6404 9237 11458 18595 12685 15179 14538 
10031 21456 16946 14038 11666 14663 25745 26445 

5979 6180 9278 11458 18595 12685 16704 14538 
10031 20979 16946 26634 11666 15196 25745 26445 

-2 -2 2950 -2 -3 -3 -3 -2 
-1 -1 -1 -1 -1 -1 -1 1618 

-4 -4 -3 -4 504 -4 -2 295 
-1 0 368 -1 845 -1 -1 -1 

-2 -2 -2 -2 -2 -2 -2 -2 
-1 -1 -1 -1 -1 -1 -1 -1 

-11 444 320 -2 -2 -2 775 -6 
3619 -1 1999 -1 1998 -1 1798 -1 

-2 -2 -2 -2 -2 -2 -2 -2 
-1 -1 -1 -1 -1 -1 -1 -1 

-5 -6 -7 -4 -5 -5 -7 -5 
-1 -1 -1 -1 -1 -1 -1 -1 

-5 -6 1938 1874 -5 1106 460 -5 
-1 -1 23199 9699 13999 -1 -1 -1 

-5 -6 1938 3686 995 2870 460 -5 
-1 -1 23199 9699 15139 2999 -1 -1 

440 1140 690 809 1488 805 656 805 
933 1553 2832 5172 2586 3493 2323 4335 

12518 17643 11549 7718 11176 12189 11065 12306 
13206 18686 19508 14413 30955 22004 11979 23394 

7135 13531 8408 8774 11176 9862 7653 11072 
10696 16935 15801 14413 26873 14436 9072 27569 

-2 2 -2 -2 -2 -2 -2 -2 
-1 -1 -1 -1 -1 -1 -1 -1 

236 -5 6869 -4 155 261 -3 -5 
-1 1310 127 2654 -1 -1 -1 555 

-2 -2 -2 -2 -2 1289 -3 -2 
-1 -1 1179 -1 -1 -1 -1 -1 

242 2622 1171 1954 1785 5543 476 2080 
3179 7355 8139 8958 5419 7606 1998 3799 

-2 -2 -2 -2 -2 -2 -2 -2 
-1 -1 -1 -1 -1 -1 -1 -1 

-6 -5 -5 -5 -3 -4 -4 -5 
-1 -1 -1 -1 -1 -1 -1 -1 

-6 -5 1388 1134 466 -4 3148 -5 
17399 -1 2999 16999 -1 -1 144999 -1 

-6 1245 1388 1134 466 3043 3987 -5 
17399 -1 2999 17299 2999 1999 144999 4699 

379 1726 2528 2258 3265 3543 623 2250 
4962 11033 5470 8428 5262 3557 9080 3915 

7417 11867 19801 9308 17376 20133 10031 10499 
25671 27574 22176 14500 21057 13662 11812 19120 

4324 11495 12985 4441 6751 8510 6576 6052 
27048 16026 14548 5304 11428 8962 5648 13207 

-2 -2 1741 -2 -2 -2 -2 -2 
-1 -1 -1 -1 -1 506 -1 -1 

-3 -3 713 79 -3 18 58 2339 
-1 102 17 1230 1063 21 -1 74 

-2 -2 -2 -2 -2 -2 -2 -2 
-1 -1 -1 -1 -1 -1 -1 -1 

-7 -2 -2 1131 231 -2 310 -2 
1999 -1 3111 1798 -1 -1 2769 -1 

-2 -2 -2 -2 -2 -1 -2 6 
-1 1 -1 -1 -1 -1 -1 -1 

-5 -5 -6 -6 -4 -4 -6 -3 
-1 -1 -1 -1 -1 -1 -1 -1 

1882 -5 -6 -6 -4 1107 -6 -3 
39999 -1 -1 -1 -1 -1 19999 -1 

2527 662 -6 -6 -4 2246 1148 -3 
39999 2999 4699 -1 -1 -1 19999 1999 

648 692 1856 211 89 444 690 128 
4404 990 1646 1017 -1 4394 2746 506 

7630 9059 10691 10977 6397 2985 4221 9231 
18916 9880 12939 21084 11083 8105 1996 13717 

7918 8148 9617 10712 5755 5729 3806 8303 
17024 8891 12939 18975 9974 8564 15796 18419 

-2 -2 -2 -3 -2 -2 -2 -2 
-1 -1 -1 -1 -1 -1 -1 -1 

496 44 395 -3 -1 499 -4 0 
409 -1 114 114 413 -1 5 13 

-3 -2 -2 -2 -2 -3 -2 -3 
-1 -1 -1 -1 -1 -1 -1 -1 

961 1713 956 2022 1877 1863 1718 2207 
5436 8650 7039 7949 3798 2998 1798 10433 

-2 -2 -2 -2 -2 -2 -2 -2 
-1 -1 -1 -1 -1 -1 -1 -1 

-5 -4 -6 -7 -4 -5 -4 -4 
-1 -1 -1 -1 -1 -1 -1 -1 

-5 -4 2216 -7 -4 -5 1824 -4 
55999 -1 -1 -1 33999 -1 -1 -1 

995 -3 3917 -7 -4 662 1824 9996 
55999 -1 1999 4999 30598 -1 -1 3799 

139 -4 146 799 494 375 509 1516 
3165 1756 1540 1175 4021 2532 1807 2814 

8421 15955 10096 11099 9055 14430 13464 11093 
10176 22111 28645 12156 15156 24820 24278 14433 

6126 7896 7348 5605 4795 8510 7004 6817 
3889 13055 18531 17452 14248 11432 15331 9468 

-3 -2 -2 -2 -3 -2 -1 -2 
-1 -1 -1 -1 -1 0 -1 -1 

-5 -4 -4 2 286 -4 80 298 
-1 19 210 -1 -1 -1 -1 141 

-2 -2 -2 -3 -2 66 -2 -2 
-1 -1 92 -1 -1 -1 -1 -1 

1179 664 301 -53 448 58 452 -2 
1998 6229 82 -1 -1 -1 1798 4186 

-6 -4 -7 -4 -4 -3 -6 -4 
-1 -1 -1 -1 -1 -1 -1 -1 

-2 -2 -2 -2 -2 -2 -2 -2 
-1 -1 -1 -1 -1 -1 -1 -1 

-2 1081 -2 -2 -2 -2 5094 1560 
12999 19999 -1 -1 -1 -1 52999 -1 

712 1081 -2 2534 -2 -2 6251 1560 
12999 17998 1999 -1 -1 1999 49699 -1 

1479 591 92 1516 368 211 1339 3312 
1559 4975 3146 2350 3763 1426 6204 1516 

11931 10514 11286 8291 12921 9962 15547 7268 
14354 19961 20432 19807 11391 9362 10854 15325 

14071 10514 10154 6710 11623 9542 12983 5967 
14354 24193 16514 17826 11391 7582 9768 14413 

-2 -2 -2 -2 -2 -2 -2 -3 
-1 -1 -1 -1 -1 -1 -1 -1 

-4 2024 -3 -4 18 -5 18 -4 
-1 92 -1 -1 27 2 1179 -1 

-2 -2 -2 -2 -2 -2 -2 -2 
-1 -1 -1 -1 -1 -1 -1 -1 

1387 712 1929 2560 767 767 864 1608 
2999 10039 6731 1999 1999 6319 -1 5419 

-2 -2 -2 -2 -2 -2 -2 -2 
-1 -1 -1 -1 -1 -1 -1 -1 

-5 -7 -6 -5 -6 -5 -6 -4 
-1 -1 -1 -1 -1 -1 -1 -1 

1678 -7 -6 -5 1161 -5 -6 -4 
-1 -1 33999 -1 -1 -1 -1 20999 

1678 1855 -6 -5 1161 -5 1244 -4 
1999 -1 33999 -1 -1 1999 1999 20999 

116 186 13 162 389 108 518 434 
1809 -1 2986 -1 246 2750 141 4351 

9189 9278 13428 4863 11495 11233 10713 9222 
21790 24285 3279 11001 7689 11043 10489 21432 

9982 3359 9475 2718 7530 9124 7793 4886 
19449 14107 1741 6495 4085 18721 4514 15623 

-2 -2 -2 -2 -3 -2 -2 -3 
-1 -1 -1 -1 -1 -1 -1 -1 

0 1921 200 -5 0 -4 1265 681 
0 1220 -1 562 155 -1 -1 220 

-2 -2 -2 -2 -2 -3 -2 -2 
-1 -1 -1 -1 -1 -1 -1 -1 

2871 1268 2414 1354 2537 897 1028 1639 
3311 6877 9819 8004 6357 -1 7777 3799 

-2 -2 -2 -2 -2 -2 -2 -2 
-1 -1 -1 -1 -1 -1 -1 -1 

-4 -5 -5 -7 -6 -5 -6 -5 
-1 -1 -1 -1 -1 -1 -1 -1 

-4 409 -5 -6 3438 -5 -6 -5 
-1 20499 -1 -1 -1 32999 -1 -1 

-4 409 -5 -6 3438 1424 708 1066 
-1 20449 1999 -1 -1 32999 2999 -1 

1856 445 508 837 808 94 721 88 
773 2273 1147 778 5234 1401 498 3210 

7080 11480 11505 19199 11839 19825 9173 11568 
20801 14178 10475 15286 10969 18387 18047 29546 

3199 4422 6779 8600 4214 9047 3612 6387 
4757 11955 5565 6578 15005 16348 9693 7830 

-2 -2 -2 -2 -2 -2 -2 -2 
-1 -1 -1 -1 -1 -1 -1 -1 

-4 354 6917 -4 3974 140 -5 -4 
-1 774 2137 -1 -1 7 1179 1977 

-3 -2 -3 -2 -2 -2 -3 -3 
-1 -1 -1 -1 -1 -1 -1 -1 

332 1683 737 692 682 -10 418 1492 
7931 1618 5419 2428 3799 4498 1618 6189 

-2 -2 -2 -2 -2 -2 -2 -2 
-1 -1 -1 -1 -1 -1 -1 -1 

-4 -5 -8 -5 -7 -4 -5 -4 
-1 -1 -1 -1 -1 -1 -1 -1 

-4 2805 -8 237 -7 1009 1813 -4 
60999 -1 -1 -1 17659 -1 -1 3999 

-4 2805 -8 1213 -7 1009 1627 1098 
54898 -1 1999 -1 17659 2999 -1 3999 

-5 139 47 75 1545 799 258 16 
1642 497 360 1015 2009 167 368 230 

5728 6739 4624 9870 13947 6414 16906 8099 
9766 13301 8374 14649 15673 14500 19255 15984 

4745 4902 3367 9118 12547 4760 18258 5899 
9766 11903 8782 9961 12694 11744 17329 20081 

-2 -2 -2 -2 -2 -2 -2 -2 
-1 -1 -1 -1 -1 -1 -1 -1 

-3 -4 497 -3 -4 1526 -4 -4 
-1 706 -1 -1 954 -1 -1 83 

-2 -2 0 -2 0 -2 -2 -2 
-1 -1 -1 -1 -1 2 -1 -1 

311 -2 299 103 1166 -2 -2 -2 
3419 -1 -1 -1 1998 2001 -1 2698 

-2 -2 -2 -2 -2 -2 -2 -2 
-1 -1 -1 -1 -1 -1 -1 -1 

-3 -6 -5 -3 20 -4 -3 -5 
-1 -1 -1 -1 -1 -1 -1 8 

-3 1011 3606 552 4659 240 -3 -5 
-1 11999 1999 -1 131799 -1 4699 8 

3747 1011 4245 552 5193 2716 -3 -5 
-1 11999 3799 -1 131799 6319 4699 8 

1155 981 1259 3043 1754 1557 747 1398 
4785 7950 1626 6500 7202 7560 2460 6466 

20173 17250 12117 13840 17511 18846 10014 21527 
14229 20939 19209 21605 18720 17604 25321 21991 

12505 11304 7775 11749 12090 11114 6880 10278 
10372 23852 9186 12300 15162 9481 14950 17812 

-2 -2 -2 -2 -2 -2 683 -2 
-1 368 -1 -1 -1 -1 -1 -1 

267 0 -4 -4 -3 21 56 339 
-1 0 -1 65 -1 -1 -1 639 

-2 -2 -2 -2 -2 -2 -2 -2 
-1 -1 -1 -1 -1 -1 -1 -1 

462 655 -2 -37 -2 -2 169 -2 
5398 2698 -1 -1 1798 -1 1798 -1 

-2 -2 -2 -2 -2 -2 -2 -2 
-1 -1 -1 -1 -1 -1 -1 -1 

-5 -5 -6 1009 -4 -3 -6 -4 
-1 -1 1998 -1 -1 -1 -1 -1 

1328 2311 1088 2723 -3 5690 1011 418 
8998 1999 7218 18159 -1 16199 -1 6172 

1328 2311 1088 3879 -3 5690 2618 418 
8998 1999 7218 18343 -1 16199 -1 7554 

318 161 50 870 917 428 296 100 
1341 157 1398 1837 1290 1942 455 1314 

15759 11732 11889 9544 10399 6586 16670 4794 
11870 11898 15508 19865 18192 38128 13001 18186 

3986 8542 6560 6492 3013 2045 4232 2123 
5778 10454 5006 6543 8700 19298 8377 5392 

-2 -3 -2 -2 -2 -3 79 -2 
-1 -1 -1 -1 -1 -1 -1 38 

-5 -4 -5 3328 -4 3782 -4 2831 
-1 1998 127 10 92 -1 3805 -1 

-2 -3 -3 -3 -3 -2 -3 -2 
-1 -1 -1 -1 -1 -1 -1 -1 

1178 1625 732 1017 2715 2095 883 1165 
9180 9239 6257 4569 9603 3598 3619 11433 

-2 -2 -2 -2 -2 -2 -2 -2 
-1 -1 -1 -1 -1 -1 -1 -1 

-11 -5 -4 -4 -7 -5 -6 -5 
-1 -1 -1 -1 -1 -1 -1 -1 

1185 -5 873 -4 -7 239 1751 -5 
-1 -1 8799 -1 -1 -1 19999 9999 

1185 -5 873 -4 -7 1465 5204 -5 
-1 -1 11919 1999 -1 -1 20999 9999 

406 70 14 -7 3111 305 482 1451 
1815 1699 2732 481 969 505 766 476 

11929 8731 9860 10832 8692 7220 21086 4452 
16660 19554 25069 10485 17855 5565 24909 24249 

7581 6056 5810 5734 6534 5850 13039 2858 
12388 11599 16802 7502 8538 4056 21504 14886 

-2 844 -2 -2 -3 -2 -2 -2 
-1 -1 -1 -1 -1 455 -1 -1 

157 64 -4 -5 -4 4495 4 69 
-1 1712 45 -1 125 -1 -1 -1 

-2 -2 -2 -2 13 -2 -3 -2 
-1 -1 0 -1 0 -1 -1 -1 

452 1481 517 2690 1029 343 542 1492 
4319 6408 1799 1798 3419 7589 5257 9545 

-2 -2 -2 -2 -2 -2 -2 -2 
-1 -1 -1 -1 -1 -1 -1 -1 

-4 -6 -6 -6 -8 -4 -5 -5 
-1 -1 -1 -1 -1 -1 -1 -1 

782 161 855 1057 -8 -4 273 -5 
1999 19767 -1 -1 -1 16999 9999 -1 

2578 161 855 2379 -8 -4 273 1106 
1999 19767 -1 -1 3999 16999 12899 -1 

241 2769 3247 1954 2837 731 828 2022 
2114 4177 4755 3872 4190 4608 4032 7079 

12423 17741 10894 9593 7605 1564 19063 8358 
7046 14382 28102 15780 16903 16525 12902 32511 

5925 9665 5194 4886 3621 812 9337 3366 
3369 9121 14933 6455 9980 8293 4997 13887 

-2 -2 -2 -2 -2 -2 -2 -2 
-1 -1 -1 -1 -1 -1 -1 -1 

627 -4 -3 80 5818 -5 -4 -4 
455 2000 197 1 -1 -1 -1 859 

-2 -2 -3 -2 -2 6 -2 -2 
-1 -1 -1 -1 -1 -1 -1 4 

-2 -2 -2 -2 -2 -2 -2 -2 
-1 -1 -1 -1 -1 -1 -1 -1 

563 3232 1468 1057 831 1841 -2 570 
6877 3799 1798 1999 3619 5419 4048 3803 

-5 -5 -4 -6 -3 -6 -9 -5 
-1 -1 -1 -1 -1 -1 -1 -1 

-5 2495 -4 -6 -3 -6 1639 -5 
-1 -1 -1 -1 -1 28999 -1 67999 

-5 3495 -4 -6 -3 1066 1639 1359 
4699 -1 2999 -1 -1 28999 -1 67999 

345 996 324 592 2857 1921 1090 1976 
1893 5385 2376 4092 4175 3679 1061 9215 

11068 12430 8746 14887 10357 4360 9626 17461 
12237 14169 9223 16404 18855 23258 10415 24009 

7246 7669 3767 5954 6386 7908 5104 6067 
4152 15272 8672 9637 10019 8883 6832 13282 

-2 -2 -2 -2 -2 -2 -3 -2 
-1 -1 -1 -1 -1 -1 -1 -1 

12 2183 -4 1739 -4 2652 -4 -3 
-1 955 456 -1 -1 -1 -1 635 

-3 41 -2 -3 -2 -2 -3 -3 
-1 19 -1 -1 -1 -1 -1 -1 

196 41 1217 -2 -3 410 -3 1628 
-1 4713 1999 -1 1456 1798 1798 4186 

-2 -2 -2 -2 -2 -2 -2 -2 
-1 -1 -1 -1 -1 -1 -1 -1 

-3 -5 -5 -5 -5 -4 -4 -6 
-1 -1 -1 -1 -1 -1 -1 -1 

-3 -5 2185 -5 -5 -4 1626 -6 
-1 -1 -1 52999 -1 -1 29999 -1 

-3 828 4466 -5 995 -4 2574 -6 
-1 4799 -1 52999 1999 -1 29999 -1 

281 402 319 788 913 553 348 211 
684 1412 3604 4428 3114 2802 1085 1619 

15400 13268 10858 3536 3525 5778 8946 8598 
2932 20032 19036 7997 20537 11246 19424 18901 

11219 6735 7805 1501 3641 4014 4261 5066 
12858 13142 10875 4899 7159 7565 11502 10135 

-2 -2 -2 -2 -2 -2 -2 -2 
-1 -1 -1 -1 -1 -1 -1 -1 

-2 1326 3 -3 -3 -4 1025 -3 
-1 0 -1 -1 1061 1312 -1 -1 

-2 -2 -2 -2 -2 -2 -2 -2 
-1 -1 -1 -1 -1 -1 -1 -1 

-2 -2 -40 -2 -2 -2 349 -2 
-1 1618 2999 -1 -1 -1 -1 -1 

-2 -2 -2 -2 -2 -2 -2 -2 
-1 -1 -1 -1 -1 -1 -1 -1 

-4 -5 504 6 2020 -6 -3 -2 
-1 -1 658 -1 1456 -1 -1 -1 

1355 -5 3424 6 2020 -6 -3 -2 
-1 -1 658 -1 1456 27999 -1 100999 

1355 904 3424 2363 1817 -6 -3 -2 
-1 -1 2592 -1 1456 27999 1999 83608 

262 1792 1050 1022 1646 853 229 5975 
2776 7939 6268 3861 6323 9966 371 4907 

12154 18128 3409 15346 10406 3046 5496 8129 
29799 9152 20288 12229 10938 8820 4772 15094 

8168 11886 1798 7326 4377 2458 11204 3994 
13783 3544 13310 5037 9167 7976 15565 11718 

-2 -2 -2 -2 -2 -2 -2 -3 
-1 -1 -1 -1 -1 -1 -1 -1 

543 2156 -3 408 63 -1 1431 1307 
-1 1588 59 334 1310 -1 -1 268 

-2 -2 -2 -2 -2 -2 -2 -2 
-1 -1 -1 -1 -1 -1 -1 -1 

170 -2 -2 -2 -2 -36 262 1108 
-1 -1 -1 -1 3799 2698 -1 -1 

-2 -2 -2 -2 -2 -2 -2 -2 
-1 -1 -1 -1 -1 -1 -1 -1 

-5 -4 -7 -7 -4 -5 -6 -4 
-1 -1 -1 -1 -1 -1 -1 -1 

-5 -4 -7 247 -4 1044 4468 -4 
-1 -1 33999 2999 -1 -1 -1 16999 

-5 710 -7 2444 1996 2050 5521 -4 
1999 -1 32599 4699 2999 -1 -1 19299 

573 295 2384 2122 1416 37 1902 -4 
2636 4603 3179 1882 2705 1394 -1 5158 

8528 5327 11202 8835 6013 12938 10071 13762 
12764 19023 4073 13128 10628 29041 11855 12896 

1760 2953 2291 1087 1106 1625 3144 2944 
5546 2581 1599 4095 2961 7380 4132 1409 

-3 -2 -2 -2 -2 -2 -3 -3 
-1 -1 -1 -1 -1 -1 -1 -1 

1964 22 -1 4 2182 -4 15 -4 
-1 8 1456 1457 3 -1 -1 37 

-2 -2 -2 -2 -2 -2 -2 -2 
-1 -1 -1 -1 -1 -1 -1 -1 

1866 4022 1035 1181 1014 1014 268 852 
4257 12153 1798 5257 6877 2769 1998 9501 

-2 -2 -2 -2 -2 -2 -2 -2 
-1 -1 -1 -1 -1 -1 -1 -1 

-3 -6 -9 -7 -7 -4 -4 -5 
-1 -1 -1 -1 -1 -1 -1 -1 

-3 -6 -9 581 2756 -4 -9 5381 
-1 3999 -1 5999 8999 9999 20999 -1 

1425 -6 -9 1189 2756 -4 1658 6717 
-1 5599 1999 5999 10099 9999 20999 2999 

453 851 1629 416 1747 109 826 518 
-1 2062 4819 4405 1563 3059 3896 1402 

10936 7265 10900 5764 5374 8720 15768 11691 
2185 22018 14746 13826 22852 12294 11470 11458 

3157 3607 4208 1995 2263 2584 4136 7108 
4621 14392 7542 8562 8741 4098 3598 3993 

-2 -2 1409 -2 -2 154 -2 -2 
-1 -1 -1 -1 -1 -1 -1 1059 

-2 -2 -2 -2 -2 -2 -2 -3 
-1 -1 -1 -1 -1 -1 -1 -1 

20 120 401 71 266 1192 -4 -2 
241 439 -1 324 455 38 -1 102 

6709 1212 3635 1130 2931 2540 1083 1492 
6129 6640 11681 8905 8458 6752 1456 6618 

-2 -2 -2 -2 -2 -2 -2 -2 
-1 -1 -1 -1 -1 -1 -1 -1 

-7 -4 -7 -5 -5 -3 -4 -5 
-1 -1 -1 -1 -1 -1 -1 -1 

1267 -4 941 -5 1151 -3 737 -5 
10199 -1 12799 1999 12899 4999 -1 -1 

1792 -4 941 -5 1151 2497 737 828 
10199 -1 13519 3799 14609 4999 -1 -1 

627 1073 625 400 1574 582 851 565 
1325 5050 3114 7442 4147 2249 1073 3980 

12781 2549 4004 3822 7808 3021 9273 5752 
4496 9310 6888 9997 5614 11086 19329 13161 

9577 3085 2052 2498 3339 1589 4833 4004 
3934 6107 3293 4732 1956 10550 19996 10660 

-2 -2 -2 -2 -2 -2 -2 -2 
-1 -1 -1 -1 -1 -1 -1 -1 

-2 0 -4 -5 514 142 -4 -3 
-1 133 269 32 -1 -1 -1 2 

-2 -2 -2 -2 -2 -2 -2 -2 
-1 -1 -1 -1 -1 -1 -1 -1 

475 1657 621 270 664 595 -11 1383 
8039 3076 -1 5419 -1 -1 1999 2769 

-4 -5 -5 -4 -7 -4 -6 -5 
-1 -1 -1 -1 -1 -1 -1 -1 

-2 -2 -2 -2 -2 -2 -2 -2 
-1 -1 -1 -1 -1 -1 -1 -1 

-2 -2 -2 -2 2205 -2 -2 1063 
-1 -1 -1 12999 -1 -1 -1 33999 

3331 -2 -2 712 2205 -2 998 1063 
1999 2999 -1 12999 -1 1999 -1 33999 

534 358 411 1597 989 662 4044 1160 
1360 6118 4106 1099 1896 2038 1155 4086 

13009 22906 14603 11782 18171 15591 15893 24125 
19840 29038 12372 16654 24423 24435 6730 30734 

2428 5078 6963 2166 5683 5424 7301 7054 
9691 8853 3492 4231 6094 6209 1245 10651 

-2 -2 -2 -2 -2 -2 -2 -2 
-1 -1 -1 -1 -1 -1 -1 -1 

-2 60 12 257 -4 1201 -5 -3 
-1 613 86 -1 -1 -1 -1 15 

-2 -2 -2 -2 -2 -2 -2 -2 
-1 -1 -1 -1 -1 -1 -1 -1 

-2 -2 -2 -2 -2 -2 -2 -2 
-1 -1 -1 -1 -1 -1 -1 -1 

669 1009 -2 1084 2046 1759 1972 564 
6877 5419 3967 -1 7777 9093 7750 8189 

-4 -5 -4 -7 -4 -6 -7 -4 
-1 -1 -1 -1 -1 -1 -1 -1 

-4 7153 152 -7 3079 -6 -7 -4 
7999 -1 -1 -1 124299 10999 24799 -1 

-4 7866 136 -7 3079 -6 783 -4 
7999 2999 1999 -1 124299 10999 22318 -1 

559 2942 1381 68 187 332 604 508 
463 2721 972 1533 4601 505 4013 938 

6348 8851 9360 8674 11676 18126 14172 5194 
19750 20707 17272 4994 18067 12066 6203 18815 

3359 6092 3358 3003 4789 10404 7522 3393 
8500 8912 11390 4453 9703 13070 2965 8998 

-2 -2 -2 -3 -2 -3 -2 -2 
-1 -1 -1 -1 -1 -1 -1 -1 

2 -4 -3 758 299 -3 -5 323 
-1 2 66 175 241 -1 -1 197 

-2 -2 -2 46 -2 -2 -2 -2 
-1 -1 -1 -1 -1 -1 -1 19 

1065 1320 744 606 324 -2 312 1347 
6980 5419 -1 2999 5419 2999 10079 5430 

-5 -6 -7 -7 -4 -6 -7 -5 
-1 -1 -1 -1 -1 -1 -1 -1 

-2 -2 -2 -2 -2 -2 -2 -2 
-1 -1 -1 -1 -1 -1 -1 -1 

-2 1406 -2 414 -2 1010 3511 9853 
-1 3999 16399 -1 77999 1999 24499 -1 

2498 1406 -2 414 -2 1010 4493 9853 
-1 7599 16399 -1 77999 3799 24499 -1 

1166 1617 1377 123 181 972 995 280 
1288 3329 1847 2359 4428 3250 3399 2751 

7958 8158 13757 10467 8259 18696 18893 16444 
8416 27684 11782 18708 21940 24618 25081 25292 

8653 7352 13757 10467 8259 18696 18893 15708 
8416 26224 11782 30837 21746 24618 25081 20486 

-2 -3 -2 -2 -2 -2 -3 -2 
-1 -1 -1 -1 -1 -1 -1 -1 

-4 1356 -4 -4 -4 74 -1 0 
298 268 3 -1 -1 -1 -1 28 

-2 -2 -2 -2 -2 -2 -2 -2 
-1 -1 -1 -1 -1 -1 -1 -1 

275 -2 -2 -2 -2 -2 -2 -49 
-1 -1 -1 -1 -1 1798 -1 1618 

-2 -2 -2 -2 -3 -2 -3 -2 
-1 -1 -1 -1 -1 -1 -1 -1 

-5 -5 -5 -7 -6 -5 -4 -5 
-1 -1 -1 -1 -1 -1 -1 -1 

5296 160 1536 1382 -6 1237 4758 6272 
-1 21257 -1 14999 30549 6499 11999 8299 

5296 160 3049 3811 3327 4113 4758 6272 
5599 21018 -1 16499 30549 6499 11999 8299 

1742 661 1029 1605 1968 865 1204 1545 
2127 9997 7890 3186 3726 957 1826 6957 

7036 11199 10578 4215 2598 6672 11659 3784 
22800 16816 8469 15294 26536 5671 5765 11580 

3841 4606 4484 4082 712 1909 3645 3269 
7150 4034 12803 6785 13851 2502 2756 6613 

-2 -2 -2 -3 -2 -3 -2 -2 
-1 -1 -1 -1 -1 -1 -1 -1 

-5 109 -5 -5 170 156 14 2697 
5 125 2 1456 194 127 -1 6 

-2 -2 -2 -2 -2 -2 -2 -2 
-1 -1 -1 -1 -1 -1 -1 -1 

1090 1225 286 1257 1714 4235 2152 1330 
5111 7687 8027 11770 1618 3799 3770 8189 

-6 -10 -4 -4 -5 -4 -4 -5 
-1 -1 -1 -1 -1 -1 -1 -1 

-2 -2 -2 -2 -2 -2 -2 -2 
-1 -1 -1 -1 -1 -1 -1 -1 

-2 -2 -2 5590 -2 -2 -2 -2 
53299 -1 -1 -1 2999 -1 -1 -1 

-2 -2 -2 5590 1248 1891 -2 1426 
53299 -1 3799 -1 4699 1999 -1 -1 

495 4498 1027 2328 1815 2369 582 315 
3690 7224 5049 4799 5314 6577 5937 9520 

7838 14301 4271 5257 5655 6210 14545 12277 
13735 8775 6947 17461 27879 23034 9278 11716 

8946 14301 4228 5257 5087 6210 14545 11882 
13735 9107 6947 19714 27879 34730 9278 11716 

-3 -2 -3 -2 -3 -2 -2 -2 
-1 -1 -1 -1 -1 -1 -1 -1 

-2 -3 -2 -2 -2 -2 -2 -2 
-1 -1 -1 -1 -1 -1 -1 -1 

-4 631 1392 -5 937 -2 -4 586 
268 554 -1 515 -1 -1 409 -1 

273 497 2729 2239 1106 2276 4814 1264 
1633 4203 6058 6532 3457 5419 1725 9121 

-2 -2 -2 -2 -2 -2 -2 -2 
-1 -1 -1 -1 -1 -1 -1 -1 

-5 -5 916 -5 -5 -5 -6 -5 
-1 -1 -1 -1 -1 1160 -1 -1 

-4 2663 5824 -4 4153 1387 6067 2912 
4999 17999 1999 8098 2999 19821 2999 4498 

-4 2663 5824 829 4153 1387 6460 4287 
4999 17999 1999 8098 2999 19838 2999 8443 

521 81 1157 474 453 159 462 1071 
916 625 2104 2226 2235 2362 1776 3528 

9127 4923 27391 1918 4882 9369 13752 6470 
4834 24648 8521 27642 18628 8416 3501 11289 

266 294 604 191 262 2046 860 613 
765 1964 753 2203 5261 151 76 491 

-3 -2 -2 -2 1026 -2 -2 -3 
-1 -1 -1 -1 194 -1 -1 -1 

434 -3 -5 181 18 -4 -5 -4 
601 38 -1 -1 62 -1 -1 -1 

-2 -3 -2 -2 -2 -3 0 -2 
-1 -1 -1 -1 1 -1 -1 -1 

2765 1103 556 -2 229 -11 735 580 
1456 6918 -1 3418 4230 1798 2185 3799 

-2 -2 -2 -2 -2 -2 -2 -2 
-1 -1 -1 -1 -1 -1 -1 -1 

-5 -4 -7 -6 -8 -4 -9 -5 
-1 -1 -1 -1 -1 -1 -1 -1 

-5 -4 1917 -6 1754 1046 1872 3989 
-1 -1 10999 35909 21122 -1 15706 1998 

-5 710 1917 -6 4078 1046 4684 3989 
-1 -1 12899 34318 21122 -1 16135 1998 

810 1106 1361 1872 1064 1058 1876 1041 
772 8264 2938 6437 2258 5207 2782 4974 

6199 10647 6558 10638 11171 3160 8496 1729 
13510 9330 11425 15294 10397 9563 28449 12571 

5376 7851 4775 6967 8134 3160 7526 2092 
15790 8396 8039 14387 5524 7646 23043 18163 

0 -2 -1 -2 -2 -2 -2 -2 
-1 -1 -1 -1 -1 -1 1 -1 

-3 100 -4 43 -4 1590 -5 -4 
141 1723 -1 -1 -1 59 -1 -1 

-2 -2 -2 -2 -2 -2 -2 -2 
-1 -1 -1 -1 -1 -1 -1 -1 

312 -2 -2 120 -2 -45 532 -2 
4999 4696 2698 -1 -1 -1 -1 -1 

-2 -2 -2 -2 -2 -2 -2 -2 
-1 -1 -1 -1 -1 -1 -1 -1 

-5 -3 -7 3 -6 -2 -6 -5 
-1 -1 -1 -1 0 -1 -1 -1 

-5 -3 1080 3 2302 -2 -6 -5 
-1 9999 -1 -1 0 35999 -1 -1 

-5 997 4305 3 2302 -2 449 -5 
-1 9999 -1 -1 0 34399 2999 1999 

457 639 836 645 2080 2196 19 1556 
625 1296 3752 800 8028 4145 125 1499 

10609 6427 4571 5331 11328 17169 9645 7007 
456 14303 6221 8929 9974 8279 23230 35385 

6255 3404 2423 2274 8984 8746 5690 4780 
331 6840 3305 6744 8659 6034 17173 15230 

-2 -2 -2 -3 -2 -2 -2 158 
-1 -1 -1 -1 -1 -1 59 -1 

-4 49 -3 613 -5 -3 829 3380 
-1 -1 268 562 455 -1 -1 842 

-3 -3 -3 -2 -2 -2 -2 -2 
-1 -1 -1 -1 -1 -1 -1 -1 

392 -45 -2 -2 -2 -2 174 -2 
-1 5129 -1 -1 -1 -1 -1 -1 

-2 -2 -2 -2 -2 -2 -2 -2 
-1 -1 -1 -1 -1 -1 -1 -1 

-7 -4 -5 -7 -5 -6 -5 -8 
-1 -1 -1 -1 -1 -1 -1 -1 

-7 -4 241 -7 -5 1070 1453 4395 
-1 -1 74299 -1 2999 -1 6999 -1 

-7 2117 241 -7 -5 1070 2418 4955 
1999 -1 74299 -1 6229 -1 8299 -1 

586 1828 2196 737 1891 450 2784 1053 
1376 3789 3039 4388 1408 4342 4278 9187 

7004 3899 4363 192 5978 5831 5002 3772 
465 14719 5352 4548 14703 5471 14585 12556 

3286 5813 3380 99 3160 5405 4501 4920 
246 11432 2072 7597 7812 7330 8010 10345 

-2 -2 -2 -2 -2 -2 -2 -3 
-1 -1 -1 -1 -1 -1 -1 -1 

-2 -2 -2 -2 -2 -2 -2 -2 
-1 -1 -1 -1 -1 -1 -1 -1 

-4 1798 1590 1024 339 -4 24 -1 
-1 625 1238 33 -1 -1 -1 1669 

815 2834 3339 4071 7160 3938 2030 8823 
3311 15165 10886 9297 8313 8181 5077 7973 

-2 -2 -2 -2 -2 -3 -2 -2 
-1 -1 -1 -1 -1 -1 -1 -1 

-6 -5 -4 -8 -4 -5 -4 -4 
-1 -1 -1 -1 -1 -1 -1 -1 

1678 -5 -4 -8 -4 -5 1663 -4 
-1 31999 -1 -1 -1 -1 33999 -1 

2224 -5 3329 -8 -4 -5 1663 663 
1999 30799 -1 -1 -1 -1 33999 1999 

7493 1403 400 1103 1291 912 668 1845 
3536 10801 3799 6858 2259 846 1638 12350 

11829 14421 11737 12695 16945 14591 14997 18019 
13876 30621 22549 17918 18118 15365 22109 26681 

7748 10687 4529 6051 9989 6033 11203 10628 
18034 21547 10734 11755 10697 10080 6870 17554 

-2 -1 -2 1 -2 -2 -2 -2 
-1 -1 -1 -1 0 -1 -1 -1 

-4 354 137 157 -5 561 153 234 
-1 517 263 144 264 127 -1 -1 

-2 -2 -2 -2 -2 -3 -2 -2 
-1 -1 -1 -1 -1 -1 -1 -1 

298 497 -2 -2 -2 -43 -2 -2 
-1 1999 -1 1618 1999 -1 -1 -1 

-2 -2 -2 -2 -2 -2 -2 -2 
-1 -1 -1 -1 -1 -1 -1 -1 

-5 -5 -7 -7 -4 -6 -4 -4 
-1 -1 -1 -1 -1 -1 -1 -1 

-5 -5 -7 2758 -4 -6 -4 -4 
-1 -1 15999 29999 -1 -1 -1 -1 

-5 -5 -7 2482 -4 -6 3535 -4 
2999 -1 16399 29999 -1 -1 -1 -1 

892 215 1209 651 436 439 1053 2660 
3755 6271 6331 753 4007 3258 -1 5200 

8058 4428 7970 22949 5420 18852 8648 9498 
18986 19148 11688 10163 6617 15422 16645 18640 

1464 1377 1914 7986 1504 5343 4611 2956 
9060 4865 2969 5658 4400 6150 4229 5263 

-2 -2 -2 -2 -2 -2 -2 -2 
-1 -1 -1 -1 -1 -1 -1 -1 

-2 -2 -2 -2 -2 -2 -2 -2 
-1 -1 -1 -1 -1 -1 -1 -1 

-2 7 -4 5062 -4 -4 -1 -4 
-1 1824 -1 -1 2 -1 -1 12 

528 467 502 4536 1282 764 780 1457 
4048 4949 -1 1798 8337 5419 1999 3957 

-2 -2 -2 -2 -2 -2 -2 -2 
-1 -1 -1 -1 -1 -1 -1 -1 

-5 -4 -3 -3 -8 -3 -7 -4 
-1 0 -1 -1 -1 -1 -1 -1 

-5 2186 -3 -3 -8 -3 1875 -4 
-1 0 52999 -1 -1 34999 -1 -1 

1995 2186 -3 1247 1867 -3 1875 -4 
1999 0 52999 1999 -1 34499 -1 -1 

432 1431 167 1515 935 1230 1121 417 
1920 2679 4758 1741 4014 4256 840 3949 

4844 9606 10534 10118 5360 13940 7042 12034 
10828 10372 23301 17247 6659 12878 7767 30369 

3526 6858 5026 6635 4761 11284 6447 9112 
7893 16368 18873 11315 3183 9387 8353 24598 

-3 -2 -2 -2 -2 -3 -2 15 
-1 -1 -1 8 2 -1 -1 -1 

3 -4 17 141 -3 114 114 19 
-1 36 8 34 48 -1 -1 82 

-2 -2 -2 -2 -2 -2 -2 -2 
-1 -1 -1 -1 -1 -1 -1 -1 

155 -2 724 816 -2 -11 -10 -3 
-1 -1 1999 -1 -1 -1 4699 1999 

-2 -2 -2 -2 -2 -2 -2 -2 
-1 -1 -1 -1 -1 -1 -1 -1 

-5 -5 -3 -6 -5 -4 -8 -4 
-1 -1 -1 -1 -1 -1 -1 -1 

-5 -5 1126 -6 387 2139 -8 -4 
-1 -1 17999 -1 13999 -1 -1 3999 

-5 -4 1126 -6 387 2139 2303 -4 
-1 1999 16198 -1 13999 -1 1999 3999 

544 1633 5077 1466 985 717 750 1615 
4047 7555 2734 11371 6106 6260 59 4043 

7075 5469 8977 2232 2961 12205 9653 5561 
5412 10825 6416 12965 33756 14981 1612 17760 

2692 1699 4160 1746 1673 3970 4300 2402 
1744 3773 5254 7658 19198 5802 330 7417 

-2 -3 -2 -2 -2 -2 -2 -2 
-1 -1 -1 -1 -1 -1 -1 -1 

-2 58 22 138 57 -3 -3 -4 
-1 -1 38 -1 81 -1 -1 93 

-2 -2 -2 -2 -2 -2 -2 -2 
-1 -1 -1 -1 -1 -1 -1 -1 

-12 930 255 824 -2 -2 1196 524 
-1 3799 -1 3799 5077 -1 1998 1999 

-3 -2 -2 -2 -3 -2 -3 -3 
-1 -1 -1 -1 -1 -1 -1 -1 

-4 -3 -2 -3 -3 -3 -2 -3 
-1 -1 -1 -1 -1 -1 -1 -1 

-4 -3 1836 -3 2883 1663 -2 -3 
10798 -1 13999 -1 11999 -1 67999 -1 

9996 1997 2723 -3 4023 1663 -2 830 
10798 4699 14599 -1 13519 -1 67999 -1 

335 923 2716 125 780 1524 576 812 
2041 5674 1098 3594 1081 3003 2434 3323 

12383 14622 12136 11194 3897 8607 15996 16808 
7170 13365 23214 25782 10303 34725 11842 18631 

3479 7271 5204 4554 2121 4372 8652 7218 
2498 9101 8992 13363 6239 14881 3714 11622 

-2 -2 -3 -2 -2 -3 -2 -2 
-1 -1 -1 -1 -1 -1 -1 -1 

1089 -4 -5 -5 -5 4044 1429 3328 
1618 -1 1060 -1 -1 -1 1618 1618 

-2 -2 -3 -2 -2 -2 -2 -2 
-1 -1 -1 -1 -1 -1 -1 -1 

91 -2 -2 -2 -2 531 233 -8 
-1 -1 3799 -1 -1 -1 1798 -1 

-2 -2 -2 -2 -2 -2 -2 -2 
-1 -1 -1 -1 -1 -1 -1 -1 

-6 -4 -6 -5 -5 -4 -7 -4 
-1 -1 -1 -1 -1 -1 -1 -1 

-6 3929 848 -5 743 1832 410 -4 
1999 -1 -1 2999 61919 2999 -1 19999 

1066 3929 848 -5 1437 1832 410 1996 
1999 1999 -1 5699 61919 2999 1999 19999 

765 873 1805 1354 634 3439 790 470 
3284 3581 7524 1602 10920 4833 1074 5194 

11109 10364 9602 4057 6774 24208 3096 16679 
22242 23844 11654 6305 10375 3385 4683 19266 

9996 9996 6993 3279 5606 13104 5242 13504 
20017 21459 10488 7594 6806 13807 4214 12731 

-2 -2 -3 -2 -2 -2 -2 -2 
-1 -1 -1 -1 -1 -1 -1 -1 

-6 -4 -4 -5 -4 -5 5 236 
-1 1 -1 194 -1 -1 -1 -1 

-2 -2 -2 -2 -2 -2 -2 -2 
-1 -1 -1 -1 -1 -1 -1 -1 

466 731 721 1050 1107 3350 209 301 
2698 9154 6380 3076 -1 -1 -1 4877 

-2 -2 -2 -2 -2 -2 -2 -2 
-1 -1 -1 -1 -1 -1 -1 -1 

-8 -7 -4 -5 -6 -6 -6 -5 
-1 -1 -1 -1 -1 -1 -1 -1 

-8 3453 -4 -5 -6 -6 1661 -5 
32999 -1 -1 -1 -1 -1 154999 -1 

1421 5107 -4 709 -6 827 1661 -5 
32999 -1 -1 -1 1999 3799 154999 1999 

709 1087 659 194 1325 2080 698 441 
2367 3325 3554 2242 5345 133 3730 6293 

7725 8241 6758 3149 2934 8723 7253 3846 
11596 10527 23278 8454 4745 11281 10672 10820 

7725 8041 6758 5959 2934 8723 9571 3460 
25992 10527 20950 8454 4745 11281 10672 14738 

-2 -2 -2 -3 -3 -3 -2 -2 
-1 -1 -1 -1 -1 -1 -1 -1 

1905 -3 371 -4 -4 167 282 -4 
-1 82 114 127 -1 -1 -1 2105 

-2 -2 -3 -2 -2 -2 -2 -2 
-1 -1 -1 -1 -1 -1 -1 -1 

193 100 159 137 -2 -2 711 -46 
1618 1618 3419 3238 3419 -1 1998 -1 

-6 -6 -4 -5 -4 -3 -4 -4 
-1 -1 -1 -1 -1 -1 -1 -1 

-2 -2 -2 -2 -2 -2 -2 -2 
-1 -1 -1 -1 -1 -1 -1 -1 

-2 -2 -2 -2 1230 -2 1509 -2 
-1 -1 16999 -1 -1 -1 25999 -1 

767 -2 -2 -2 4440 -2 1357 -2 
-1 -1 16999 1999 -1 1999 25999 -1 

348 1710 508 245 1034 1012 255 502 
2572 -1 4115 3830 2455 5024 250 1556 

5580 3952 1126 5 3209 8758 10345 7556 
16196 10131 15851 3310 18199 9429 478 5314 

4517 3580 905 566 5336 6379 7537 4949 
13118 8205 10399 2680 22145 8485 7906 4303 

-2 -2 -2 -2 -2 -2 -2 -2 
-1 -1 -1 -1 -1 -1 -1 -1 

-2 -2 -2 -3 -3 -3 -3 -2 
-1 -1 -1 -1 -1 -1 -1 -1 

-4 -2 -3 -5 -3 2 -3 139 
422 0 -1 12 -1 -1 -1 -1 

-2 -2 -2 -2 -2 -2 -2 -2 
-1 -1 -1 -1 -1 -1 -1 -1 

712 2166 253 -4 402 1112 175 97 
6242 5420 -1 10 6868 3999 -1 1999 

-3 -5 -8 -5 -6 -4 -4 -4 
-1 -1 -1 -1 -1 -1 -1 -1 

-3 -5 1611 -5 -6 -4 -4 -4 
-1 6999 -1 -1 9999 -1 -1 -1 

-3 -5 1611 -5 1994 -4 496 -3 
1999 6999 -1 1999 8998 -1 -1 -1 

648 695 3733 681 483 144 103 2320 
1090 4805 3236 2811 2748 3873 7416 6167 

10950 3995 15170 4158 15316 8721 12640 9582 
18211 17252 19010 25999 10450 4623 7175 11844 

10950 4220 16913 5408 15316 7845 11375 9582 
18211 17252 17397 38559 10450 4160 7175 11844 

-2 -2 -2 -2 -2 -2 -2 -2 
-1 -1 -1 -1 -1 -1 -1 -1 

-2 -2 -2 -2 -2 -2 -2 130 
-1 -1 -1 -1 -1 -1 -1 194 

-2 -2 -2 -2 -2 -3 -2 -2 
-1 -1 -1 -1 -1 -1 -1 -1 

-2 -2 -2 -2 -2 -2 -2 -2 
-1 -1 -1 -1 -1 -1 -1 -1 

-2 -2 -2 -2 -2 -2 -2 -2 
-1 -1 -1 -1 -1 -1 -1 -1 

