0 0 0 0 0 0 0 0 
0 0 0 0 0 0 0 0 

0 0 0 4499 0 0 0 0 
0 0 0 0 0 0 5000 0 

0 0 0 3374 0 0 0 0 
0 0 0 0 0 0 3000 0 

0 0 0 899 0 0 0 0 
0 0 0 0 0 0 2000 0 

0 0 0 4532 0 0 0 0 
0 0 0 0 0 0 4700 0 

0 0 0 4078 0 0 0 0 
0 0 0 0 0 0 4229 0 

0 0 0 11170 0 0 0 0 
0 0 0 0 0 0 6806 0 

0 0 0 10052 0 0 0 0 
0 0 0 0 0 0 6125 0 

4000 3571 0 9304 0 0 0 0 
0 4000 0 9500 0 0 4229 0 

3750 0 0 15359 0 0 0 0 
0 3000 0 6299 0 0 11812 0 

3750 0 0 19448 0 0 0 0 
0 3000 0 6299 0 0 19630 0 

3750 0 0 17503 0 0 0 0 
0 3000 0 6299 0 0 17666 0 

3750 0 0 17552 0 0 0 0 
0 3000 0 5101 0 0 18899 0 

3750 0 0 15977 0 0 0 0 
0 3000 0 5668 0 0 19899 0 

3750 0 0 15977 0 0 0 0 
0 3000 0 5668 0 0 19899 0 

3750 4166 0 16155 0 0 0 0 
0 3000 0 9590 0 0 22909 0 

3750 3374 0 16155 3888 0 0 0 
0 3000 0 9590 7000 0 18555 0 

0 833 768 9045 0 -1 0 0 
0 0 0 1999 0 0 6125 2000 

887 184 740 258 -3 952 753 5488 
2979 -1 535 934 -1 665 275 1192 

887 184 740 258 -3 952 677 5488 
2979 -1 535 934 -1 598 275 1192 

887 184 740 258 -3 952 3686 5488 
2979 -1 535 934 -1 8538 275 1192 

887 184 740 258 -3 952 8317 5488 
2979 -1 535 934 -1 10684 275 1192 

887 184 740 258 -3 952 8317 5488 
2979 -1 535 934 -1 10684 275 1192 

887 165 740 10208 -3 952 8317 5488 
2979 -1 3481 934 -1 14615 275 1192 

717 147 740 9766 -3 856 7484 5488 
2680 -1 3132 934 -1 15153 247 1192 

645 132 740 11847 -3 856 6735 5488 
2411 -1 2818 934 -1 20637 222 1192 

3760 3240 3035 4950 3980 4785 818 1497 
6962 1967 1770 7515 7403 1433 5821 -1 

5550 3240 3035 4950 3980 4785 818 1497 
6962 1967 1770 7515 7403 1433 5821 12999 

3075 2338 484 5420 -3 1594 5917 3951 
679 3741 1663 495 2868 10932 6894 3062 

3075 2338 484 5420 -3 1594 5917 6055 
679 3741 1663 495 2868 12838 6894 3062 

498 998 109 526 1205 -9 745 -8 
1700 554 127 2221 2154 -1 1938 -1 

448 2568 109 526 1205 -9 1360 1629 
1529 554 127 10399 2154 -1 5744 -1 

157 226 22 225 -3 98 247 99 
11 102 85 42 204 572 493 127 

157 226 22 225 6663 98 247 99 
11 102 4076 42 204 572 493 127 

3857 4795 4279 5131 3077 -6 5649 1067 
1114 3984 5668 8910 5226 1289 9504 3587 

3857 4795 4128 5131 3077 6661 5649 1067 
1114 11727 5668 8910 5226 1289 9504 3587 

2047 3883 4076 3027 2241 5563 4574 564 
811 4376 4131 5845 4232 1043 5611 3575 

732 732 1814 2383 2573 37 169 59 
7 1110 2165 30 3585 3122 322 1247 

2047 3883 8668 3027 2241 10006 4574 564 
811 8244 4131 5845 4232 1043 5611 3575 

4769 2545 3019 1300 1188 3485 4499 932 
386 1695 1992 2514 3481 615 3680 3167 

4769 2545 2716 1300 1188 8136 4499 4172 
347 1695 1992 2514 7519 615 3680 3167 

4769 2545 6194 1300 1188 11489 10299 3754 
3312 1695 1992 2514 10590 615 3680 7850 

4769 8957 6194 1300 1188 11489 10299 3754 
3312 1695 1992 2514 10590 615 3680 11065 

4769 18061 6194 1300 1188 11489 10299 3754 
3312 1695 1992 2514 10590 615 3680 11958 

1843 3000 2958 171 455 2361 2903 1173 
1153 589 623 708 2178 191 1037 1984 

89 110 164 105 6 2545 442 562 
194 199 993 175 56 143 37 52 

89 110 164 105 7505 2545 442 562 
194 199 993 175 56 143 3033 52 

23 54 136 146 156 176 169 174 
107 71 184 163 168 73 171 184 

23 54 136 146 10140 176 169 174 
107 71 184 163 168 73 171 2165 

23 54 136 146 14959 176 169 174 
107 71 184 163 168 73 171 8948 

23 54 136 5131 16796 176 10152 174 
2096 71 2165 163 168 73 171 10053 

2044 109 0 2063 -2 472 -4 2085 
2 2277 1 2172 2 297 5 268 

2044 109 0 6856 4998 472 -3 8438 
9301 2277 0 2172 1 297 5 6241 

2044 109 0 2690 712 472 1663 2987 
2001 2277 4700 2172 2 297 5 2241 

2044 109 0 2690 10640 472 1663 2987 
2001 2277 4700 2172 2 297 5 4016 

1489 880 2249 6871 3641 343 603 4034 
6968 3293 1619 1758 0 156 2003 4094 

1205 880 2793 5564 6096 308 4238 5630 
13679 2666 3457 1582 0 2140 1622 7844 

1205 880 2513 5564 12736 308 8432 5066 
13211 4399 3111 1582 0 1925 3459 12059 

1205 880 2513 5564 15458 308 8432 5066 
11889 4399 3111 1582 0 1925 3459 18853 

1205 880 2513 5564 15458 308 8432 5066 
11889 4399 3111 1582 0 1925 3459 18853 

1205 880 2513 5564 20318 308 6829 4559 
8666 8959 3111 1582 0 1925 3112 19967 

1205 880 2513 5564 24286 308 6829 4559 
8666 8959 3111 1582 0 1925 3112 23970 

855 540 1275 928 576 238 1242 990 
755 -1 1765 333 695 1944 961 1706 

1205 880 2513 5564 20121 308 6145 4559 
8666 9056 3111 1423 0 1925 3112 23970 

622 11055 7814 4842 4972 5247 18554 6720 
611 8332 1765 6635 9289 1944 8707 13310 

5522 5970 12148 6528 6862 2785 8889 4196 
444 4539 5718 4836 6490 1633 6346 14276 

5299 10191 1199 15376 18855 58 7758 4750 
7105 4798 14308 2886 -1 4402 3783 9314 

-3 -3 -3 -2 -3 766 -3 19 
-1 -1 -1 8 11 -1 -1 194 

-2 -2 -2 -2 -2 -2 -2 -2 
-1 -1 -1 -1 -1 -1 -1 -1 

5965 -2 -2 -2 -2 -2 -2 -2 
-1 -1 -1 -1 12598 -1 4999 -1 

-4 -4 -2 -1 -3 -5 -1 -4 
0 0 0 -1 0 0 0 0 

7979 1762 -2 -2 -2 -2 1748 -2 
-1 4081 3805 1618 6024 4229 4919 1798 

7979 4204 -2 -2 3998 -2 6573 -2 
-1 17205 3805 4456 6024 4229 4919 1798 

8756 3298 -2 -1 -3 -5 2428 -4 
0 1457 1999 7170 1999 0 1457 0 

5522 5970 10948 6528 6862 2785 8889 4196 
444 24085 5718 4836 6490 1633 6346 14276 

5522 7873 10948 10875 6862 2785 8889 4196 
444 24676 5718 6352 6490 1633 6346 14276 

5522 7673 10948 10875 6862 2785 8889 4196 
444 24676 5718 7716 6490 1633 6346 14276 

5522 7673 17353 10875 6862 2785 8889 4196 
444 24676 5718 7716 6490 4469 6346 14276 

5522 7673 17701 10875 6862 2785 8889 4196 
444 24676 5718 7716 6490 9022 6346 14276 

5522 7673 23430 10875 6862 2785 8889 4196 
444 24676 5718 7716 6490 11119 6346 14276 

5522 7673 28587 10875 6862 2785 8889 4196 
444 24676 5718 7716 6490 13007 6346 14276 

5522 7673 19611 10875 8313 2255 8889 5898 
3059 22208 4631 8049 6490 16706 5139 12406 

5522 7673 25149 10875 8313 2255 8889 5898 
3059 22208 4631 8049 6490 18035 5139 12406 

5522 7673 28643 10875 8313 2255 8889 5898 
3059 21987 4631 8049 6490 32231 5139 12406 

3829 -1 3751 5 3277 -3 4996 10003 
2002 1969 -1 3699 -1 -1 3000 4501 

3829 4999 3375 5 3277 -2 4496 10003 
2002 1969 -1 3699 -1 -1 7700 4501 

3829 5610 3037 5 3277 -2 4046 10003 
2002 1969 -1 3699 -1 -1 8930 4501 

7038 5610 3037 5 3277 -2 4046 9002 
1801 1969 -1 3699 -1 -1 8930 11050 

-3 -3 1026 782 -2 -2 0 -2 
7 684 -1 772 -1 -1 -1 -1 

-2 -3 1026 782 -2 -2 0 -2 
7 684 -1 772 -1 -1 -1 -1 

633 39 510 -3 14 13 193 738 
0 804 1007 42 100 8 744 47 

569 2035 510 -3 14 13 193 738 
0 804 2906 42 89 8 744 47 

3637 1830 510 -3 12 13 193 664 
0 804 2353 42 5080 7 744 47 

3637 8313 510 -3 12 13 193 664 
0 804 6117 42 5080 7 744 47 

-3 -3 829 702 621 -2 -1 -2 
6 553 -1 772 1999 -1 -1 -1 

-3 -3 829 702 621 7498 -1 -2 
6 553 -1 772 1999 -1 2999 -1 

2451 9997 829 8568 558 14087 -1 -2 
3604 2447 1999 772 13019 -1 6699 1999 

2451 9997 829 8568 558 17678 -1 -2 
3604 2447 1999 772 13019 -1 10029 1999 

-6 364 868 34 48 15 -6 62 
170 241 1179 -1 -1 1280 -1 195 

-5 364 868 34 48 15 -6 62 
170 241 1179 -1 -1 1280 -1 195 

5620 364 868 34 48 15 -6 62 
170 241 1179 -1 -1 1280 8999 195 

7558 327 868 34 48 15 -5 62 
170 241 1179 -1 -1 1280 11788 175 

9271 3627 781 30 48 15 -4 62 
170 216 1179 -1 -1 1280 17848 127 

10884 3264 702 26 48 15 -3 62 
170 194 1179 -1 -1 1280 25256 92 

10884 3264 702 26 48 15 -3 62 
170 194 1179 -1 -1 1280 25256 92 

972 998 601 -4 18 -4 856 147 
90 507 513 271 1063 266 307 551 

972 5807 601 -3 18 -4 856 3465 
2081 456 4461 271 1063 266 248 551 

1695 4908 4258 755 2623 2546 2073 2980 
3810 4572 4066 1551 2814 173 2831 262 

451 538 274 129 578 515 244 6 
29 2641 362 -1 -1 2203 961 1046 

451 538 274 129 578 515 244 5 
29 2641 362 -1 -1 1982 961 1046 

451 538 274 129 578 515 3552 5837 
29 2641 10325 -1 -1 8783 961 1046 

451 538 274 129 578 515 3552 11919 
29 2641 10325 -1 -1 11904 961 1046 

451 538 274 129 578 515 3552 11919 
29 2641 10325 -1 -1 11904 961 1046 

5405 538 274 129 578 515 3552 11919 
29 2641 10325 -1 -1 11904 961 4941 

5502 483 274 115 578 463 3195 10726 
29 2641 9292 -1 -1 9641 961 5802 

8456 434 274 115 578 463 2875 9653 
29 2641 8362 -1 -1 7808 961 11899 

-2 -2 -2 -2 -2 -2 -2 18 
-1 -1 -1 -1 -1 -1 -1 53 

-2 -2 -2 -2 -2 -2 6248 1912 
-1 -1 10999 -1 -1 4999 -1 53 

335 762 94 234 2 -4 1854 845 
426 114 788 858 1699 66 739 124 

335 762 94 234 2 -4 4168 845 
426 114 3709 858 1699 66 739 124 

7380 2277 113 2380 2734 2210 3776 3994 
3445 1732 7526 2428 -1 5618 509 8330 

6641 5049 101 2380 5187 1789 3755 3994 
3445 1732 10346 2428 -1 10755 457 8330 

10 8 -1 10 -3 -4 11 11 
8 8 19 38 32 0 5 1 

10 8 -1 10 -3 -4 11 6676 
4007 8 19 38 32 0 5 1 

6674 5190 1823 1404 2754 1172 4686 4234 
6561 1021 7541 6997 -1 7683 1700 6560 

6674 5190 1823 1593 2754 1172 4686 11310 
6561 1021 7541 6997 -1 9914 1700 11904 

4377 6343 1328 2321 1624 767 3073 6008 
3873 669 4946 5931 -1 4740 1114 7506 

4377 6343 1328 7088 1624 767 3073 10407 
3873 669 4946 5931 -1 6266 1114 10755 

1693 7331 1640 6810 2661 406 1468 3161 
1666 1974 3373 3151 1310 4107 531 3894 

-12 -10 -19 -7 961 -6 261 781 
706 697 4 13 12 -1 0 0 

-12 4491 -19 -7 5864 -6 5234 781 
3271 697 2003 13 12 -1 0 3000 

-12 8132 -19 -7 5864 -6 5234 781 
11943 697 2003 13 12 -1 0 3000 

-12 13985 -19 -7 5864 -6 5234 781 
14748 697 2003 13 12 -1 0 3000 

-12 13985 -19 -7 5864 -5 5234 781 
14748 697 2003 13 12 -1 0 3000 

2648 2331 -9 -7 2521 1738 1638 268 
1253 268 564 3 4 368 1179 1161 

1452 1734 159 1491 250 -5 77 82 
1 150 2092 3501 4 16 -1 183 

1452 1734 159 1491 250 -5 7569 82 
1 150 4882 3501 4 16 -1 183 

157 16 153 119 124 54 993 180 
186 613 114 80 642 109 3 112 

5141 16 153 119 124 54 993 180 
186 613 5102 80 642 109 3 112 

10460 16 153 119 124 54 993 180 
186 613 11591 80 642 109 3 112 

12972 16 153 119 7611 54 993 180 
167 613 15088 80 642 109 3 112 

12816 16 153 119 6849 54 993 180 
2150 613 14021 80 642 109 3 112 

14880 14 153 119 6163 54 993 180 
1934 613 18556 80 642 109 2 112 

8414 1222 98 106 6991 1488 3535 116 
4508 1417 11660 2052 7260 87 1968 81 

8414 1222 98 106 6991 1488 8181 116 
4508 1417 11660 2052 7260 2078 1968 81 

201 222 19 149 66 3 17 80 
61 128 113 22 62 139 101 95 

573 199 19 133 59 782 15 71 
49 103 113 22 62 2277 81 1519 

-5 15996 2852 -6 1796 535 4859 -4 
7668 7 -1 920 4839 -1 -1 5862 

-4 14396 2852 -6 1616 5481 4859 2996 
7668 5 -1 920 4839 5129 -1 4747 

-5 15996 2852 -6 1796 6195 4859 -3 
7668 7 -1 920 4839 7198 -1 5862 

-5 15996 2852 -6 1796 6195 4859 -3 
7668 7 -1 920 4839 7198 -1 5862 

2995 14396 2852 4994 8283 10575 4859 3330 
7668 5 -1 920 4839 10287 2999 10548 

2995 14396 2852 4994 8283 15767 4859 10497 
7668 5 -1 920 4839 15832 2999 10548 

2695 14396 2852 4994 8283 14270 4859 9445 
7668 3 -1 920 4839 15523 2999 10548 

8332 22956 2566 7494 8062 27194 8658 9947 
11610 6843 6999 920 4839 21814 11201 14092 

5805 16733 8651 8795 7788 17839 8658 8056 
9403 7909 6591 602 4370 17522 8164 9245 

11346 15058 4980 10504 6468 15637 5678 4754 
4996 6008 11351 7542 7077 16950 7127 7978 

-2 -3 -3 -2 -3 -3 -2 -4 
-1 -1 -1 -1 -1 -1 -1 -1 

0 -2 0 1666 0 -4 -2 0 
-1 2001 2 5 5 1 0 5 

0 -2 0 3149 4166 -4 -2 0 
-1 2001 2 5004 5 1 12599 5 

3754 1684 6107 8563 5166 4498 7157 2178 
-1 5579 11275 4922 2703 9473 8894 1802 

3793 3993 6885 6935 3765 4047 7157 6770 
7457 6496 7969 5786 5595 6214 6483 1181 

3793 3993 9354 9770 6721 4047 7157 6770 
7457 20061 7969 5786 5595 6214 6483 13062 

-2 -2 -2 -2 -2 -2 -2 -2 
-1 -1 -1 -1 -1 -1 -1 -1 

5239 16733 8651 8795 7788 17839 8658 8056 
9403 7909 6591 602 4370 35769 8164 9245 

5239 16733 8651 8795 7788 21055 10792 8056 
9403 7909 6591 5187 4370 35769 8164 9245 

5239 16733 8651 8795 7788 21055 10301 8056 
9403 7909 6591 6668 4370 35769 8164 9245 

9715 16733 8651 8795 7788 21055 10301 8056 
9403 7909 8931 6668 4370 35769 8164 9245 

12076 16733 8651 8795 7788 21055 10301 8056 
9403 7909 12037 6668 4370 35769 8164 9245 

18368 16733 8651 8795 7788 21055 10301 8056 
9403 7909 13833 6668 4370 35769 8164 9245 

24031 16733 8651 8795 7788 21055 10301 8056 
9403 7909 15449 6668 4370 35769 8164 9245 

26067 16733 9005 8795 7807 15348 10301 7250 
8462 9175 19904 8001 3932 32191 8164 6739 

30126 16733 9005 8795 7807 15348 10301 7250 
8462 9175 21913 8001 3932 32191 8164 6739 

31280 16733 9005 8795 7807 15348 10301 7250 
8462 9175 24721 8001 3932 32191 8164 6739 

1378 210 12 1141 468 399 1079 947 
955 1626 623 650 7 347 861 629 

4330 210 12 1026 468 3692 970 852 
859 1463 623 650 6 2312 5197 629 

5008 210 12 1026 468 3322 872 852 
859 1316 623 650 6 2080 6677 629 

8673 210 12 1026 468 2989 784 852 
859 1184 623 650 6 1871 11009 629 

965 -3 -2 -2 1566 -3 -2 -3 
695 -1 -1 760 -1 -1 -1 -1 

965 -3 -2 -2 1566 -2 -2 -3 
695 -1 -1 760 -1 -1 -1 -1 

1424 -4 -2 -2 2176 -3 -2 -4 
695 -1 -1 615 1999 -1 1999 -1 

3281 -4 -2 -2 2176 -3 -2 -4 
695 -1 -1 615 1999 -1 3799 -1 

2952 -4 -2 -2 2176 -3 -2 4282 
625 -1 -1 615 1999 -1 8169 -1 

2952 7496 -2 -2 2176 -3 -2 4282 
625 -1 -1 615 1999 -1 10352 -1 

-4 472 821 880 -4 831 -10 30 
-1 1471 1618 -1 1425 110 -1 86 

7496 472 821 880 -4 831 -10 30 
-1 1471 1618 2999 1425 110 -1 86 

7758 424 821 880 -4 831 -9 30 
-1 1471 1456 5128 1282 110 -1 86 

11982 424 821 880 -4 831 -9 30 
-1 1471 1456 9615 1282 110 -1 86 

372 460 159 -3 399 -3 43 177 
21 -1 -1 65 633 -1 671 564 

372 460 159 -2 399 -3 43 177 
21 -1 -1 65 633 -1 671 564 

372 460 5698 -2 399 -3 43 177 
21 -1 -1 10058 633 -1 671 564 

334 460 8461 -2 7025 -3 43 177 
21 -1 -1 13546 633 -1 4603 564 

5300 460 10228 -2 6322 2497 43 177 
2018 -1 -1 15672 633 -1 4142 456 

8231 460 13684 -2 5689 2247 43 177 
1816 -1 -1 27094 633 -1 3727 368 

8231 460 13684 -2 5689 2247 43 177 
1816 -1 -1 27094 633 -1 3727 368 

-2 -2 -2 -2 -2 -2 -2 -2 
-1 -1 -1 -1 -1 -1 -1 -1 

-2 -2 -2 -2 -2 -2 -2 -2 
-1 -1 -1 -1 -1 -1 -1 -1 

1363 31 1451 843 1295 212 5 12 
196 -1 625 1135 612 -1 4051 74 

2228 2322 -2 3071 550 743 1911 -2 
1770 -1 3665 3862 859 -1 1456 3643 

2228 2322 -2 2763 550 743 1911 -2 
1770 -1 3665 3862 859 -1 1310 3643 

2228 9589 -2 10071 550 12851 1911 3123 
6133 -1 11298 8475 859 -1 10361 3643 

2228 9589 -2 10071 550 16565 1911 3123 
6133 -1 11298 8475 859 -1 11324 3643 

2228 9589 -2 10071 550 16565 1911 3123 
6133 -1 11298 8475 859 -1 11324 3643 

2228 9589 -2 10071 4495 22408 1911 3123 
6133 -1 11298 8475 3773 -1 14191 3643 

2228 9695 -2 10071 6640 20166 1719 4779 
5519 -1 11851 8475 3395 -1 15294 2389 

2228 8725 -2 10071 10351 18149 1546 4300 
5519 -1 10665 8475 3055 -1 18687 2149 

-2 -2 -2 -2 -2 -2 -2 -2 
-1 -1 -1 -1 -1 -1 -1 -1 

6664 2141 -2 -2 -2 -2 -2 -2 
-1 3999 -1 11999 -1 -1 -1 -1 

895 156 1456 207 764 777 3562 348 
243 -1 -1 1007 1282 2533 765 891 

2948 156 1456 207 764 777 3562 348 
243 -1 2999 1007 1282 2533 765 891 

11 -2 5 0 8 16 17 20 
2 -1 21 18 24 25 20 22 

11 1498 5 1606 3096 16 15 20 
2 -1 18 4016 21 5022 15 3817 

1551 2921 1663 -2 2713 721 4548 -2 
1310 3107 1456 3516 1456 -1 1770 2185 

1551 6795 1663 -2 2713 721 4548 -2 
1310 3107 1456 8164 1456 -1 1770 2185 

1773 6139 2432 1827 5169 6801 6 1942 
0 3080 5 2982 2942 2667 5517 6969 

1773 10525 2432 1827 5169 6551 6 1942 
0 5772 5 2982 2942 10400 5517 6969 

939 5723 1968 968 3390 9275 3 1030 
-1 2759 3 3383 2144 9201 2931 5644 

939 5723 1968 968 3390 13347 3 1030 
-1 2759 3 3383 2144 11280 2931 5644 

2194 2953 1344 -18 1775 330 2981 -11 
562 973 1060 3801 2574 -1 2252 1289 

4400 3038 1160 910 1999 3838 0 4492 
845 1941 0 2621 4377 9801 1795 1966 

8960 3038 1160 818 1999 6787 0 4492 
760 1941 0 2621 4377 9801 3615 3769 

12230 3038 7294 4069 1999 6107 0 4492 
2415 1941 0 2621 4377 9801 12428 3391 

17673 3038 7294 4069 1999 6107 0 4492 
2415 1941 0 2621 4377 9801 15185 3391 

17673 3038 7294 4069 1999 6107 0 4492 
2415 1941 0 2621 4377 9801 15185 3391 

1108 -4 268 3574 -3 -1 2 2 
742 5 913 -1 1 -1 4998 2 

3269 948 2539 749 692 3116 1406 1562 
1178 750 0 821 1883 2489 1659 789 

3269 948 2539 749 692 3116 7932 1562 
1178 750 0 821 1883 2489 5493 789 

1398 2 44 589 199 621 2019 564 
23 2027 1461 250 46 1974 50 1495 

1398 2 44 589 199 621 9317 564 
23 2027 1461 250 46 4776 50 1495 

1398 2 44 6780 199 621 21046 564 
23 2027 1461 3225 46 12468 50 1495 

4591 2 44 11102 199 621 21046 10507 
23 2027 3314 3225 46 13221 2045 1495 

105 2249 40 40 324 376 74 274 
48 471 161 55 367 -1 52 2218 

5094 2249 40 35 324 376 74 246 
48 471 7144 55 367 -1 46 2218 

4531 2 44 9991 199 621 21046 11456 
23 2027 4982 3225 46 11898 3840 1495 

4531 2 44 9991 199 621 21046 11456 
23 2027 4982 3225 46 11898 3840 1495 

8400 3915 30 5515 159 1756 9056 8209 
16 1196 4741 3523 29 9296 2266 5826 

7258 3915 26 3617 128 1421 9379 7409 
2014 1196 7484 2567 4020 9476 1835 4718 

6532 3915 26 2929 128 1421 11774 7929 
2014 1196 7861 2567 3617 10375 1835 4246 

5878 3915 26 2929 128 1421 14882 7929 
2014 1196 13074 2567 3255 10375 1835 4246 

5878 3915 26 2929 128 1421 14882 7929 
2014 1196 13074 2567 3255 10375 1835 4246 

9040 3915 26 2635 3478 1421 18393 10922 
1630 8911 13074 5310 3255 10375 1835 4246 

9040 3915 26 2635 9130 1421 18393 10922 
1630 14019 13074 5310 3255 10375 1835 4246 

8802 3915 26 2635 8215 1421 18393 9828 
1630 11355 13074 6779 3255 10375 1835 4246 

46 45 49 -3 45 10 56 -5 
104 141 81 121 148 -1 60 7 

3526 3631 20 11663 7029 11622 4746 6865 
3966 10504 8871 12013 7171 8606 4471 11003 

7092 3267 8110 6884 5608 13609 3459 9013 
4965 10298 6429 6383 9927 10559 3258 8838 

7403 4872 4421 -3 14509 5 7678 2977 
67 2814 4421 15323 7072 12690 5381 3604 

42 -3 -3 -2 -2 -2 -1 -2 
-1 0 0 -1 6 -1 -1 -1 

-3 -2 -2 -2 -2 -2 -3 -2 
-1 -1 -1 -1 -1 -1 -1 -1 

-3 -2 -2 1998 -2 4164 -3 -2 
-1 -1 -1 -1 -1 -1 17599 -1 

5901 12306 3998 2524 -2 21162 1551 10992 
-1 6335 -1 8160 5685 8129 10722 5570 

10001 9967 5951 2271 3748 17140 1255 7210 
-1 9596 -1 8160 5116 5332 5697 9013 

-4 -2 -3 -2 -2 -6 -3 -3 
-1 0 0 0 0 0 -1 0 

2846 -2 4997 -2 -2 -6 -3 1663 
-1 1799 0 0 0 0 -1 21100 

6397 3267 8110 6884 5608 13609 3459 9013 
4965 10298 6429 6383 9927 10559 3258 27954 

6397 3267 8110 6884 8380 13609 3459 9013 
4965 10298 6429 6383 9927 10559 3258 27158 

6397 3267 8110 6884 12542 13609 3459 9013 
4965 10298 6429 6383 9927 10559 3258 26442 

6397 3267 8110 11195 12542 13609 3459 9013 
4965 10298 8786 6383 9927 10559 3258 26442 

6397 3267 8110 13408 12542 13609 3459 9013 
4965 10298 11907 6383 9927 10559 3258 26442 

6397 3267 8110 18733 12542 13609 3459 9013 
4965 10298 14716 6383 9927 10559 3258 26442 

6397 3267 8110 24359 12542 13609 3459 9013 
4965 10298 16244 6383 9927 10559 3258 26442 

7423 2645 7298 26630 11287 13609 2800 8594 
4468 7506 20211 6383 9927 9502 3258 20606 

7423 2645 7298 30633 11287 13609 2800 8594 
4468 7506 22189 6383 9927 9502 3258 20606 

7423 2645 7298 30347 11287 13609 2800 8594 
4468 7506 24970 6383 9927 9502 3258 20606 

46 10 191 33 19 129 965 693 
-1 172 517 465 90 534 -1 32 

46 4056 191 33 3017 129 965 693 
-1 3154 517 418 80 3480 -1 32 

46 3284 191 33 3340 129 965 693 
-1 2838 517 418 71 5132 -1 32 

46 2955 191 33 8006 129 965 693 
-1 2554 517 418 71 9618 -1 32 

-2 -2 -2 -2 748 -2 -2 -3 
-1 -1 484 -1 -1 -1 -1 -1 

-2 -2 -2 -2 748 -2 -2 -2 
-1 -1 484 -1 -1 -1 -1 -1 

137 -6 -8 274 533 291 -6 111 
-1 243 -1 -1 483 -1 2998 461 

137 -6 -8 274 533 2035 -6 111 
-1 243 -1 -1 2434 -1 2998 461 

123 -5 -8 274 533 4981 -6 99 
-1 243 -1 5398 1773 -1 2998 461 

123 -5 -8 274 533 11982 -6 99 
-1 243 -1 5398 4595 -1 2998 461 

-2 13641 -4 -2 541 -2 -2 765 
1999 -1 1972 1618 -1 -1 -1 -1 

-2 18526 -4 -2 541 -2 -2 765 
1999 -1 1972 1618 -1 -1 4999 -1 

-2 15529 -4 -2 541 -2 4442 765 
1999 -1 1972 9456 -1 -1 8503 -1 

-2 21476 -4 -2 541 -2 4442 765 
1999 -1 1972 9456 -1 -1 10652 -1 

199 694 523 14 604 380 176 328 
175 349 479 647 538 202 230 108 

199 624 523 14 604 380 176 328 
175 349 430 647 538 202 230 108 

6845 6561 523 14 604 380 176 328 
175 349 6387 647 538 4181 230 108 

7967 6561 470 12 604 380 176 328 
175 349 12748 582 538 3386 230 108 

8907 6561 422 2010 604 380 157 328 
175 349 15725 523 538 4742 230 108 

8016 6561 422 2010 543 4092 157 328 
175 349 14152 523 538 13267 206 108 

8016 6561 422 2010 543 4092 157 328 
175 349 14152 523 538 13267 206 108 

413 679 29 632 48 718 2 37 
5 1172 598 76 57 1110 973 1437 

371 679 25 6402 48 645 1 37 
6303 1054 538 76 57 1110 875 1437 

-3 -2 -2 -2 -2 -2 -2 -2 
-1 -1 -1 -1 -1 -1 -1 -1 

-2 -2 -2 -2 -2 -2 -2 -2 
-1 -1 -1 -1 -1 -1 -1 -1 

-2 -2 -2 -2 -2 -2 -2 -2 
-1 -1 -1 -1 -1 -1 -1 -1 

-2 -2 -2 -2 -2 -2 3331 -2 
-1 -1 -1 -1 -1 -1 -1 11999 

-2 -2 -2 -2 -2 -2 6331 -2 
-1 -1 -1 -1 -1 -1 -1 12799 

-2 -2 -2 -2 -2 -2 6331 -2 
-1 -1 -1 -1 -1 -1 -1 12799 

-2 -2 4998 -2 -2 -2 5697 -2 
-1 -1 4999 -1 -1 -1 -1 12799 

-2 -2 6998 -2 -2 -2 5125 -2 
-1 -1 6748 -1 -1 -1 -1 11518 

-2 -2 11923 -2 -2 -2 4612 -2 
-1 -1 15073 -1 -1 -1 -1 11518 

1165 4455 6 3519 1615 1171 1309 6107 
5033 5624 2030 44 1653 2301 1629 762 

1165 4455 6 3519 1615 1171 1309 13541 
5033 5624 2030 4039 1653 14070 1629 762 

3844 -3 4877 2950 -3 -3 3024 1997 
-1 4293 7169 -1 -1 -1 1998 9912 

3844 1997 4877 2950 -3 -3 3024 1997 
-1 4293 7169 1999 -1 -1 1998 9912 

872 2097 180 368 623 841 34 499 
59 896 1718 146 70 2302 70 25 

784 1887 2162 297 1212 756 1593 499 
52 896 1391 7846 62 5071 70 25 

143 94 106 150 -3 -3 111 215 
-1 145 159 115 -1 -1 141 178 

143 94 10095 150 -3 -3 111 215 
-1 145 159 2103 -1 -1 141 178 

2517 1112 5885 112 4967 493 1288 1121 
29 1739 5859 5349 44 4314 1807 3267 

2543 1112 5885 112 4967 493 1288 1121 
5026 1739 5859 5349 44 4314 1807 3267 

3490 728 3125 72 3619 398 758 4077 
4924 1267 3458 3508 35 2546 776 2381 

8141 728 3125 72 3619 398 758 4077 
7431 1267 3458 3508 35 2546 776 2381 

71 38 4991 46 155 1344 78 29 
-1 44 75 2916 -1 773 66 1429 

3891 3128 4767 1482 1555 780 322 3940 
2993 1917 2550 3733 22 1855 1130 2318 

3891 2815 8361 1482 1555 780 322 3940 
2693 1725 2550 3733 22 1855 1130 7086 

3891 2815 15772 1482 1555 780 322 3940 
2693 10552 2550 3733 22 1855 1130 14377 

3891 2815 20861 1482 1555 780 322 3940 
2693 10552 2550 3733 22 1855 1130 16939 

3891 2815 28774 1482 1555 780 322 3940 
2693 10552 2550 3733 22 1855 1130 17245 

1095 3930 4252 413 1330 267 68 1691 
759 3309 1781 1750 3 422 436 4113 

28 26 58 37 8 51 34 1592 
2 439 253 189 409 16 68 102 

28 26 58 37 7507 51 34 1592 
2 439 253 189 409 16 68 3091 

-2 65 40 -2 0 66 -3 21 
-1 54 66 63 -1 24 57 65 

8330 529 1616 -5 665 -3 -5 -4 
51 -1 -1 484 12866 285 -1 4998 

-2 65 40 -2 0 5059 -3 21 
6999 54 66 63 -1 24 57 65 

-2 65 40 6248 0 11219 -3 21 
10299 54 66 5056 -1 24 57 65 

-2 65 40 10623 0 13430 9997 21 
11269 2048 66 6550 -1 24 57 65 

0 73 -3 1564 1436 8 8 18 
12 0 0 16 7 714 11 867 

0 73 -3 10268 1436 8 7 18 
8010 0 0 2014 7 714 11 867 

0 73 -3 10268 1436 8 7 18 
8010 0 0 2014 7 714 11 867 

0 73 -3 3960 1436 8 11006 18 
2010 2000 2000 3014 7 714 11 867 

1696 65 -3 3207 1436 6 7028 13 
5211 1799 3257 2712 7 714 9 2631 

1104 51 2247 4907 1162 8149 2 1135 
3446 0 2429 1467 1622 2378 9 3261 

1104 51 2247 4907 1162 8149 5001 1021 
3101 0 2429 1467 1622 2378 9 9934 

993 51 2022 4416 1162 7333 3944 918 
2790 0 2185 1467 1622 2378 7 8317 

993 51 2022 4416 1162 7333 3944 918 
2790 0 2185 1467 1622 2378 7 8317 

893 51 6819 4416 1162 7333 13305 826 
2510 3000 2185 1467 1622 2378 2006 10292 

893 51 6819 4416 1162 7333 17974 826 
2510 3000 2185 1467 1622 2378 2006 15262 

893 51 6819 4416 1162 7333 15558 742 
2258 3000 2185 1467 1622 2378 2006 15962 

5446 6278 21421 9093 11107 4808 13150 16510 
10146 8883 10625 11682 1313 1559 1461 19523 

3967 4575 13407 8183 8095 3893 8582 11933 
5391 7194 7745 9462 956 3062 861 15925 

8111 14299 12039 7022 3209 2554 8019 12925 
5148 5652 6941 2295 6766 10023 4114 15524 

-2 -3 39 36 -2 -3 -3 12 
-1 10 3 -1 18 -1 -1 -1 

-5 -1 -1 0 0 -4 -5 0 
0 0 0 0 0 0 0 0 

-4 4165 -1 2000 0 -4 -5 0 
0 0 12599 0 0 0 5000 0 

6202 5985 9598 4883 3090 934 1274 2752 
0 5426 17290 6080 2186 4934 7868 9493 

11247 5393 8126 3954 7251 755 4031 2228 
0 3955 12964 6175 3593 3596 9072 9489 

11247 7273 7313 3954 7251 755 4031 2228 
0 3955 12964 20557 3593 3596 8164 9489 

-2 -2 -2 -2 -2 -2 -2 -2 
-1 -1 -1 -1 -1 -1 -1 -1 

3967 4575 13407 8183 7300 3893 8582 11933 
5391 7194 7745 28515 956 3062 861 15925 

7320 4575 13407 8183 7300 3893 8582 11933 
5391 7194 7745 28515 956 3062 861 17332 

7164 4575 13407 8183 7300 3893 8582 11933 
5391 7194 7745 28515 956 3062 861 18598 

11447 4575 13407 8183 7300 3893 8582 11933 
5391 7194 7745 28515 956 3062 861 19738 

12802 4575 13407 8183 7300 3893 8582 11933 
5391 7194 7745 28515 956 3062 861 20764 

12802 11617 13407 8183 7300 3893 8582 11933 
5391 7194 7745 28515 956 5755 861 20764 

12802 17955 13407 8183 7300 3893 8582 11933 
5391 7194 7745 28515 956 8179 861 20764 

11521 16504 13407 7363 6569 3893 8582 9664 
4851 6474 9265 23096 773 15361 861 20764 

11521 22353 13407 7363 6569 3893 8582 9664 
4851 6474 9265 23096 773 16824 861 20764 

11521 22260 13407 7363 6569 3893 8582 9664 
4851 6474 9265 23096 773 18141 861 20764 

364 4 3264 -3 22 274 -1 48 
-1 359 -1 680 2357 95 -1 -1 

364 4003 3264 -2 22 4721 -1 48 
-1 359 -1 680 4957 3676 -1 -1 

364 3602 3264 -2 22 4862 -1 48 
-1 359 -1 680 6714 3308 -1 -1 

364 3241 3264 -2 22 8542 -1 48 
-1 359 -1 680 11042 2977 -1 -1 

-2 -3 -2 -2 -3 -2 -2 -2 
-1 -1 -1 -1 -1 -1 -1 -1 

-2 -3 -2 -2 -3 -2 -2 -2 
-1 -1 -1 -1 -1 -1 -1 -1 

-2 -6 -2 1456 -4 734 -4 1490 
-1 -1 -1 4799 2931 1999 -1 -1 

-2 1994 -2 1310 -4 734 -4 1490 
-1 -1 -1 6319 2931 1999 -1 -1 

-2 5256 -2 4060 -4 660 -4 1490 
-1 -1 -1 13218 2931 1999 3999 -1 

-2 12230 -2 4060 -4 660 -4 1490 
-1 -1 -1 14896 2931 1999 3999 -1 

82 1962 21 -5 -4 71 -4 -5 
-1 1369 -1 125 0 29 216 15 

82 8015 21 -5 -4 71 9996 -5 
-1 1369 -1 125 2000 29 5194 15 

73 8015 18 -5 -3 71 9986 -5 
-1 1369 -1 125 1799 23 14674 15 

73 8015 18 -5 -3 71 15237 -5 
-1 1369 -1 125 1799 23 18206 15 

645 863 -3 686 228 1138 865 1041 
625 1634 653 978 1053 924 393 -1 

645 863 -3 686 228 1138 865 936 
625 1634 653 880 1053 924 393 -1 

645 863 -3 686 228 6857 865 7509 
625 1634 653 4792 1053 7831 393 -1 

580 863 -3 686 228 8768 865 6756 
625 1634 653 4312 1053 9758 393 -1 

580 863 -3 686 228 7101 865 11080 
625 1634 653 7880 1053 7903 393 -1 

521 863 -3 686 228 5751 865 13433 
625 1634 653 14482 1053 6401 393 -1 

521 863 -3 686 228 5751 865 13433 
625 1634 653 14482 1053 6401 393 -1 

31 921 3100 4743 -4 7193 6 1398 
8733 3761 945 67 1068 75 35 5870 

27 828 2789 4743 3996 7193 5 1398 
7859 3761 945 60 4464 75 31 5870 

4563 744 1330 2519 1907 3094 4562 2691 
4444 1997 3181 1459 3615 1497 1302 5100 

1029 123 -5 164 208 854 585 1163 
102 115 62 969 5841 1111 63 773 

1029 123 -5 164 187 854 585 1163 
102 115 62 871 5841 1111 63 773 

1029 123 -5 164 5882 17649 18284 1163 
5091 11993 62 14905 10256 1111 8056 3695 

1029 123 -5 164 12793 17649 18284 1163 
5091 11993 62 16414 10256 1111 8056 3695 

1029 123 -5 164 12793 17649 18284 1163 
5091 11993 62 16414 10256 1111 8056 3695 

1029 123 -5 164 12793 17649 25524 1163 
5091 11993 62 16414 10256 1111 8056 10492 

925 98 -5 147 12793 17649 22655 1163 
4581 11993 62 14772 10256 999 6524 11198 

832 88 -5 132 12793 17649 23350 1163 
4122 11993 62 14772 10256 898 5871 18070 

321 -2 -2 -2 -2 -2 -2 -2 
268 -1 -1 -1 -1 -1 -1 -1 

321 -2 -2 -2 -2 6664 -2 2141 
268 3999 -1 11999 -1 -1 -1 -1 

3035 55 -4 67 7292 9053 10345 11108 
4157 8923 1642 8855 8242 529 7519 10805 

3035 55 2496 67 7292 9053 10345 11920 
4157 8923 1642 9969 8242 529 11767 10805 

1484 1370 -4 135 713 1347 1054 1092 
102 1918 1253 1988 156 1796 2840 -1 

31 -2 28 -3 191 129 165 109 
59 49 75 76 114 5 112 114 

1484 3734 -3 121 1139 1767 1054 6551 
2091 6360 1253 8110 2140 1616 2555 1999 

1484 3734 -3 5108 1139 1767 1054 6551 
2091 6360 1253 8110 2140 1616 5299 1999 

21 5017 12 2586 5588 59 2841 1000 
27 22 3147 5704 3396 7230 4658 66 

21 5017 12 9827 5588 429 2841 1000 
27 22 3147 5704 3396 15156 4658 66 

1200 2719 -6 2710 1664 1560 764 3476 
2546 4635 739 3877 3263 2977 2815 1456 

8 2157 9 8554 4071 1531 2300 727 
2012 17 1857 3367 3056 5452 3395 47 

8 2157 9 8554 4071 6377 2300 727 
2012 17 1857 3367 3056 7906 3395 47 

-2 -2 -2 -2 -2 -2 -3 -2 
-1 -1 -1 -1 -1 -1 -1 -1 

-2 -2 -2 4998 -2 4998 -3 -2 
-1 -1 -1 -1 -1 6029 -1 -1 

5831 -2 -2 4497 -2 8069 -3 -2 
-1 -1 6999 -1 -1 9383 -1 -1 

5831 -2 -2 4497 -2 12262 -3 -2 
-1 -1 6999 -1 -1 11444 -1 -1 

5831 -2 -2 4497 9998 12262 -3 -2 
-1 -1 6999 1999 -1 11444 -1 -1 

2888 3109 5005 4543 1416 3476 1220 310 
2921 2869 4806 2164 3423 3751 1803 15 

3096 -4 1264 1266 2535 2502 1039 -4 
955 -1 1975 455 955 1621 -1 -1 

3096 -4 1264 1266 2535 8918 1039 -4 
955 -1 5777 455 955 1621 -1 -1 

117 50 141 1641 80 42 1494 7 
69 68 3009 55 80 172 140 24 

117 50 141 7476 80 42 1494 7 
69 68 3009 55 6072 172 140 24 

117 5045 141 16728 5072 42 11344 5006 
69 68 4708 55 7464 4154 2126 2021 

117 5045 7626 15055 5072 5037 11344 5006 
5755 68 4708 55 7464 4154 1913 2021 

117 5045 7772 15055 5072 5302 12209 5006 
7179 68 4708 55 7464 5738 3721 2021 

117 5045 7772 13549 5072 5302 14389 5006 
7179 68 3813 8049 7464 5738 3721 2021 

5165 643 -4 3723 689 922 308 8 
-1 2519 1875 42 160 1066 1998 3547 

5165 643 -4 3723 689 922 308 8 
-1 2519 1875 42 160 1066 1998 3547 

1594 2679 6994 7197 6984 8794 14899 6199 
4238 7776 4397 10049 8717 5738 2196 1636 

1594 2169 5664 7197 6440 8794 13032 6058 
6814 6998 6957 8120 7060 5738 2196 1472 

1594 2169 5664 5829 6440 12914 13202 6058 
6814 13201 6957 8120 7060 5164 3976 1472 

1594 2169 5097 10246 6440 12914 13202 6058 
6814 19880 6957 8120 6353 5164 3976 1472 

1594 2169 5097 10246 6440 12914 13202 6058 
6814 19880 6957 8120 6353 5164 3976 1472 

4624 1951 8628 10246 10796 19960 13202 6058 
6814 21179 6957 8377 6353 5164 6220 1472 

4624 1951 8628 10246 10796 23964 13202 6058 
6814 21179 6957 8377 6353 10647 6220 1472 

4624 1951 8628 10246 10796 21336 13202 6058 
6814 21179 6957 8377 5717 12582 6220 1472 

8792 4274 7059 12459 8438 19202 12888 11702 
7416 25933 12235 11106 6430 16772 6220 4312 

9691 4647 11039 9340 5535 13773 6847 12489 
6856 18574 11219 6970 5072 15775 7350 7648 

5644 11154 12568 7475 4121 8130 6847 9102 
4997 9097 8178 5703 5497 10569 5953 5017 

-1 8 -2 29 32 16 16 3 
16 -1 25 21 27 27 27 24 

-3 -3 7 6 -2 -3 -2 -3 
-1 -1 2 -1 -1 -1 -1 -1 

-7 -5 -6 -4 -3 -2 -4 -2 
0 0 0 -1 -1 0 -1 0 

1794 4162 -6 -4 -2 -2 -4 -2 
0 0 14000 -1 4999 0 -1 0 

14159 4963 11593 11850 1940 5461 2426 -2 
1180 12222 11174 3425 9892 8608 8319 5129 

16267 4713 9389 13764 1412 8197 1590 -3 
2479 7952 7330 4246 11437 7747 6915 4154 

14640 4713 9389 18637 1412 8197 1590 2197 
2230 7952 7330 14821 11437 7747 11223 4154 

-2 -2 -2 -2 -2 -2 -2 -2 
-1 -1 -1 -1 -1 -1 -1 -1 

-1 8 -2 41 32 16 16 3 
16 -1 25 21 27 20024 27 24 

3332 8 -2 41 32 16 16 3 
16 -1 2022 21 27 20024 27 24 

3332 8 -2 41 32 540 16 3 
16 -1 2022 21 27 20021 27 24 

3332 8 -2 41 32 485 16 3 
16 -1 2022 21 27 18018 27 24 

3332 8 -2 41 32 1865 16 3 
16 -1 2022 21 27 20216 27 24 

3332 8 -2 41 32 9178 16 3 
16 -1 2022 21 27 21194 27 24 

3332 8 -2 41 32 15760 16 3 
16 -1 2022 21 27 22074 27 24 

3332 6 -2 3670 6097 15955 3014 2573 
3612 2185 3819 2016 3024 21479 24 19 

3332 6 -2 3670 6097 21859 3014 2573 
3612 2185 3819 2016 3024 22331 24 19 

3332 6 -2 3670 6097 22673 3014 2573 
3612 2185 3819 2016 3024 26097 24 19 

113 -2 -2 138 -2 -2 -2 -3 
-1 54 -1 -1 0 0 -1 -1 

10101 -2 4498 111 -2 3748 -2 -3 
2999 54 -1 4229 0 0 -1 -1 

1 156 126 2998 1799 1011 469 1431 
1153 2878 23 974 592 1187 14 591 

10101 -2 4762 99 -2 3373 -2 -3 
4699 54 -1 3805 0 0 -1 -1 

10101 -2 9285 99 -2 3373 -2 -3 
4699 54 -1 3805 7000 0 -1 -1 

10101 -2 8356 99 -2 3373 -2 -3 
4699 54 -1 3805 6299 0 -1 -1 

10101 -3 7584 99 -2 3373 -2 1108 
4228 54 -1 3805 7669 0 -1 1999 

10101 -3 7584 88 -2 3373 1998 1108 
4228 54 -1 3805 8011 0 -1 1999 

10101 -2 7584 2936 -2 2731 5131 1108 
4228 54 -1 3805 9953 0 -1 1798 

10101 -2 7584 2936 -2 2731 11284 1108 
4228 54 -1 3805 12957 0 -1 1798 

-6 -7 218 508 247 -9 -8 3362 
760 3126 1130 1456 -1 409 12 -1 

-6 -7 218 508 247 7491 -8 3362 
760 3126 1130 1456 2999 409 12 -1 

-6 -7 218 508 222 7710 -8 5803 
760 3126 1130 1456 6235 5368 12 -1 

-6 -7 218 508 222 13605 -8 15222 
760 3126 1130 1456 9611 6831 12 -1 

648 371 741 183 758 420 719 567 
965 365 -1 965 761 357 -1 141 

648 371 741 183 758 377 719 567 
965 365 -1 868 761 357 -1 141 

648 371 741 183 758 5839 719 567 
11868 365 -1 868 761 357 -1 141 

648 371 741 164 682 6979 719 567 
14112 365 -1 868 761 321 -1 141 

648 371 741 147 613 9252 719 567 
15030 365 -1 868 761 288 -1 141 

648 371 741 3882 551 10643 646 567 
18474 365 -1 868 761 3259 -1 126 

648 371 741 3882 551 10643 646 567 
18474 365 -1 868 761 3259 -1 126 

30 1066 350 785 667 611 1726 630 
3133 3005 563 143 381 487 695 1073 

30 1066 350 785 667 549 1553 566 
2537 3005 563 143 381 438 695 1073 

13 862 3439 2538 821 3202 741 3424 
3634 2190 331 2811 146 2992 455 2976 

-2 -2 -2 -2 2396 -2 -2 -2 
-1 -1 -1 455 -1 -1 12 -1 

-2 -2 -2 -2 2396 -2 -2 -2 
-1 -1 -1 455 -1 -1 12 -1 

1664 -2 -2 -2 2396 9971 -2 -2 
-1 1999 -1 455 -1 3999 14409 -1 

1664 -2 -2 -2 2396 21349 -2 -2 
-1 1999 -1 455 -1 11599 14968 -1 

1664 -2 -2 -2 2396 21349 -2 -2 
-1 1999 -1 455 -1 11599 14968 -1 

1664 5998 -2 -2 2396 21349 -2 -2 
-1 7799 -1 455 -1 11599 14968 -1 

5247 5857 -2 -2 2396 21349 -2 -2 
-1 9019 -1 455 -1 13439 12123 -1 

4722 10896 5623 -2 2396 21349 -2 -2 
-1 17117 -1 455 4498 12094 10910 -1 

-2 -2 -2 -2 -2 -3 -2 -2 
-1 -1 -1 -1 -1 -1 -1 -1 

-2 -2 -2 -2 -2 3033 -2 -2 
-1 -1 -1 16999 -1 -1 -1 -1 

4030 5879 2174 3578 4972 9345 2426 -2 
1637 9095 2242 3110 2655 10376 6978 4373 

5769 5879 2174 3578 4972 9345 2426 -2 
1637 11185 2242 3110 2655 10376 6978 4373 

910 44 2174 1211 334 2082 177 155 
2424 81 1826 2014 1901 826 -1 1221 

1184 44 1956 1089 300 1873 177 155 
2181 3072 1826 2014 1901 668 -1 1221 

5176 10770 1281 3176 4136 3074 1029 3710 
7804 5248 1077 1188 3961 2553 773 7591 

5176 10770 1281 3176 4136 3074 1029 10839 
7804 5248 1077 1188 6564 2553 773 7591 

4657 9844 1028 4135 3716 2487 825 6370 
5119 4723 5914 961 5777 1860 773 5793 

4657 9844 1028 4135 3716 2487 964 6370 
5119 4723 5914 4864 5777 1860 773 5793 

3771 4235 672 2439 2707 1319 2454 8259 
4146 2788 3879 3781 3789 1355 562 3077 

3771 4235 672 2439 2707 1319 7208 8259 
4146 2788 3879 6402 3789 1355 562 3077 

6 -4 8 7 5 8 -1 -1 
19 -1 25 26 12 5 -1 9 

18115 4422 1215 6682 7920 5565 5786 3130 
141 8116 2698 7262 4560 3522 841 13990 

18115 3979 1215 6682 12128 5008 5207 3130 
4614 8116 2698 7262 4560 3522 756 12590 

3313 2248 318 4407 10977 627 2258 3543 
3974 3239 1854 2775 1811 987 1862 2811 

18115 8581 1215 6682 14486 4506 5207 3130 
14237 8116 2698 7262 4560 3522 680 12590 

18115 8581 1215 6682 18037 4506 5207 3130 
15813 8116 2698 7262 4560 3522 680 12590 

18115 8581 1215 6682 18037 4506 5207 3130 
15813 8116 2698 7262 4560 3522 680 12590 

3349 1584 1847 1692 3337 2953 3645 1209 
2928 1351 955 2530 1765 3141 324 3576 

3349 1584 1847 1692 3337 2953 9947 1209 
2928 1351 955 2530 5588 3141 324 3576 

45 169 23 111 80 120 100 97 
122 43 48 76 88 55 59 132 

45 169 6020 111 80 120 100 97 
122 43 48 76 88 6049 59 132 

45 169 10876 6766 80 120 100 97 
122 43 48 4068 88 8499 59 132 

3373 169 17288 6766 80 120 100 87 
2109 43 48 6661 79 8499 59 132 

3804 169 15559 6766 80 120 100 78 
3898 43 48 5994 70 8499 59 132 

8423 169 14002 6766 80 120 89 70 
10508 43 48 5394 62 7648 59 132 

6323 630 12346 9603 1993 1436 4095 3384 
5583 4871 3838 4682 3464 7376 1205 3516 

6323 630 21111 9603 1993 1436 4095 3384 
5583 4871 3838 4682 5117 7376 1205 3516 

1813 32 2657 1095 0 3 2807 2604 
1 4527 957 1481 2 361 16 82 

5706 4454 5206 797 2583 2 2526 2647 
7656 4527 861 7319 1 2324 4726 4766 

5706 4454 10094 717 2091 2 2526 2381 
6890 4074 2497 9587 0 2324 4726 4289 

5706 4454 14084 717 14574 2 2526 2381 
10201 4074 2247 14628 2000 2324 4726 4289 

5706 4454 14084 717 14574 2 2526 2381 
10201 4074 2247 14628 2000 2324 4726 4289 

5706 4454 13641 7311 11804 2 2526 2142 
9180 3666 5819 18165 1799 2324 4726 3859 

5706 4454 18526 7311 11804 2 2526 2142 
9180 3666 5819 21348 1799 2324 4726 3859 

5706 4454 17784 7311 10203 2 2526 2142 
10262 3666 5819 21213 1618 2324 4726 3859 

5236 4454 25287 6812 10203 3519 7273 2142 
13235 7769 5236 22524 10456 2324 4726 3472 

11969 5175 14133 4020 14446 2306 5659 4241 
14049 7651 5936 10040 12859 9173 8330 6659 

-3 16 33 29 -4 -3 34 13 
57 66 0 54 -1 24 -1 42 

7851 6579 11344 2636 8087 4117 4753 2780 
9216 7377 6658 8132 6149 9276 5464 6168 

-2 -3 -2 -3 -3 -3 -3 -3 
-1 -1 -1 -1 -1 -1 -1 -1 

-4 -2 -2 -4 -3 -3 -2 -6 
0 -1 0 0 0 0 -1 0 

-4 4164 -2 -4 -3 1997 -2 -6 
0 13999 5000 0 0 0 -1 0 

837 12800 3602 4448 1664 6421 6147 3905 
3861 12171 9002 13813 5687 3619 2799 3619 

1658 11730 3241 4002 7335 4679 5725 2560 
4814 8872 6561 7668 7857 2931 7281 2637 

1658 10556 3241 4002 7335 4679 5725 5081 
19332 8872 5904 7668 7857 2931 7281 2637 

-2 -2 -2 -2 -2 -2 -2 -2 
-1 -1 -1 -1 -1 -1 -1 -1 

7851 6579 11344 2387 8087 4117 4753 2780 
28294 7377 6658 8132 6149 9276 5464 6168 

7851 6579 11344 2387 8087 8705 4753 2780 
28464 7377 6658 8132 6149 9276 5464 6168 

7851 6579 11344 2387 8087 8422 4753 2780 
27617 7377 6658 8132 6149 9276 5464 6168 

7851 6579 11344 2387 8087 17579 4753 2780 
26855 7377 6658 8132 6149 9276 5464 6168 

7851 6579 11344 2387 8087 17579 7611 2780 
26855 10639 6658 8132 6149 9276 5464 6168 

7851 6579 11344 2387 8087 17579 13516 2780 
26855 13575 6658 8132 6149 9276 5464 6168 

7851 6579 11344 2387 8087 17579 19664 2780 
26855 15217 6658 8132 6149 9276 5464 6168 

5148 5920 12209 6148 7277 15820 19264 2780 
21376 15025 8093 8386 6149 7513 5464 6168 

5148 5920 12209 6148 7277 15820 24837 2780 
21376 16522 8093 8386 6149 7513 5464 6168 

5148 5920 12209 6148 7277 15820 25924 2780 
21376 19869 8093 8386 6149 7513 5464 6168 

-3 -3 -3 -2 -3 -2 -2 -2 
-1 -1 -1 -1 -1 -1 -1 -1 

3034 -3 -3 4998 -3 -2 -2 -2 
-1 -1 -1 -1 -1 1999 -1 4858 

2730 -3 -3 4998 -3 -2 1109 -2 
-1 -1 -1 -1 -1 1999 -1 6372 

2456 -3 -3 4998 -3 -2 4998 -2 
-1 -1 -1 -1 -1 1999 -1 13734 

185 230 385 0 140 64 613 599 
-1 1224 507 0 27 305 -1 341 

185 230 385 0 140 64 613 599 
-1 1224 507 0 27 305 -1 341 

-6 -4 15 82 142 -8 9 38 
-1 82 344 59 -1 1410 -1 -1 

-6 -4 15 82 2627 -8 7 38 
-1 82 344 52 -1 1410 -1 1999 

-6 -3 15 3407 2364 -7 6 6612 
-1 82 309 46 -1 1268 4999 8439 

-6 -3 15 9732 2364 -7 6 6612 
-1 82 309 46 -1 1268 4999 11595 

146 230 385 0 778 64 551 599 
-1 1224 507 0 2021 305 -1 306 

146 230 385 0 8200 64 551 599 
-1 1224 507 0 2021 3274 -1 306 

146 4207 385 0 14899 51 551 2539 
3598 1224 507 8000 2021 8051 -1 2247 

146 4207 385 0 18409 51 551 2539 
3598 1224 507 8000 2021 10245 -1 2247 

2388 -3 407 1485 317 921 1392 109 
141 2362 104 470 366 560 584 688 

2149 -3 407 1485 317 921 1392 109 
141 2125 104 470 366 560 584 688 

7559 -3 407 1485 317 921 1392 109 
141 10912 104 470 366 560 584 688 

8822 -3 366 1485 317 921 1392 97 
141 15820 104 470 266 560 584 688 

13968 -3 329 1485 317 921 1392 87 
141 20238 104 470 2193 560 525 688 

16142 -3 10296 1485 317 921 1392 78 
141 23214 104 470 3776 560 525 688 

16142 -3 10296 1485 317 921 1392 78 
141 23214 104 470 3776 560 525 688 

1583 203 1247 263 46 864 1513 3 
5269 795 652 95 457 126 69 91 

1424 4872 1247 236 46 864 1513 2 
5269 795 586 95 411 6401 61 81 

-2 -2 -2 -2 -2 -2 2412 -2 
-1 -1 -1 -1 -1 -1 964 -1 

-2 -2 -2 -2 -2 -2 -2 -2 
-1 -1 -1 -1 -1 -1 -1 -1 

-2 -2 -2 -2 -2 -2 -2 -2 
-1 -1 -1 -1 -1 -1 -1 -1 

-2 15998 -2 4998 11165 3498 3634 -2 
5999 6999 -1 -1 7599 12499 -1 1999 

-2 15998 -2 4998 15048 3498 3634 -2 
8399 6999 -1 -1 7599 12499 -1 1999 

-2 15998 -2 4998 15048 3498 3634 -2 
8399 6999 -1 -1 7599 12499 -1 1999 

-2 15998 -2 4998 17828 10648 3634 -2 
13559 9299 -1 -1 7599 12499 -1 1999 

-2 12957 -2 4497 15940 9581 3634 -2 
14203 8368 -1 -1 6154 11248 -1 1798 

-2 11661 -2 4497 15940 9581 6993 -2 
14203 8368 8999 -1 5538 10123 -1 1456 

2099 3984 1481 2153 4347 698 2277 0 
4568 5000 2495 49 2854 4382 31 2671 

2099 3984 1481 4973 4347 698 2277 0 
4568 5000 2495 49 2854 20943 31 2671 

2305 2427 2349 646 297 166 2573 10 
34 3134 22 959 1899 1394 1383 295 

2305 2427 2349 646 297 166 2573 4009 
34 3134 22 4863 1899 1394 1383 295 

-2 9443 2697 4274 5554 8735 5385 1637 
4455 8529 7281 3111 5090 7056 -1 3873 

-2 9443 2862 4274 4998 8735 5082 1637 
6009 7675 7281 3111 8570 7056 -1 3873 

75 123 39 43 33 15 84 84 
0 94 0 114 108 98 63 10 

75 4277 39 43 33 15 84 84 
5000 94 0 114 108 98 63 10 

5833 6882 6201 2522 3278 7386 5683 3015 
6005 7874 6728 4144 6372 5143 3279 5874 

5833 6468 6201 2522 3278 7386 5683 3015 
10404 7874 6728 4144 6372 5143 3279 5874 

5528 4420 4066 2042 1933 5383 4141 1295 
3960 3388 5449 2718 4644 5143 3367 4281 

5528 11955 4066 2042 1933 5383 4141 1295 
6564 5049 5449 2718 4644 5143 3367 4281 

-23 504 449 3 3 -6 21 533 
490 28 696 27 62 45 579 4 

3286 4829 4050 2003 3883 8136 5630 749 
1336 6706 4144 3983 4709 3916 1898 2274 

2957 9346 4050 6802 3494 8136 5630 749 
1336 6706 4144 3584 4709 3916 1708 7541 

6827 8411 4050 10121 3494 8136 5630 749 
1336 6706 4144 3584 4709 3916 6537 13308 

6827 8411 4050 15775 3494 8136 5630 749 
1336 6706 4144 3584 4709 3916 6537 15977 

6827 8411 4050 15775 3494 8136 5630 749 
1336 6706 4144 3584 4709 3916 6537 15977 

2671 1726 920 2625 795 2549 2631 257 
417 2040 1443 1123 1328 804 2002 2156 

2919 13468 -2 -4 200 4082 4499 -4 
1919 7075 -1 -1 2428 1799 3238 0 

2919 13468 -2 -4 5180 4082 4499 -4 
1919 7075 -1 -1 2428 1799 5914 0 

925 -1 623 1029 929 12 -4 1036 
0 21 702 1304 0 659 5 1461 

925 -1 623 1029 929 7510 -4 1036 
0 21 702 1304 0 659 5 4314 

925 -1 623 1029 929 12592 -4 1036 
0 21 702 1304 0 659 5 10882 

925 -1 623 5926 929 16332 -4 1036 
0 21 702 1304 0 2593 5 12793 

3332 -1 623 7000 929 14962 -4 1036 
0 3018 702 3173 0 2593 2004 14513 

2998 -1 623 6299 929 21619 -4 1036 
0 2716 702 8855 0 2593 1803 17061 

0 43 17 6 68 17 50 -1 
24 24 3 16 20 28 17 23 

0 43 17 6 68 5015 50 -1 
24 24 3 16 20 28 17 2020 

1590 -2 7664 7095 491 7546 1795 6706 
-1 3223 4562 7969 1799 1530 2982 13414 

1590 -2 6897 9956 397 9194 1615 6035 
-1 3223 4562 11854 1618 4377 2683 11200 

1590 -2 6897 11460 357 11946 1615 6035 
-1 3223 4562 13401 1618 3939 2683 9071 

1590 -2 6897 10313 357 16376 1615 6035 
-1 3223 4562 18954 1618 3939 2683 9071 

1590 -2 6897 10313 357 16376 1615 6035 
-1 3223 4562 18954 1618 3939 2683 9071 

1590 -2 6897 14281 5538 17764 1615 5431 
-1 3223 4562 15274 1618 3544 2683 13647 

1590 -2 6897 14281 5538 21987 1615 5431 
-1 3223 4562 19746 1618 3544 2683 13647 

1590 -2 6897 14281 5538 21987 2524 5431 
-1 2900 4562 19746 1618 5189 2683 12282 

10 14 73 -3 -3 112 101 27 
16 156 77 141 129 93 110 -1 

5287 13149 10523 10410 3632 12259 5064 20318 
6223 14340 16619 9131 6979 6343 7885 13725 

11464 12948 14195 12736 3428 11471 10821 10821 
4926 14906 15482 9229 6733 4160 5172 14039 

6352 2 22 -3 2291 7242 3892 3286 
1295 11049 3044 5030 1594 22 9136 2914 

34 -2 -3 1043 -2 -2 -3 -3 
-1 15 -1 -1 695 -1 -1 21 

-4 -5 -3 -5 1008 -4 -3 -5 
0 0 0 0 1456 0 0 -1 

-4 1401 3854 -5 1008 -3 -3 -5 
0 0 0 0 15279 0 0 -1 

5938 4690 10807 1494 5489 7683 -3 -4 
2699 4319 5939 4616 11607 6756 0 4714 

5344 4220 8752 1209 8895 6222 2890 -3 
2185 4948 3895 4616 8207 6756 0 6242 

5344 4220 7876 1209 8895 6222 4922 -3 
2185 4948 3895 4616 20386 6756 0 6242 

-2 -2 -2 -2 -2 -2 -2 -2 
-1 -1 -1 -1 -1 -1 -1 -1 

10332 12948 14195 12736 3428 11471 10821 10821 
4926 14906 15482 9229 6733 4160 24654 14039 

10332 12948 14195 12736 3428 11471 13738 10821 
4926 14906 17933 9229 6733 4160 24654 14039 

10332 12948 14195 12736 3428 11471 12952 10821 
4926 14906 18139 9229 6733 4160 24654 14039 

10332 16653 14195 12736 3428 11471 12952 10821 
4926 14906 18139 9229 8059 4160 24654 14039 

10332 16178 14195 12736 3428 11471 12952 10821 
4926 14906 18139 9229 12253 4160 24654 14039 

10332 22060 14195 12736 3428 11471 12952 10821 
4926 14906 18139 9229 14027 4160 24654 14039 

10332 27354 14195 12736 3428 11471 12952 10821 
4926 14906 18139 9229 15624 4160 24654 14039 

10332 23562 17775 12736 3428 11091 11656 8763 
3989 16415 18139 10175 18049 4160 19969 13171 

10332 27872 17775 12736 3428 11091 11656 8763 
3989 16415 18139 10175 20244 4160 19969 13171 

10332 28684 17775 12736 3428 11091 15490 8763 
3989 16415 18139 10175 20244 4160 35972 13853 

66 80 77 122 715 -3 33 109 
26 207 274 71 242 -1 909 397 

66 80 77 109 715 -3 8026 109 
26 207 2246 1857 242 -1 909 397 

66 80 77 97 715 -3 7400 109 
26 207 2021 3303 242 -1 909 397 

66 80 77 87 715 -3 10493 109 
26 207 1818 8075 242 -1 909 397 

-3 -3 6 -2 -2 -3 7 -3 
-1 9 -1 9 -1 -1 -1 9 

-3 -3 6 -2 -2 -3 6 -3 
-1 9 -1 9 -1 -1 -1 9 

523 -3 4 -2 -2 -3 3 1422 
-1 9 3419 2006 -1 -1 -1 7 

470 -3 4 -2 -2 -3 2002 1422 
-1 9 3076 2006 -1 -1 -1 2006 

3880 -3 4 -2 -2 -3 4621 1422 
-1 9 3076 1805 -1 -1 -1 10424 

3880 -3 4 -2 -2 -3 7492 1422 
-1 9 3076 1805 -1 -1 -1 11381 

-5 740 34 8 10 -4 666 -6 
75 -1 -1 1027 27 -1 102 1160 

-5 740 34 8 6675 -4 666 -6 
75 -1 3999 1027 27 -1 102 1160 

2495 740 34 8 8679 -3 666 -5 
67 -1 8455 4924 27 -1 102 1160 

2495 740 34 8 12811 -3 666 -5 
67 -1 10609 4924 27 -1 102 1160 

6280 238 218 287 444 -5 225 240 
195 377 625 217 2455 695 -1 503 

6280 238 218 287 399 -5 225 240 
195 377 562 217 2455 695 -1 503 

6280 238 218 287 5984 -5 225 240 
195 377 9505 217 2455 695 -1 503 

6280 214 218 3001 8112 -5 225 240 
195 339 14554 217 2455 625 -1 8452 

6280 4673 218 3001 12300 -5 225 215 
175 2074 15098 217 2455 625 -1 8452 

6280 8751 218 3001 11069 -5 225 3943 
3157 11866 13588 217 2455 625 -1 8452 

6280 8751 218 3001 11069 -5 225 3943 
3157 11866 13588 217 2455 625 -1 8452 

496 558 24 167 2175 -6 51 275 
472 3049 717 3271 193 48 -1 923 

446 6839 24 167 2175 -5 2351 222 
381 3049 9882 6943 193 38 -1 830 

-2 2150 -2 -1 -2 -2 -2 -2 
-1 -1 -1 -1 562 0 -1 -1 

360 3331 8 120 1426 1071 4865 128 
1362 1999 3827 5441 91 2381 1061 5187 

360 3331 8 120 1426 1071 4865 115 
1362 1999 3827 4896 91 2381 1061 5187 

6574 11448 12555 9327 6283 1071 4865 3436 
15542 8799 8444 8406 91 6142 1061 21595 

6574 11448 12555 9327 6283 1071 4865 10592 
15542 8799 8444 8406 91 6142 1061 22435 

6574 11448 12555 9327 6283 1071 4865 10592 
15542 8799 8444 8406 91 6142 1061 22435 

6574 11448 17966 9327 5654 4630 4865 10592 
15542 11919 18599 8406 91 6142 954 22435 

6574 11448 16168 7554 5088 4749 4865 9532 
15542 9654 18739 8406 81 6142 858 18171 

6574 11448 14551 6798 4579 8846 4865 9532 
15542 7819 24178 8406 81 6142 772 18171 

-3 -2 -2 -2 -2 -2 -3 -2 
-1 -1 -1 -1 -1 -1 -1 -1 

-3 -2 -2 -2 2584 -2 -3 -2 
-1 -1 -1 -1 -1 -1 14999 -1 

4311 8378 11535 4011 9556 7652 5250 5296 
7645 5774 14091 4680 2065 8771 2629 12885 

4311 8378 11535 7359 9556 7652 5250 5296 
7645 5774 15681 4680 2065 8771 2629 12885 

1037 1231 80 1073 1342 657 167 653 
995 2289 1971 1234 2540 610 -1 1564 

420 316 485 278 401 188 512 304 
289 333 496 300 201 411 121 489 

1037 1107 2153 2102 1342 591 150 3087 
11205 2289 1773 1234 4286 548 -1 4866 

1037 1107 2153 2102 1342 591 5135 3087 
11205 2289 1773 1234 4286 548 -1 7379 

4342 4762 3550 163 169 1203 270 2615 
1079 242 236 1976 3343 268 2687 5625 

4342 4508 3550 163 169 1203 270 2615 
4971 242 236 1976 3343 268 2687 5625 

3164 7983 2327 118 86 788 140 1905 
3439 1958 154 1049 2436 175 1958 3320 

3164 12184 7094 118 86 788 140 1905 
7095 1958 2138 1049 2436 175 1958 3320 

489 648 1508 2340 1923 380 1784 1797 
4822 1853 846 727 4150 1635 -1 4487 

3751 4401 5087 8748 34 1099 1896 4938 
2314 2839 3628 1266 2254 1524 2276 6106 

3751 4401 8620 12873 34 1099 1706 4938 
2314 2839 3628 1266 2254 3540 2276 9495 

3751 4401 11981 16585 34 1099 6535 4938 
2314 2839 3628 1266 2254 16925 2276 9495 

3751 4401 11981 16585 34 7655 6535 4938 
2314 2839 3628 1266 2254 19232 2276 9495 

3751 4401 11981 16585 34 7655 6535 4938 
2314 2839 3628 1266 2254 19232 2276 9495 

851 2101 3442 3788 5 3877 3469 910 
895 889 1263 543 1410 2002 792 2412 

243 119 137 44 74 776 63 816 
49 967 3 46 5 454 31 1239 

243 119 137 44 74 776 63 8234 
49 3870 3 46 5 454 31 1239 

383 340 1993 1275 16 26 -1 2939 
2 52 3093 344 429 14 22 3427 

6344 340 1993 1275 16 26 -1 2939 
2 52 8783 344 429 14 22 3427 

11542 340 1993 1275 16 26 -1 2939 
2 52 14904 344 429 14 22 3427 

13721 340 1993 1275 16 5023 -1 2644 
2 52 15872 309 429 14 22 3427 

13030 340 1993 1275 16 4520 -1 3629 
2 52 15556 2278 429 14 22 3427 

13030 340 1993 7814 16 7344 -1 3629 
1 52 15556 2278 429 3611 9019 3427 

9212 1755 1993 5695 3344 6510 -1 5880 
0 1491 14000 3294 6028 2368 8305 2775 

9212 1755 1993 5695 3344 10859 -1 5880 
0 1491 14000 3294 6028 2368 9474 2775 

16 9 27 22 18 24 20 23 
57 68 38 28 59 22 51 71 

16 3397 21 22 18 1816 20 23 
2045 2231 38 25 59 22 3641 3063 

16 7876 18 22 18 1470 20 23 
2045 6809 38 25 59 22 3276 2756 

16 16803 6266 22 18 1470 20 23 
2045 17613 38 25 59 22 3276 2480 

16 16803 6266 22 18 1470 20 23 
2045 17613 38 25 59 22 3276 2480 

16 20799 12306 22 18 1070 20 23 
1840 22121 38 25 59 22 2948 2231 

16 24719 12306 22 18 1070 20 23 
1840 25908 38 25 59 22 2948 2231 

11 24719 12306 22 16 1070 17 2163 
1840 26317 38 22 47 22 2948 2231 

5826 27522 16075 19 8267 5866 4513 2251 
9201 26424 4530 4517 42 19 7578 10827 

4995 5 -4 -2 97 -5 6487 -4 
0 22 -1 2998 21 5427 5021 -1 

5845 0 10358 7998 3380 -4 4725 -4 
0 1324 4429 3808 1814 5018 3659 1798 

10235 1234 4454 -2 885 -5 3655 -3 
-1 5021 4048 3767 7 2594 5946 8433 

-2 -3 -3 -2 301 372 -2 -3 
157 -1 -1 -1 -1 157 -1 -1 

-2 -2 -2 -2 -2 -2 -2 -2 
-1 -1 -1 -1 -1 -1 -1 -1 

-2 1404 4283 -2 -2 -2 -2 -2 
-1 4858 -1 -1 8999 -1 -1 -1 

8222 3789 6490 7134 8097 4011 5507 1717 
-1 9787 2998 5680 10887 3619 2428 6319 

5992 3409 8779 5778 6515 3609 4955 3951 
-1 9742 3805 4140 8818 2931 1966 5686 

-3 -2 -4 -4 -7 -2 2247 -3 
1798 0 0 0 0 0 0 -1 

5992 3409 7900 5778 7894 3609 4955 3951 
-1 19590 3805 4140 8818 2931 1966 5686 

5845 0 10358 7998 3380 -4 4267 -4 
0 1324 4429 3808 1814 5018 23293 1798 

5845 0 13488 7998 3380 -4 4267 -4 
0 1324 4429 3808 1814 5018 25963 1798 

5845 0 12716 7998 3380 -4 4267 -4 
0 1324 4429 3808 1814 5018 26366 1798 

5845 0 21444 7998 3380 -4 4267 -4 
0 1324 4429 3808 1814 5018 25729 1798 

5845 0 20549 7998 3380 -4 4267 -4 
0 1324 4429 3808 1814 5018 26156 1798 

5845 0 25994 7998 3380 -4 4267 -4 
0 1324 4429 3808 1814 5018 26540 1798 

11927 0 25994 7998 3380 -4 4267 -4 
0 1324 4429 7427 1814 5018 26540 1798 

15734 1040 25394 7197 3040 -3 4267 -4 
0 1191 3587 13215 2942 6516 23885 1798 

20827 1040 25394 7197 3040 -3 4267 -4 
0 1191 3587 15893 2942 6516 23885 1798 

20619 1040 25394 7197 3040 -3 4267 -4 
0 1191 3587 17303 2942 6516 23885 1798 

336 7 189 56 436 637 -8 595 
115 809 562 -1 1190 5 61 331 

302 6 189 4544 436 637 4992 595 
115 809 562 -1 3297 2004 54 331 

302 6 189 4966 436 637 4492 595 
115 809 562 -1 2967 5803 48 331 

302 6 189 8521 436 637 4492 595 
115 809 562 -1 2967 11222 43 331 

2530 68 1351 4555 449 1195 8 647 
148 743 4043 542 80 148 50 1119 

2530 68 1351 4555 449 1195 7 647 
148 743 4043 542 80 148 44 1119 

-3 -2 -3 -2 -2 -2 -2 -2 
-1 -1 -1 -1 -1 -1 -1 -1 

-3 -2 -2 -2 -2 -2 1998 -2 
-1 -1 -1 -1 -1 -1 1999 -1 

-3 -2 -2 -2 -2 -2 4298 -2 
-1 3598 -1 -1 -1 -1 1798 -1 

6663 -2 -2 -2 -2 -2 4298 -2 
-1 3598 -1 -1 -1 -1 5618 -1 

2530 1489 1092 5099 449 1195 4 647 
148 743 4043 2487 71 148 35 3007 

2530 1489 1092 12089 449 1195 4 647 
148 743 4043 5238 71 148 35 3007 

2530 1084 1092 15880 449 967 3378 647 
148 668 3638 7868 71 9133 27 3007 

2530 1084 1092 19292 449 967 3378 647 
148 668 3638 10081 71 9133 27 3007 

1779 86 -4 258 173 110 3775 26 
277 130 157 -1 2073 1380 212 283 

1779 86 -4 258 173 110 3397 26 
277 130 157 -1 2073 1380 212 254 

1779 86 -4 258 173 110 8612 26 
277 130 157 -1 2073 1380 212 10228 

1440 77 -4 258 173 110 10875 26 
223 130 157 -1 1865 1380 212 14205 

5666 69 -4 258 155 110 13120 26 
2880 130 157 -1 1678 1380 212 14784 

5666 61 -4 258 155 110 14989 26 
2880 130 157 -1 1510 1380 212 20305 

5666 61 -4 258 155 110 14989 26 
2880 130 157 -1 1510 1380 212 20305 

-2 -2 -2 -2 -2 -2 -2 -2 
-1 -1 -1 -1 -1 -1 -1 -1 

-2 4998 -2 -2 -2 2997 2247 -2 
-1 -1 -1 -1 10659 -1 -1 -1 

399 -5 582 17 1444 367 698 0 
430 2810 417 -1 146 78 26 2988 

1163 24 1604 1255 1530 29 1567 245 
1238 20 1583 -1 278 1569 1714 1732 

1163 24 1443 1255 1530 29 1567 245 
1238 20 1583 -1 278 1411 1714 1732 

1163 24 1443 1255 1530 29 4535 245 
1238 20 1583 -1 278 11269 1714 1732 

1163 24 1443 1255 1530 29 7414 245 
1238 20 1583 -1 278 14142 1714 1732 

-2 -2 -2 -2 -2 -2 -2 -2 
-1 -1 -1 -1 -1 -1 -1 -1 

-2 7498 -2 -2 -2 4283 -2 -2 
-1 -1 -1 -1 -1 8399 -1 -1 

-4 3276 6866 2696 -3 4794 3256 1473 
-1 2914 4319 3457 3118 3824 -1 -1 

-3 2948 6179 2696 -3 4794 6687 1473 
-1 2914 4319 9809 2806 3824 -1 -1 

-3 2948 6179 2696 -3 4794 6687 1473 
-1 2914 4319 9809 2806 3824 -1 -1 

-5 2652 5004 2696 -3 4314 5430 1473 
-1 2914 4319 5183 2525 3441 -1 -1 

7495 2652 5004 2696 -3 4314 7387 1473 
-1 2914 4319 20664 2525 3441 2999 -1 

7495 2652 5004 2696 -3 4314 9148 1473 
-1 2914 4319 21597 2525 3441 2999 -1 

76 48 56 45 -3 66 53 20 
92 51 68 45 28 75 73 -1 

1068 2734 7173 40 4997 59 53 20 
82 2045 4061 4536 4025 67 4912 1999 

4762 2043 5200 16 6862 4547 2288 9 
47 2664 6617 5448 2933 2959 4484 2317 

4762 2043 5200 16 6862 4547 2288 7508 
47 2664 8955 5448 2933 2959 4484 2317 

2519 2386 2218 4 2370 1745 1206 2850 
21 1145 3468 3216 1401 1370 2382 2878 

2519 9786 2218 4 9633 1745 1206 2850 
21 1145 3468 3216 1401 10409 5143 2878 

1835 4378 1616 3334 5116 1143 976 1681 
14 1030 2808 2343 669 5566 3036 1698 

1835 13046 1616 3334 5116 1143 976 1681 
14 1030 2808 2343 669 10108 3036 1698 

5088 2962 3429 3588 5362 2545 5095 1072 
-1 3012 3148 9508 4894 5570 3364 -1 

1081 3287 7881 3638 3877 604 1360 583 
1187 750 1342 1007 231 5975 2647 2687 

972 3287 7092 3638 3877 604 1360 5524 
1068 5107 1342 1007 231 5975 2647 2687 

5874 3287 6382 7274 3877 4710 1360 5524 
961 5107 9587 5906 231 5975 2647 2687 

5874 3287 6382 7274 3877 10905 1360 5524 
961 5107 12628 5906 231 5975 2647 2687 

5874 3287 6382 7274 3877 10905 1360 5524 
961 5107 12628 5906 231 5975 2647 2687 

1846 1938 1059 1206 1347 1811 522 2137 
300 1601 1704 1851 51 1873 1138 1009 

-5 -4 -3 3746 0 369 9905 -3 
-1 3257 -1 -1 6556 -1 -1 2999 

7495 -4 -3 3746 0 369 9905 -3 
-1 3257 -1 -1 6556 -1 -1 5699 

493 30 5 692 42 45 17 45 
18 1158 8 19 29 2 0 45 

5443 30 5 692 42 45 17 45 
18 1158 8 19 29 2 0 5040 

10523 30 5 692 42 45 17 45 
18 1158 8 19 29 2 0 13536 

12804 30 7504 692 42 45 17 40 
18 1158 8 19 29 3001 0 12763 

12405 30 6753 692 42 45 17 1147 
18 1158 8 19 29 2700 0 15038 

16164 30 11077 692 7867 45 15 1032 
9016 1158 7 3017 29 5987 0 13534 

14288 26 9248 4668 5732 9098 6 3888 
7302 4017 8372 4408 2018 7011 1619 7844 

14288 6273 9248 4668 5732 9098 6 3888 
7302 4017 8372 8967 2018 7011 1619 7844 

2702 987 949 125 67 6 -5 0 
5 31 80 14 127 111 -1 2924 

5300 2435 5824 1139 1310 4 -4 0 
3 9686 80 2012 1540 7289 1798 2631 

7626 4191 7717 1139 1310 4 -3 0 
2 11645 80 2012 1385 7703 1798 2631 

15234 4191 7717 1139 1310 4 -3 0 
2 17480 80 2012 1385 7703 1618 7367 

15234 4191 7717 1139 1310 4 -3 0 
2 17480 80 2012 1385 7703 1618 7367 

20910 8771 7717 1139 1178 4 -3 0 
2 20782 80 2012 1385 7703 3110 6630 

24652 8771 7717 1139 1178 4 -3 0 
2 25703 80 2012 1385 7703 3110 6630 

123 78 120 106 96 48 94 18 
-1 93 188 244 205 162 150 -1 

474 78 120 106 96 48 94 18 
-1 2083 188 244 205 162 134 -1 

8019 6695 54 3898 10550 7132 33 6255 
15852 2948 98 2004 2459 2460 3650 12573 

11848 2981 10611 7344 14377 1111 5054 -5 
6316 10896 4366 2843 10625 1725 7138 5599 

5047 5264 29 3869 11920 8226 29 3322 
9359 3565 79 1314 1175 2857 4460 12156 

-3 69 -3 301 -3 112 -3 -3 
-1 48 -1 -1 -1 -1 455 -1 

-5 -4 -2 -5 -4 -3 -3 -3 
0 -1 -1 0 0 -1 -1 -1 

-5 5548 -2 -4 -4 -3 -3 -3 
0 -1 5999 0 0 8098 -1 -1 

6556 7235 1365 4362 -3 9421 6049 672 
5590 -1 9706 1619 5199 15061 1798 5419 

5744 4745 1228 3532 -3 7630 17899 488 
5030 1618 8735 1311 4210 10786 1060 5419 

7491 4745 1228 3532 -2 7630 17899 488 
5030 1618 8735 1311 3788 22707 1060 5419 

-2 -2 -2 -2 -2 -2 -2 -2 
-1 -1 -1 -1 -1 -1 -1 -1 

10678 2981 10611 7344 14377 1111 5054 -5 
6316 10896 4366 2843 10625 21552 7138 5599 

10678 2981 10611 7344 14377 5166 5054 -5 
6316 10896 4366 2843 10625 24396 7138 5599 

10678 2981 10611 7344 13680 5166 5054 -5 
6316 10896 4366 2843 13562 24396 7138 5599 

10678 2981 10611 7344 22312 5166 5054 -5 
6316 10896 4366 2843 14205 24396 7138 5599 

10678 2981 10611 7344 21955 5166 5054 -5 
6316 10896 4366 2843 15784 24396 7138 5599 

10678 2981 10611 7344 26009 5166 5054 -5 
6316 10896 4366 2843 19205 24396 7138 5599 

10678 2981 10611 7344 30908 5166 5054 -5 
6316 10896 4366 2843 20284 24396 7138 5599 

8648 2682 13716 9748 25771 10934 4093 3328 
5684 10896 3929 2558 22526 21204 7203 7234 

8648 2682 13716 9748 30693 10934 4093 3328 
5684 10896 3929 2558 23273 21204 7203 7234 

8648 2682 17344 9748 31494 10934 4093 3328 
5684 10896 3929 2558 43451 21204 7203 7234 

400 546 63 -4 5297 1 158 92 
2002 162 0 300 267 133 4 405 

400 546 63 -4 4767 0 7044 92 
10021 162 0 269 240 119 3 405 

400 546 63 -4 4767 0 7505 92 
11716 162 0 241 240 119 3 405 

359 5491 63 -4 4767 0 7505 82 
11716 145 0 241 215 6107 3 405 

-5 330 -9 1605 100 -4 14 -5 
69 915 964 263 1044 -1 364 -1 

-5 296 -9 1605 100 -4 14 -5 
69 915 964 263 1044 -1 364 -1 

-5 264 -9 2644 100 -4 14 -4 
69 823 2780 263 939 -1 2327 -1 

-5 2237 -9 2644 100 -4 14 -3 
69 823 4051 263 939 -1 2327 -1 

-4 8155 3991 2644 100 -4 14 7497 
69 823 11360 263 6160 2999 2327 -1 

-4 12339 3991 2644 100 -4 14 7497 
69 823 13224 263 6160 2999 2327 -1 

-2 -2 -3 -2 -2 -2 -3 -2 
-1 -1 -1 -1 -1 -1 -1 -1 

-2 -2 6663 -2 -2 9998 -3 -2 
-1 -1 1999 -1 -1 -1 -1 3999 

-2 4498 11139 -2 -2 11968 -3 -2 
2698 -1 4799 -1 2999 -1 -1 9839 

-2 4498 16275 -2 -2 11968 -3 -2 
2698 -1 4799 -1 2999 -1 -1 13855 

-4 979 287 927 142 109 1228 648 
0 970 619 24 845 372 1342 541 

-3 979 287 927 142 109 1228 648 
0 970 619 24 845 372 1207 541 

5622 979 287 927 142 109 1228 648 
0 970 619 24 845 372 10086 541 

6909 880 287 927 142 109 1228 583 
0 970 619 4519 760 372 9077 486 

11966 4125 287 927 142 109 1105 524 
1799 970 619 8153 2684 372 9077 486 

12842 3712 287 927 142 109 994 471 
1456 970 619 12903 2415 372 9077 486 

12842 3712 287 927 142 109 994 471 
1456 970 619 12903 2415 372 9077 486 

653 283 626 94 11 784 203 45 
114 1216 59 991 756 1106 830 1321 

653 228 3881 94 9 784 203 2848 
114 6094 52 3152 756 1106 671 1321 

-2 -2 -2 -2 -2 -2 -2 -2 
-1 -1 -1 -1 -1 -1 -1 -1 

1842 116 6481 66 1183 4320 2321 4865 
82 5653 1339 4626 4045 2069 1716 2701 

1842 104 6481 66 1183 4320 2321 4865 
73 5653 1339 4626 4045 2069 1716 2701 

1842 14219 8690 66 4701 4320 7880 8128 
12459 7087 7684 7163 8640 2069 12589 2701 

1842 16130 8690 66 14230 4320 7880 8128 
21213 7087 7684 7163 8640 2069 13330 2701 

1842 16130 8690 66 14230 4320 7880 8128 
21213 7087 7684 7163 8640 2069 13330 2701 

1842 16130 8690 66 14230 4320 7880 12315 
21213 7087 7684 7163 11776 2069 13330 2701 

1842 13063 8690 66 11525 4320 7091 12194 
19091 7087 6915 7163 12598 2069 10796 2430 

1842 11756 8690 66 11525 4320 7091 14939 
17181 7087 6915 7163 20338 2069 9716 2430 

1219 2121 48 417 298 47 730 1581 
776 374 1388 2242 2453 2082 2305 546 

1219 2121 48 417 298 47 2442 1581 
776 374 1388 2242 2453 11873 2305 546 

-2 -2 -2 -2 -2 -2 -2 -2 
-1 -1 -1 -1 -1 -1 -1 -1 

-2 -2 -2 -2 -2 -2 3331 -2 
-1 -1 7999 -1 -1 -1 -1 -1 

-4 -3 -4 -3 11 -3 10 -4 
-1 -1 25 -1 -1 27 -1 -1 

905 2516 -3 -2 11 -3 10 -3 
-1 -1 22 -1 6599 4024 -1 -1 

2963 3342 980 3563 3378 -3 1219 2724 
-1 4441 4245 -1 3264 4552 2914 -1 

2963 3342 1135 3563 3378 -3 1219 9951 
-1 4441 4245 3999 3264 4552 2914 2999 

2294 5890 2756 303 3506 23 6456 3060 
2133 4133 3886 1633 4002 7042 1101 4240 

2294 5890 2756 657 3506 23 6456 10254 
4919 4133 3886 8469 4002 7042 1101 4240 

1216 5116 2008 429 2299 5013 3085 5447 
4361 3012 2293 5000 4083 2454 891 2502 

1216 9604 2008 429 2299 5013 7776 5447 
4361 3012 2293 5000 8907 2454 891 2502 

997 735 301 1521 2453 2521 636 2797 
-1 1547 1478 1253 1560 1585 1449 1388 

4775 6044 862 4456 3417 3002 2640 1815 
1519 3368 3190 3609 3897 1420 2787 3873 

4775 6044 775 13109 3075 3002 2640 1815 
1366 5427 3190 3609 3897 1420 2787 7485 

4297 6044 4697 16798 6934 3002 2640 1815 
1366 5427 7871 3609 7507 1420 6757 7485 

4297 6044 4697 16798 12907 3002 2640 1815 
1366 5427 7871 3609 7507 1420 10081 7485 

4297 6044 4697 16798 21616 3002 2640 1815 
1366 5427 7871 3609 7507 1420 11072 7485 

2082 1531 1321 3837 3291 1159 1259 507 
652 1701 2221 600 2118 1097 2225 2386 

1898 73 1152 336 77 8 1579 112 
88 193 1216 23 1271 206 113 1039 

-4 1158 -3 2114 253 7 667 163 
-1 683 2659 22 0 35 1 994 

-4 1158 7497 2114 253 7 667 163 
-1 3614 2659 22 0 35 1 994 

-4 1158 11747 2114 253 7 667 163 
-1 7252 2659 22 0 35 1 994 

-4 11042 16822 9402 6894 6672 667 163 
1999 11526 2659 22 0 4031 3000 4894 

-4 17437 18473 9402 6894 6004 667 163 
4799 12373 2659 22 0 4031 3000 4404 

-4 17121 17697 9402 7871 7903 667 163 
6319 14135 2659 22 0 5627 3000 5963 

-4 17121 17697 9402 7871 6401 5044 163 
6319 14135 2392 8019 0 5627 3000 5366 

4496 15780 12878 9600 6073 12107 14420 1262 
4719 11273 4335 10266 0 9435 2186 12071 

4496 15780 19090 9600 6073 12107 14420 1262 
4719 11273 4335 10266 0 9435 4967 12071 

24 14 36 27 81 57 48 93 
-1 36 93 63 91 83 82 60 

18 10 5237 612 64 50 2043 74 
-1 2032 83 56 6545 83 4109 1848 

16 4507 6813 612 64 44 2043 66 
-1 3828 83 50 6545 83 6235 1848 

16 4056 11131 612 64 6039 2043 66 
5999 3445 83 50 6545 83 11611 1848 

16 4056 11131 612 64 6039 2043 66 
5999 3445 83 50 6545 83 11611 1848 

16 3284 13015 612 64 5434 2043 59 
4858 3100 83 44 6545 83 16604 1848 

16 3284 17713 612 64 5434 2043 59 
4858 3100 83 44 6545 83 20943 1848 

16 2955 17305 612 64 4888 2043 59 
4372 2789 83 44 6545 83 21848 1848 

10 2545 18425 4255 6858 18705 6091 8194 
7581 5874 16881 7039 12069 83 22865 6476 

3 10690 13425 4971 4998 25376 11095 12895 
4027 21151 12434 9254 17302 53 13935 11941 

0 10791 12081 7375 6039 12102 4772 19399 
2641 14288 8157 8545 9715 1644 11004 8704 

-2 -3 568 52 604 -3 965 111 
-1 -1 455 -1 -1 485 350 21 

-4 6041 1472 2694 10000 6 13872 11222 
-1 4003 10215 2998 2430 59 3643 7865 

-2 -2 -2 -2 -2 -2 -2 -2 
-1 -1 -1 -1 -1 -1 -1 -1 

-2 -2 -2 -2 -2 1855 4164 -2 
-1 -1 -1 12999 4999 -1 -1 -1 

-7 -7 -4 -5 0 -4 250 -3 
0 192 -1 12 -1 19 -1 -1 

992 3116 6580 3017 526 2351 8006 825 
6830 3619 6845 12765 3643 2698 1999 3598 

-6 -6 4371 5245 4048 -4 11943 4496 
4499 1925 6998 11695 1798 8 -1 -1 

992 3116 5921 3017 526 2351 9549 825 
6830 3619 6845 23839 3643 2698 1999 3598 

0 10791 12081 7375 6039 12102 4309 19399 
2641 14288 8157 8545 9715 1644 11004 27833 

0 10791 12081 7375 6039 15058 4309 19399 
2641 14288 8157 8545 9715 1644 11004 30049 

0 10791 12081 7375 6039 14292 4309 19399 
2641 14288 8157 8545 9715 1644 11004 31044 

0 10791 12081 7375 6039 20362 4309 19399 
2641 14288 8157 8545 9715 1644 11004 30939 

0 10791 12081 7375 6039 20200 4309 19399 
2641 14288 8157 8545 9715 1644 11004 30845 

0 10791 12081 7375 6039 23180 4309 19399 
2641 14288 8157 8545 9715 1644 11004 32760 

0 10791 12081 7375 6039 28362 4309 19399 
2641 14288 8157 8545 9715 1644 11004 32484 

0 10791 10871 5375 8491 25673 3489 22459 
8404 11572 9341 9621 8743 1331 9903 29235 

0 10791 10871 5375 8491 29772 3489 22459 
8404 11572 9341 12658 8743 1331 9903 29235 

0 10791 10871 5375 8491 28669 3489 22459 
8404 11572 9341 14392 8743 1331 9903 29235 

120 13 106 245 66 33 290 2295 
31 302 1038 298 110 1063 68 108 

120 11036 106 245 66 33 260 2065 
31 271 1038 7641 110 956 2061 97 

120 9259 106 245 66 33 260 2065 
31 243 1038 8889 110 956 2061 97 

120 10799 106 245 66 33 260 2065 
31 218 1038 17099 110 956 2061 97 

-2 -2 -2 -2 -3 -2 -2 -3 
-1 -1 -1 -1 -1 -1 -1 -1 

-2 -2 -2 -2 -3 -2 -2 -3 
-1 -1 -1 -1 -1 -1 -1 -1 

-7 361 13 1034 174 437 431 384 
-1 493 704 73 793 555 110 749 

-7 324 13 2930 174 437 431 384 
-1 493 704 73 2442 555 110 749 

6243 3762 11 2636 174 437 431 345 
-1 443 633 65 8977 5499 110 749 

6243 3762 11 2636 174 437 5387 345 
-1 443 633 65 12079 5499 110 749 

-3 1425 -2 -2 -2 -2 -2 -3 
-1 1798 -1 -1 -1 -1 -1 -1 

-3 1425 -2 -2 -2 -2 -2 15997 
-1 1798 -1 -1 3999 -1 -1 1999 

2497 1425 -2 -2 -2 -2 -2 13300 
-1 1618 -1 -1 5038 -1 7580 4799 

2497 1425 -2 -2 -2 -2 -2 16970 
-1 1618 -1 -1 8534 -1 7580 4799 

398 2470 2955 284 14 34 640 23 
821 11 1259 1823 870 1623 154 41 

398 2470 2955 255 14 34 640 23 
821 9 1259 1823 870 1623 154 41 

398 2470 2955 6229 6262 34 640 23 
821 10407 1259 1823 870 1623 154 41 

3691 2222 7659 8106 7939 10030 640 23 
4738 11543 1259 4640 870 1623 138 4036 

3691 2222 6892 12295 9763 9026 640 23 
4738 12464 1259 6176 870 1623 138 3632 

3321 5013 6892 12295 9763 8123 575 5020 
4738 14595 1019 5558 870 1623 4124 3632 

3321 5013 6892 12295 9763 8123 575 5020 
4738 14595 1019 5558 870 1623 4124 3632 

397 1077 1124 2379 1061 763 73 619 
418 2434 168 812 219 241 504 2398 

397 1077 1124 4176 1061 763 65 556 
418 2190 168 812 219 1995 453 2398 

88 -2 -2 -2 -2 102 -2 -2 
66 -1 -1 66 -1 -1 -1 -1 

-2 -2 -2 -2 -2 -2 -2 -2 
-1 -1 -1 -1 -1 -1 -1 -1 

-2 -2 -2 -2 -2 -2 -2 -2 
-1 -1 -1 -1 -1 -1 -1 -1 

-2 -2 -2 7113 -2 -2 -2 7948 
19109 -1 -1 -1 -1 -1 -1 8999 

-2 -2 -2 7113 -2 -2 -2 13403 
22198 -1 -1 -1 -1 -1 -1 8999 

-2 -2 -2 7113 -2 -2 -2 13403 
22198 -1 -1 -1 -1 -1 -1 8999 

11180 -2 -2 7113 -2 -2 -2 13403 
22198 -1 -1 -1 2999 -1 -1 17099 

10179 -2 -2 6401 -2 -2 -2 12062 
22198 -1 -1 -1 2698 -1 -1 14084 

12744 -2 -2 6401 -2 -2 -2 12062 
22198 -1 -1 -1 2428 -1 -1 22675 

2810 1657 2911 1848 6745 3699 4045 2828 
1731 6313 88 2500 93 2265 3187 6071 

8779 1657 2911 1848 7801 3699 4045 2828 
1731 6313 88 2500 93 14934 3187 6071 

755 1411 1805 1544 1182 1814 678 1938 
1082 2525 168 2627 1499 332 1163 1441 

755 1411 6624 1544 1182 4965 678 4244 
1082 2525 168 4364 1499 6298 5046 1441 

88 87 131 96 20 114 39 127 
84 49 11 183 105 137 171 53 

79 7362 1429 86 17 102 606 127 
84 43 5047 183 4584 137 3738 4542 

28 5719 3100 2028 9 65 4184 101 
4357 30 2979 96 4125 89 4462 3942 

28 5719 3100 2028 9 65 7098 101 
4357 2027 2979 96 4125 89 4462 3942 

7583 -4 4497 4665 1857 -3 4315 5408 
9971 -1 1289 1618 1289 5011 -1 11728 

7583 -4 4497 4665 1857 -3 4272 5408 
9971 6999 1289 1618 1289 5011 -1 11728 

21 4630 2789 2440 542 41 5170 87 
3528 1196 2412 86 7141 89 3613 2873 

4027 -3 3277 3399 1095 -4 4624 5971 
6541 4409 684 1060 939 5087 -1 6924 

21 4630 2789 2440 542 41 9653 87 
3528 4076 2412 86 7141 89 3613 2873 

3655 2732 1480 1164 206 1490 5341 26 
1517 415 1037 1103 3800 51 3185 2685 

3655 2458 1480 5442 206 1490 5341 5023 
1517 3373 933 4992 3800 51 3185 2416 

3655 7212 1480 15658 206 1490 5341 10318 
1517 12232 3839 4492 3800 51 3185 5174 

3655 7212 1480 20758 206 1490 5341 10318 
1517 15008 3839 4492 3800 51 3185 5174 

3655 7212 1480 28682 206 1490 5341 10318 
1517 15507 3839 4492 3800 51 3185 5174 

975 -4 -5 -5 7495 -4 -5 5398 
-1 -1 3238 1694 -1 2998 -1 -1 

1270 3800 702 4716 31 637 2049 5057 
1105 3191 1337 1267 1191 871 1739 2784 

1270 3800 8131 4716 31 637 2049 5057 
1105 3191 1337 1267 1191 871 4565 2784 

64 504 558 408 475 35 14 353 
-1 434 482 530 33 424 7 501 

64 504 6502 408 475 35 14 353 
-1 434 482 6477 33 424 7 501 

6724 504 6502 408 4427 35 14 353 
-1 434 482 9829 33 424 7 4450 

8446 504 6502 408 8984 35 14 353 
-1 434 482 10846 33 424 7 5404 

6398 2291 6502 329 4759 35 9 315 
-1 390 482 9534 20 343 4 5739 

6398 2291 6502 329 13354 5031 9 315 
-1 390 482 10580 20 343 6003 7165 

8672 1855 9665 3108 6194 6685 5 1747 
-1 5055 4026 9098 9 4031 3543 6230 

8672 1855 9665 3108 15574 6685 5 1747 
-1 5055 4026 9098 9 4031 5188 6230 

88 4997 403 23 1737 1357 2226 -5 
2440 2228 192 8 41 118 3003 599 

78 4391 3140 23 1563 2112 2226 1632 
2440 2228 3755 2007 2033 95 2432 4984 

62 72 53 54 31 0 67 20 
132 138 37 0 129 117 135 146 

62 72 53 54 31 0 5685 17 
132 138 37 0 129 8194 135 146 

78 7285 3140 18 1406 2112 6305 1468 
2440 2228 6841 1625 2033 4085 2432 3632 

78 7285 3140 18 1406 2112 6305 1468 
2440 2228 6841 1625 2033 4085 2432 3632 

78 7285 3140 5414 1406 2112 7835 1321 
2440 2228 6156 6716 2033 6908 2432 3268 

78 7285 3140 5414 1406 2112 13301 1321 
2440 2228 6156 6716 2033 11217 2432 3268 

70 17071 4510 8604 1138 1900 14618 7101 
6100 5223 5540 7707 2033 16053 5372 10432 

78 7285 3140 4384 1406 2112 14470 2188 
2440 2228 6156 6044 2033 12496 2432 3268 

1516 6900 3902 2874 1137 10843 6225 6161 
1778 1314 5634 3964 4283 12405 1969 3763 

1830 17437 13691 12840 3032 15104 5093 7867 
8615 7892 5097 10522 5261 16512 6568 11488 

-2 -2 -3 -3 -3 -3 -3 -2 
-1 -1 -1 -1 -1 -1 -1 -1 

1516 6626 2808 2874 1137 10843 6225 6161 
1778 1314 5634 3964 4283 13164 1969 3386 

1516 6626 2808 2586 1137 10843 7459 9711 
1778 1314 16263 3964 8854 13164 1969 3386 

3529 7783 3203 4077 826 9175 5702 9315 
6224 5894 9298 6509 7505 11847 3786 4542 

5464 6303 2593 3301 601 10737 7951 7544 
9541 4296 8368 6364 7270 8635 3066 3678 

4917 6303 2593 5970 601 10737 7951 7544 
9541 4296 25531 6364 7270 8635 3066 3310 

5 -1 0 -2 150 -1 -2 -3 
2 189 2 3 11 9 0 1 

-2 -2 -2 -2 -2 -2 -2 -2 
-1 -1 -1 -1 -1 -1 -1 -1 

-2 4998 -2 -2 -2 -2 -2 -2 
-1 3999 -1 -1 -1 -1 -1 -1 

-2 5926 -2 -2 -2 -2 -2 -2 
-1 5599 -1 -1 -1 -1 -1 -1 

-2 12833 -2 -2 -2 -2 -2 -2 
-1 8039 -1 -1 -1 -1 -1 -1 

-2 13335 -2 -2 -2 -2 -2 -2 
-1 12235 -1 -1 -1 -1 -1 -1 

-2 19501 -2 -2 -2 -2 -2 -2 
-1 14011 -1 -1 -1 -1 -1 -1 

-2 25050 -2 -2 -2 -2 -2 -2 
-1 15609 -1 -1 -1 -1 -1 -1 

2998 22259 -2 1664 2697 -2 -2 -2 
-1 18034 -1 -1 -1 -1 -1 4699 

2998 27533 -2 1664 2697 -2 -2 -2 
-1 19230 -1 -1 -1 -1 -1 4699 

2998 27533 -2 4830 2697 -2 -2 -2 
3999 19230 -1 -1 -1 -1 -1 4699 

-3 -2 -3 -2 -2 -3 -3 -2 
-1 -1 -1 -1 -1 -1 -1 -1 

-2 -2 4997 -2 -2 -3 -3 -2 
-1 4498 -1 -1 -1 -1 -1 -1 

-2 -2 6997 -2 -2 -3 -3 -2 
-1 8143 -1 -1 -1 -1 -1 -1 

-2 -2 11297 -2 -2 -3 -3 -2 
-1 16495 -1 -1 -1 -1 -1 -1 

50 186 130 41 1464 1 2983 2626 
241 93 178 1385 238 1153 -1 1715 

50 186 130 41 1464 1 2684 2626 
241 93 178 1385 238 1037 -1 1715 

50 186 1117 30 1464 1 2171 2626 
241 83 178 1385 238 933 -1 3388 

50 186 3005 30 1464 0 2171 2626 
241 83 178 1385 238 933 -1 5049 

50 186 7704 26 8817 0 4953 2363 
216 2767 178 1385 238 933 -1 12489 

50 167 7704 26 8817 0 4953 2363 
216 2490 178 1385 238 933 -1 12489 

5050 44 -7 39 -8 -10 67 1342 
81 81 -1 -1 1860 1618 93 91 

12045 44 -7 39 -8 -10 67 1342 
81 81 -1 -1 1860 4456 93 91 

12179 44 -7 34 3326 -10 67 1342 
72 72 -1 -1 1860 11010 2083 91 

15961 44 -7 34 3326 -10 67 1342 
72 72 -1 -1 1860 12909 2083 91 

193 465 288 4649 951 3769 392 255 
427 1978 485 1503 34 138 -1 425 

193 465 288 4649 951 3769 392 229 
427 1978 485 1503 30 138 -1 425 

193 465 288 4649 7105 3769 392 5920 
427 1978 485 1503 8027 138 -1 5382 

173 465 288 4183 6394 3769 392 7146 
384 1978 485 1503 11224 138 -1 4843 

155 465 288 3764 5754 3769 392 11431 
345 1978 485 1503 15101 138 -1 4358 

155 465 288 3387 11845 3769 392 13621 
345 1978 485 1503 19590 138 -1 7922 

155 465 288 3387 11845 3769 392 13621 
345 1978 485 1503 19590 138 -1 7922 

20 100 949 503 1064 170 105 573 
69 3535 63 180 920 186 -1 1838 

17 89 949 452 1064 152 93 4960 
69 3535 63 180 744 167 -1 7819 

1827 70 406 171 696 982 3607 9699 
1216 2576 50 2220 2032 3166 -1 8591 

-2 -2 -2 -2 -2 -2 -2 -2 
-1 -1 -1 -1 -1 -1 -1 -1 

-2 -2 -2 -2 -2 -2 -2 -2 
-1 -1 -1 -1 -1 -1 -1 -1 

2498 -2 -2 -2 -2 -2 -2 -2 
-1 7999 -1 -1 -1 -1 -1 -1 

2498 -2 6664 -2 -2 -2 -2 -2 
-1 7999 -1 -1 3999 -1 -1 -1 

2498 -2 6664 -2 -2 -2 -2 -2 
-1 7999 -1 -1 3999 -1 -1 -1 

2498 -2 10797 -2 -2 -2 -2 -2 
-1 7999 -1 -1 9599 -1 -1 -1 

2498 -2 9894 -2 -2 -2 -2 -2 
-1 7999 -1 -1 7635 -1 -1 -1 

6523 -2 8904 -2 -2 -2 -2 -2 
-1 13678 -1 -1 7635 -1 -1 -1 

9 -2 -3 -2 -2 -2 -2 -2 
-1 -1 -1 0 -1 -1 -1 -1 

44 211 647 810 1290 1311 47 1262 
585 508 88 423 1423 41 1165 1629 

9 -2 -3 6248 -2 1728 -2 -2 
-1 -1 -1 9000 -1 -1 -1 4999 

9 -2 -3 10623 -2 2709 -2 -2 
-1 -1 -1 11100 -1 -1 -1 9499 

4193 1309 4165 3212 2189 2247 5178 2695 
1456 6961 3131 2575 4056 2698 1179 6565 

-2 -3 -3 64 -3 61 -3 -3 
-1 -1 -1 268 -1 -1 -1 262 

13773 2087 3748 3828 3022 2022 4660 2695 
11879 8264 2817 2575 3650 2185 3061 6565 

13773 8544 3748 3828 3022 2022 4660 2695 
11879 8264 2817 2575 3650 2185 6754 6565 

11253 7689 3748 3828 2699 2022 3771 2425 
10690 6693 2281 2317 3650 4469 6754 7908 

10349 7689 3748 3828 2699 2022 3771 2425 
10690 10023 2281 2317 3650 4469 6754 7908 

5648 4538 3034 2509 1769 1072 6725 1589 
7931 6506 1211 1519 2394 2638 3987 5764 

10083 4538 3034 2509 1769 1072 6725 1589 
7931 8855 1211 1519 2394 2638 3987 5764 

897 3252 2600 22 -2 3840 -3 3961 
1456 5012 -1 157 -1 3770 5121 1612 

4395 4373 1790 871 1602 194 2173 3634 
3412 5628 1498 475 1143 743 2404 2504 

4395 4373 1790 871 4297 3507 2173 3270 
2763 5628 3348 475 1143 743 2404 4253 

4395 4373 12054 783 4297 3507 2173 3270 
2763 5628 7013 475 1028 743 12447 4253 

4395 4373 15848 783 4297 3507 2173 3270 
2763 5628 7013 475 1028 743 14202 4253 

4395 4373 24263 783 4297 3507 2173 3270 
2763 5628 7013 475 1028 743 14781 4253 

4050 996 3270 2469 1493 797 1035 1134 
1024 2060 3017 119 1918 354 2737 971 

154 -7 2316 9436 -2 74 2403 -2 
5124 107 1741 7 10 -1 169 2345 

154 -7 2316 9436 -2 7566 2403 -2 
5124 3096 1741 7 10 -1 169 2345 

75 59 75 25 1337 1 1470 534 
268 1117 53 0 90 138 53 71 

75 59 75 25 1337 6667 1470 534 
268 5005 53 0 90 138 53 71 

75 59 75 25 1337 11714 1470 534 
268 12504 53 0 90 138 53 71 

75 59 5067 25 1203 14292 1470 534 
268 14253 47 0 90 138 53 2063 

75 59 5988 25 11974 13577 1470 534 
268 15344 2042 0 90 138 53 3856 

75 59 7099 25 9698 18052 1470 534 
268 18728 1837 0 90 138 53 5823 

4539 6378 6084 13 5521 9751 701 480 
2503 12106 2927 0 46 1384 38 3093 

4539 6378 6084 13 5521 9751 701 5432 
2503 12106 2927 0 46 4245 38 3093 

49 11 493 860 853 1062 -6 928 
-1 851 143 747 822 48 20 1327 

1472 9 398 860 853 1898 3345 834 
-1 4765 128 747 739 2464 4716 1074 

1472 9 357 860 853 4108 2708 834 
-1 4288 128 747 739 2217 8244 869 

1472 9 357 860 853 8577 2708 834 
-1 4288 128 747 739 2217 14419 781 

1472 9 357 860 853 8577 2708 834 
-1 4288 128 747 739 2217 14419 781 

1472 9 321 860 853 14802 2192 750 
-1 3859 128 747 664 1795 16977 6032 

1472 9 321 860 853 19321 2192 750 
-1 3859 128 747 664 1795 21279 6032 

37 40 49 40 47 41 -4 50 
66 137 -1 53 120 141 127 30 

4642 40 2186 8699 42 41 4371 50 
5059 9123 6999 53 8817 126 127 8024 

37 40 43 40 47 1824 -4 50 
66 137 -1 53 120 141 2114 1824 

3509 21 6037 23 26 1641 2359 50 
38 1114 6298 2047 86 91 1386 5063 

3314 6388 2537 6272 11216 3506 1261 4539 
27 7405 -1 34 9253 10707 4159 4686 

-3 1409 -3 26 -3 -4 -2 -3 
-1 425 -1 -1 -1 -1 -1 -1 

166 12 29 -2 0 -2 -2 -4 
-1 39 0 -1 1 0 0 627 

5791 12 29 -2 0 -2 -2 -4 
-1 39 13000 -1 5000 0 0 627 

6081 5555 830 4709 2417 12105 333 291 
1456 2458 12443 3448 6884 11666 0 5877 

8482 6749 671 7188 2174 10127 333 234 
1310 4528 10350 3103 7448 11249 0 4759 

8482 6749 671 6469 2174 12114 333 234 
1310 4528 10350 3103 6703 28124 0 4759 

-2 -2 -2 -2 -2 -2 -2 -2 
-1 -1 -1 -1 -1 -1 -1 -1 

3173 21 6037 23 26 1641 2359 50 
20034 1114 6298 2047 86 91 1386 5063 

3173 21 5433 23 26 1641 5248 50 
20034 6002 6298 2047 77 91 1386 5063 

3173 21 5433 23 26 1641 5248 50 
20034 6002 6298 2047 77 91 1386 5063 

3173 21 5433 23 26 1641 14723 50 
20034 6002 6298 3842 77 91 1386 5063 

3173 21 5433 23 26 1641 15393 50 
20034 6002 6298 9457 77 91 1386 5063 

3173 21 5433 23 26 1641 21353 50 
20034 6002 6298 11511 77 91 1386 5063 

3173 21 5433 23 26 1641 26717 50 
20034 6002 6298 13359 77 91 1386 5063 

13266 5018 4889 2472 23 3476 28045 44 
14604 6661 6901 16023 2762 1873 1386 9701 

13266 5018 4889 2472 23 3476 30240 44 
14604 6661 6901 18420 2762 1873 1386 9701 

13266 5018 4889 2472 23 3476 30549 44 
14604 6661 6901 20578 2762 1873 1386 9701 

-2 99 -2 -2 -2 -2 103 -3 
-1 -1 -1 47 48 -1 -1 -1 

-2 99 -2 -2 -2 -2 6243 3497 
-1 -1 -1 2042 13338 -1 -1 -1 

-2 99 -2 -2 -2 -2 5056 5369 
-1 -1 -1 2042 14403 -1 -1 -1 

-2 99 -2 -2 -2 -2 4549 9832 
-1 -1 -1 2042 16166 -1 -1 -1 

388 266 101 6 14 16 428 252 
625 369 27 5 528 3 12 337 

388 266 101 5 14 16 428 252 
625 369 24 5 528 3 12 337 

1460 238 577 753 3271 14 382 252 
562 331 3819 1803 2227 1621 12 272 

1460 214 577 753 3271 2512 382 252 
562 331 5437 1803 2227 1621 10 272 

1460 3530 577 753 3271 2260 382 252 
562 331 4893 1622 2227 1621 4507 272 

1460 3530 577 753 3271 12034 382 252 
562 331 6403 1622 2227 1621 4507 272 

-7 8 4169 23 23 -6 -7 -7 
-1 2537 -1 107 -1 2360 -1 1796 

-7 8 4169 23 23 -6 7493 -7 
-1 2537 -1 3096 -1 2360 -1 1796 

3327 8 3751 20 23 -6 8775 -6 
-1 4283 -1 11786 -1 2123 -1 1616 

3327 8 3751 20 23 -6 14147 -6 
-1 4283 -1 15607 -1 2123 -1 1616 

162 224 104 98 257 315 285 47 
364 379 508 557 127 274 397 425 

145 224 104 98 257 315 285 47 
364 379 508 557 114 274 397 425 

5755 224 104 98 257 315 285 47 
364 379 508 557 9102 274 397 425 

5179 224 104 3829 257 282 285 47 
364 340 457 5501 8191 274 397 425 

4660 201 104 5801 257 5253 256 47 
364 305 411 7155 12371 274 357 425 

7944 180 104 4698 257 9311 230 47 
364 3274 369 5795 22133 274 321 425 

7944 180 104 4698 257 9311 230 47 
364 3274 369 5795 22133 274 321 425 

778 26 10 995 19 887 15 831 
355 830 74 573 2750 28 445 106 

699 23 5257 995 19 797 15 831 
355 830 74 463 8527 25 445 106 

-2 18 -2 30 -2 288 -2 -2 
-1 -1 -1 27 -1 202 -1 -1 

369 5065 6173 1754 3424 273 989 9657 
122 7293 1658 5137 7998 1190 1127 39 

369 5065 6173 1754 3424 273 889 9657 
122 7293 1658 4623 7998 1190 1127 39 

369 5065 6173 7203 12940 273 4300 9657 
122 13563 1658 14344 7998 1190 1127 9035 

369 5065 6173 9482 21646 273 4300 9657 
122 14206 1658 14344 7998 1190 1127 14131 

369 5065 6173 9482 21646 273 4300 9657 
122 14206 1658 14344 7998 1190 1127 14131 

369 5065 6173 12033 26148 273 4300 9657 
122 16785 1658 14344 7998 1190 1127 19717 

369 4558 6173 12496 19059 273 3869 8690 
98 15106 1658 10456 7998 1190 1127 19745 

369 4558 6173 16246 15437 273 3481 7820 
98 13595 1658 7621 7998 1190 1127 25770 

-2 -3 -2 -3 -2 -2 -2 -2 
-1 -1 -1 -1 -1 -1 -1 -1 

2606 -3 -2 -3 -2 -2 -2 -2 
11999 -1 -1 -1 -1 -1 -1 -1 

4409 8368 3413 6990 5977 177 5755 5699 
6659 9553 978 7431 4899 780 664 10859 

4409 8368 3413 7957 5977 2659 5755 5699 
6659 9553 2880 7431 8409 780 664 10859 

253 391 193 299 473 135 113 406 
226 403 348 348 363 24 63 370 

227 2351 173 268 1318 1839 113 406 
203 403 4313 348 363 19 5056 4799 

1069 1560 30 1469 67 1077 46 189 
112 830 811 1483 1764 61 46 2653 

131 6620 841 139 4318 5584 6342 265 
1907 7250 6746 1685 264 1322 3131 1858 

131 6620 10756 139 4318 5584 6342 265 
3716 7250 6746 1685 264 1322 3131 1858 

131 6620 9902 139 4318 5584 6342 265 
7344 7250 6746 1685 264 1322 3131 1858 

75 4824 5456 89 7332 3294 4621 155 
5083 4756 4917 1104 2155 963 2281 718 

75 4824 8243 79 7332 3294 4621 155 
6574 4280 4917 1104 2155 963 2281 718 

621 1865 3425 35 6125 2159 3030 80 
2545 2554 3225 2115 926 631 1346 2462 

280 7298 3932 1404 6713 3088 4619 3149 
3651 10674 3584 994 73 1694 1496 2825 

280 7298 3932 6263 6041 3088 9157 3149 
3651 13606 3584 894 73 1694 4346 2825 

280 7298 11038 9386 5436 7779 11574 3149 
3651 15245 3584 2723 73 4524 7911 2825 

280 7298 11038 9386 5436 7779 17083 3149 
3651 15245 3584 2723 73 4524 11119 2825 

280 7298 11038 9386 5436 7779 25374 3149 
3651 15245 3584 2723 73 4524 12007 2825 

117 2286 2801 2634 2946 2437 2955 716 
833 3626 1387 853 17 836 2745 1344 

3 98 187 416 33 436 36 7 
53 775 10 720 -1 39 98 32 

3 98 187 416 33 7892 36 7 
53 775 10 720 -1 3035 98 32 

189 3335 2431 272 100 1157 1506 2495 
190 4272 2355 130 646 1669 -1 403 

189 9251 8437 272 100 1157 1506 2495 
190 4272 2355 130 646 1669 9499 403 

189 8325 18833 5244 100 1157 1506 2495 
190 4272 2355 2117 646 4502 12193 403 

189 14992 21949 4719 100 1157 1506 2495 
190 4272 2355 1905 646 4502 15576 403 

189 15159 20179 4239 100 4937 1506 2495 
190 5844 2355 1714 2581 6051 18484 403 

189 15159 20179 4239 100 3998 6355 2245 
190 5259 2119 1714 9322 5445 18484 403 

4995 7691 17060 -3 8805 4554 -4 -4 
11 17980 5 -1 7939 -1 -1 3998 

4995 7691 17060 -3 8805 4554 -4 -4 
11 17980 5 -1 7939 -1 -1 3998 

6313 8949 17806 3089 100 4834 4167 1323 
170 5534 9978 3862 7550 3571 12673 3467 

5681 8873 14499 3613 100 7632 6458 3412 
2153 8834 10980 6333 12795 6492 13405 5947 

5681 8873 20743 3613 89 9781 6458 3412 
2153 8834 9881 7699 11515 6492 14457 5947 

5681 8873 20743 3613 89 12422 6458 3412 
2153 8834 8892 7699 11515 6492 21011 5947 

5681 8873 20743 3613 89 12422 6458 3412 
2153 8834 8892 7699 11515 6492 21011 5947 

5681 8873 16801 3251 79 19561 6458 3412 
2153 7950 14002 6928 10363 6492 19718 5947 

5681 8873 16801 3251 79 22604 6458 3412 
2153 7950 14002 6928 10363 6492 23746 5947 

69 51 66 30 107 87 111 -1 
76 49 77 81 33 34 61 82 

61 51 66 30 107 87 1412 -1 
76 49 69 81 33 34 61 4566 

21654 3408 32 6071 10044 6722 2176 -1 
7249 7639 3644 3682 20 3198 54 7099 

11461 2233 4180 10823 5335 8464 1426 6137 
5851 8668 3279 3413 3416 3950 24 11314 

5625 3076 4966 4068 1076 2396 10919 9616 
39 31 7771 7583 16 7282 43 8645 

74 -2 -3 -2 -3 -2 -3 -3 
-1 -1 -1 -1 -1 -1 216 -1 

-3 -4 -1 712 -5 -2 -2 -4 
-1 -1 0 1457 -1 0 -1 0 

-3 -4 -1 712 -5 5836 -2 -4 
-1 -1 13000 1457 -1 5000 -1 0 

8020 1399 -1 3328 7946 8060 908 -4 
1592 5298 9401 4213 2999 9616 -1 1999 

15260 4574 5623 2425 4690 5286 3360 3641 
2303 9127 13083 2763 2698 8308 -1 3076 

13733 4574 5623 5067 4690 5286 3360 3641 
2303 9127 26774 2763 2698 8308 -1 3076 

-2 -2 -2 -2 -2 -2 -2 -2 
-1 -1 -1 -1 -1 -1 -1 -1 

10329 2233 4180 10823 5335 8464 1426 6137 
5851 8668 3279 3413 3416 23555 24 11314 

10329 2233 4180 10823 5335 8464 5450 6137 
5851 8668 3279 3413 3416 23555 5021 11314 

10329 2233 4180 10823 5335 8464 5450 13023 
5851 8668 3279 3413 6074 23555 5021 11314 

10329 2233 4180 10823 5335 8464 5450 11720 
5851 8668 3279 3413 5466 23555 5021 11314 

10329 2233 4180 10823 5335 8464 5450 12690 
5851 8668 3279 3413 10919 23555 5021 11314 

10329 2233 4180 10823 5335 8464 5450 18921 
5851 8668 3279 3413 12827 23555 5021 11314 

10329 2233 4180 10823 5335 8464 5450 24528 
5851 8668 3279 3413 14544 23555 5021 11314 

8365 2008 3761 7889 4801 9207 6502 26360 
5265 7801 2950 6537 17180 15453 4066 13182 

8365 2008 3761 7889 4801 9207 6502 31224 
5265 7801 2950 6537 18462 15453 4066 13182 

8365 2008 3761 7889 4801 9207 6502 32476 
5265 7801 2950 6537 23615 15453 4066 13182 

925 121 25 129 31 413 2343 104 
135 2494 0 191 205 720 48 81 

832 9598 22 129 27 413 2343 93 
135 6519 0 191 5184 720 48 72 

748 8592 22 129 27 413 2343 93 
135 7867 0 191 4665 720 48 72 

748 10896 22 129 27 413 2343 93 
135 14080 0 191 4198 720 48 72 

-3 -3 -3 -3 -3 -3 -3 -3 
-1 -1 -1 -1 -1 -1 -1 -1 

-3 -3 -3 -3 -2 -3 -3 -3 
-1 -1 -1 -1 -1 -1 -1 -1 

-4 -3 -3 1995 -3 -4 -3 -3 
-1 1999 -1 -1 -1 -1 -1 -1 

-4 -3 1997 1995 -2 -4 -3 -3 
-1 1798 -1 -1 -1 1999 -1 -1 

-3 -3 1796 4920 6331 -4 -3 -3 
-1 5618 -1 4999 1999 1618 -1 -1 

-3 -3 1616 4920 6331 -4 -3 -3 
-1 5618 -1 4999 1999 1456 -1 -1 

2414 531 -5 1264 87 626 -7 64 
285 1263 1040 -1 1179 -1 1572 1469 

2414 6477 -5 1264 87 626 -7 64 
6256 1263 1040 -1 1179 -1 1572 1469 

10955 13954 -4 1137 87 626 4494 3390 
15317 1136 5797 -1 1179 -1 1572 3322 

10955 17558 -4 1137 87 626 4494 3390 
16785 1136 5797 -1 1179 -1 1572 3322 

1225 692 4511 502 701 631 274 204 
487 1645 157 2661 380 914 -1 1584 

1225 692 4511 502 701 631 274 183 
487 1645 157 2661 380 914 -1 1425 

1225 692 10309 6166 701 631 274 183 
5438 1645 157 2661 380 914 7999 1425 

1102 692 24565 5548 701 631 274 183 
7894 5480 141 4394 380 914 7198 1425 

991 692 17907 10993 701 631 274 183 
7104 4931 126 3954 380 914 12478 1425 

891 692 17837 13393 701 631 274 183 
6393 6437 113 3954 380 914 18230 1425 

891 692 17837 13393 701 631 274 183 
6393 6437 113 3954 380 914 18230 1425 

81 63 396 343 787 18 27 8 
332 334 4 148 6563 198 1058 80 

72 63 6356 308 787 18 21 2505 
268 334 3 6133 8315 178 1058 80 

-2 -2 -2 -2 -2 -2 -2 -2 
-1 -1 -1 -1 -1 -1 -1 -1 

-2 -2 -2 -2 -2 -2 -2 -2 
-1 -1 -1 -1 -1 -1 -1 -1 

41 1817 4726 1897 3284 811 1110 703 
4457 1753 0 4052 4417 1223 4104 46 

41 1635 4726 1897 3284 811 1110 703 
4457 1753 0 3646 4417 1223 4104 46 

10036 8328 10399 1897 18326 4729 10999 10048 
4457 1753 8500 17492 7975 8590 4104 3837 

10036 8328 10399 1897 21493 4729 19899 10048 
12011 1753 9650 17492 7975 8590 4104 3837 

10036 8328 10399 9207 23843 4729 21480 10048 
20828 1753 13685 17492 7975 8590 4104 3837 

9032 8328 9358 7455 23812 4729 21832 10048 
17613 1577 13784 17492 7975 8590 4104 3453 

8128 8328 8422 6709 26430 4729 19648 10048 
22366 1577 11164 17492 7975 8590 4104 3107 

8128 8328 8422 6709 26430 4729 19648 10048 
22366 1577 11164 17492 7975 8590 4104 3107 

8128 8328 8422 6709 26395 4729 19648 10048 
32129 1577 11164 17492 7975 8590 4104 3107 

8408 10400 3579 7415 8338 11323 12675 8854 
13261 6798 9914 12493 4682 5295 2691 2548 

8408 10400 3579 7415 9504 12333 12675 8854 
13261 6798 9914 12493 10213 5295 4421 2548 

485 285 348 528 548 263 593 511 
407 393 418 384 343 306 390 277 

436 7811 2813 475 548 236 533 1930 
4366 393 376 6245 308 5275 390 3249 

160 636 2681 1956 174 441 46 1963 
2074 1471 687 903 131 1867 2413 324 

160 636 12412 1956 174 441 46 1963 
2074 1471 2618 903 131 1867 2413 324 

8885 11528 2752 1726 210 1124 2292 3323 
2087 151 3393 5726 5065 5301 229 6198 

8885 11528 2752 1726 210 1124 2292 3268 
2087 151 3393 5726 5065 9770 229 6198 

3822 8403 1804 4886 62 817 1502 4896 
997 109 1802 5153 4558 7735 120 3659 

3822 8403 1804 4886 5055 817 1502 9406 
2897 109 1802 5153 4558 10961 120 3659 

0 -2 -4 10309 -4 7064 1083 251 
-1 5135 3278 6 10 53 9050 3005 

70 189 3192 750 43 180 251 1147 
1223 632 1013 313 35 1713 755 124 

70 169 3192 750 5038 5162 251 6032 
3100 2568 1013 313 35 4541 679 124 

4229 169 3192 750 5038 10847 4725 6032 
11111 2568 8920 313 35 4541 679 124 

4229 169 3192 750 5038 10847 10919 6032 
11111 2568 12028 313 35 4541 679 124 

4229 169 3192 750 5038 10847 10919 6032 
11111 2568 12028 313 35 4541 679 124 

-3 -2 -3 7383 3009 4705 3718 902 
955 4185 3338 3 1462 2025 3735 1292 

2247 1643 896 166 1752 2752 2493 2571 
2548 651 2312 1259 7 1582 235 46 

2247 1643 896 166 1752 2752 2493 7313 
2548 651 2312 1259 7 1582 235 3041 

11 97 -4 0 100 18 2518 72 
30 134 25 27 93 1250 1 30 

11 97 -4 0 100 5016 2518 72 
30 134 5022 27 93 1250 1 30 

11 7587 -4 0 6756 10764 2518 72 
30 134 12567 27 93 1250 3000 30 

11 14328 -4 0 6080 13020 2518 72 
30 134 11979 27 93 1250 5700 30 

11 13966 -4 0 6722 15233 2518 72 
3027 134 14402 27 93 1250 8130 30 

9 13966 -3 9500 6722 15233 2518 72 
3027 134 14402 27 83 8125 8385 30 

775 9161 1996 10366 4408 11180 1833 46 
6206 3822 10498 17 59 5922 10199 16 

775 9161 1996 10366 4408 11180 1833 46 
6206 3822 10498 17 59 5922 10199 16 

33 646 -4 67 39 189 704 4 
108 9 56 1261 1100 31 124 83 

776 646 -4 784 30 5273 633 3277 
97 6 7272 8421 890 27 111 4867 

776 646 -4 705 30 11493 633 7154 
87 6 9490 10420 890 27 111 6380 

776 646 -4 705 30 13809 633 7154 
87 6 8540 17378 890 27 111 6380 

776 646 -4 705 30 13809 633 7154 
87 6 8540 17378 890 27 111 6380 

698 646 -4 705 26 13809 8212 16961 
3078 4005 9686 15098 890 27 111 6380 

698 646 -4 705 26 13809 12390 16961 
3078 4005 9686 19588 890 27 111 6380 

627 646 -4 705 26 13809 10485 16961 
2770 4005 9686 17666 890 27 111 6380 

2393 11673 5246 16718 11116 10448 9442 17364 
2018 10276 17616 11589 6699 9478 2772 12667 

1142 14046 3823 12374 15753 6167 8848 19716 
1634 7039 14056 11603 9581 15682 3677 9171 

10830 11606 2030 12374 15334 6069 10166 15901 
1190 5130 13185 8650 8349 11259 4239 13035 

-4 23 -3 62 19 54 28 2 
-1 102 71 -1 -1 83 55 83 

-3 42 -3 2 -2 -3 45 -2 
-1 -1 -1 1 22 -1 -1 -1 

10830 11606 2030 12374 13097 6069 10166 14727 
1190 5130 13185 8650 8349 10132 5815 13035 

15747 13544 2030 12374 13097 6069 10166 14727 
1190 5130 25679 8650 8349 9118 11233 13035 

10327 12359 2462 10520 10023 5695 8055 14254 
963 5539 22789 5908 9499 7385 14978 10557 

9293 9008 9533 13918 15306 3735 6739 13415 
4751 3269 21929 6487 9489 5383 12918 8550 

9293 9008 9533 13918 13775 3735 9398 13415 
22275 3269 21929 5838 9489 5383 12918 8550 

-4 -4 -5 -3 -4 -3 -3 -3 
-1 -1 -1 -1 -1 -1 -1 -1 

-2 -2 -3 -2 -2 -2 -2 -3 
-1 -1 -1 -1 -1 -1 -1 -1 

-3 -3 -2 -3 -2 -3 -2 -3 
-1 -1 -1 -1 -1 -1 -1 -1 

-3 -3 -2 4997 -2 -3 -2 -3 
-1 -1 -1 -1 -1 2999 -1 -1 

-3 -3 -2 5330 -2 -3 -2 -3 
-1 -1 -1 -1 -1 7699 -1 -1 

-3 -3 -2 5330 -2 -3 -2 -2 
-1 -1 -1 -1 -1 7699 -1 -1 

-3 -3 -2 5330 -2 -3 -2 1664 
-1 -1 -1 -1 4999 7699 -1 -1 

-3 -3 -2 5330 -2 -3 -2 8997 
-1 -1 -1 -1 7499 7699 -1 -1 

-3 -3 -2 5330 -2 -3 -2 15597 
-1 -1 -1 -1 9749 7699 -1 -1 

1121 -3 -2 4796 -2 3597 -2 19383 
-1 5239 -1 2698 11496 5612 -1 -1 

1121 -3 -2 4796 -2 3597 -2 27444 
-1 5239 -1 2698 12346 5612 -1 -1 

1121 -3 -2 4796 -2 3597 -2 29729 
-1 5239 -1 5428 13111 5612 -1 -1 

108 49 1262 -7 60 387 116 -3 
112 1974 -1 107 -1 -1 52 1618 

108 49 5521 -7 60 348 5104 -3 
3100 1974 1999 96 -1 -1 52 1456 

108 43 6218 -7 60 313 5104 -3 
3100 1974 3076 96 -1 -1 52 1456 

108 38 10596 -7 60 281 5104 -3 
3100 1974 7102 96 -1 -1 52 1456 

4546 185 292 112 175 -3 257 177 
249 2452 3 21 79 58 -1 383 

-2 -2 -2 -2 -2 -3 -2 -3 
-1 -1 -1 -1 -1 -1 -1 -1 

-2 -2 -2 -2 -2 -3 -2 -2 
-1 -1 -1 -1 -1 -1 -1 -1 

-2 -2 -2 -2 -2 -2 -2 -2 
-1 -1 -1 -1 -1 -1 -1 -1 

-2 -2 -2 -2 1998 -2 -2 -2 
1999 -1 -1 -1 -1 -1 -1 -1 

-2 -2 -2 -2 1797 4543 -2 -2 
1798 -1 -1 -1 -1 -1 8998 -1 

-2 -2 -2 -2 8283 4543 -2 -2 
5618 -1 -1 -1 -1 -1 8998 -1 

414 -2 -2 -2 -3 -3 -2 -2 
-1 -1 -1 -1 -1 1999 -1 -1 

7039 -2 -2 -2 -3 -3 -2 -2 
-1 -1 -1 -1 -1 1999 -1 3999 

9516 -2 -2 -2 -2 -3 -2 -2 
-1 -1 -1 -1 -1 1999 -1 7726 

13564 -2 -2 -2 -2 -3 -2 -2 
-1 -1 -1 -1 -1 1999 -1 10953 

35 568 781 740 763 687 487 92 
883 805 88 695 326 575 251 722 

35 568 781 740 763 687 487 82 
883 805 79 695 326 575 251 722 

35 568 6417 740 763 687 487 6740 
883 805 11663 695 326 575 251 722 

35 568 8411 665 763 687 4009 6065 
5794 724 14446 625 326 575 251 722 

35 568 7569 5598 763 687 3607 10458 
5214 724 13501 3562 326 575 251 722 

35 568 6130 5038 763 687 6246 12152 
7692 651 19035 3205 293 575 251 722 

35 568 6130 5038 763 687 6246 12152 
7692 651 19035 3205 293 575 251 722 

-4 126 1191 441 291 1684 609 693 
1112 55 7304 658 52 84 663 62 

-4 6137 387 2127 5072 285 -4 -5 
4253 4710 4654 506 90 293 -1 311 

-4 9470 348 2127 4564 285 1996 -5 
4253 7615 4654 455 90 293 -1 311 

3362 7458 253 3264 2693 205 2635 -4 
2510 8846 5753 216 1364 2263 -1 2026 

597 239 1397 835 169 615 1199 1494 
2801 96 3014 1116 72 116 44 1123 

597 239 1257 835 169 615 1199 1494 
2520 96 3014 1116 72 116 44 1123 

4537 239 1257 835 169 615 1199 1494 
14268 96 3014 1116 72 116 44 1123 

10333 239 1257 835 169 615 1199 1494 
17841 96 3014 1116 72 116 44 1123 

10333 239 1257 835 169 615 1199 1494 
17841 96 3014 1116 72 116 44 1123 

12799 239 1257 835 169 615 8579 1494 
23751 96 3014 1116 72 116 44 1123 

13378 214 1257 751 169 615 10221 1344 
22444 96 2712 1004 64 116 44 1010 

12877 214 1257 751 169 615 9198 1344 
20199 96 2712 1004 9057 116 39 817 

6358 4150 2239 440 121 3486 6032 3792 
15123 55 3296 592 6456 1366 22 4828 

8625 4150 2239 440 121 3486 6032 3792 
15123 55 3296 592 6456 1366 22 22345 

1589 213 168 8 1941 584 3858 603 
0 822 348 -1 177 532 10 5979 

1589 213 3151 8 1941 584 5138 603 
0 10065 348 -1 177 532 10 5979 

99 4 120 -1 108 54 89 28 
-1 247 23 -1 1 45 0 203 

99 2 106 -1 3479 2293 63 2284 
-1 222 20 1798 2000 1652 1799 5764 

29 -1 3713 3623 6809 1670 6354 5305 
-1 2591 1632 1060 1311 4220 4891 5018 

29 -1 3713 8260 6809 1670 6354 5305 
-1 4331 1632 1060 1311 4220 4891 5018 

16 -5 2700 4873 4459 2442 5718 5154 
-1 4500 1070 772 1061 3417 2887 5991 

728 -5 2700 4873 4459 2442 5718 5154 
-1 4500 1070 772 1061 3417 2887 18391 

-2 -2 -2 -2 -2 -2 -2 -2 
-1 -1 -1 -1 -1 -1 -1 -1 

4998 -2 -2 -2 -2 -2 -2 -2 
-1 -1 -1 -1 -1 2999 -1 -1 

1861 -4 1769 3551 2923 1977 7232 3041 
-1 4049 779 562 506 3075 2575 9858 

-2 -2 -2 -2 -3 -2 -2 -2 
-1 -1 -1 -1 -1 -1 -1 -1 

-2 -2 -2 4998 -3 -2 -2 -2 
-1 -1 4999 -1 -1 -1 -1 -1 

-2 -2 -2 8069 -3 -2 -2 5831 
-1 -1 9499 -1 -1 6999 -1 -1 

952 4684 614 2326 914 1799 2387 6299 
-1 2951 3345 2258 1872 2385 1504 3028 

952 4684 614 8760 914 1799 2387 6299 
-1 2951 7010 2258 1872 2385 1504 3028 

952 4684 614 17884 914 1799 2387 6299 
-1 2951 8309 2258 1872 2385 1504 3028 

326 1065 151 3308 536 937 1138 1291 
-1 832 1538 416 426 1521 718 1054 

326 1065 151 3308 536 937 8524 1291 
-1 832 1538 416 426 4368 718 1054 

147 4449 1897 401 5 2448 55 10 
29 87 74 103 3387 83 303 1004 

147 10004 1897 401 5 2448 55 10 
29 87 6066 103 3387 83 303 1004 

147 15253 8373 401 5 8869 10049 10 
29 87 10459 103 3387 5867 303 4903 

147 17061 7535 401 5 8869 14044 10 
29 87 11413 103 3387 7280 303 4412 

147 16354 7892 401 5 8696 13115 10 
29 87 14366 103 3387 7280 303 4412 

147 25538 12102 401 10004 12293 18470 10 
29 78 24660 4092 3387 7280 303 4412 

10106 12303 7273 324 6561 5944 14466 6 
18 1665 13373 2684 3311 4775 160 6970 

10106 12303 7273 324 6561 5944 18019 6 
18 1665 13373 7415 3311 4775 160 6970 

53 -3 63 92 20 38 91 81 
-1 64 12 104 7 60 124 167 

47 -2 1635 82 17 34 1323 2880 
-1 57 12 2093 1805 6032 111 2150 

47 -2 6471 82 17 34 1190 5707 
-1 57 12 2093 1805 8574 111 1934 

47 -2 11657 82 17 34 1190 10022 
-1 57 12 2093 1805 19244 111 1740 

47 -2 11657 82 17 34 1190 10022 
-1 57 12 2093 1805 19244 111 1740 

47 -2 13191 82 17 34 6071 8117 
-1 57 12 2093 1624 18970 111 1565 

47 -2 17705 82 17 34 6071 8117 
-1 57 12 2093 1624 24073 111 1565 

47 1174 15340 82 17 34 6071 8117 
-1 57 12 5883 1624 21298 111 1565 

37 3105 22447 5066 11 16070 4425 7304 
12058 4657 9 12338 1315 23611 64 1565 

13957 8041 7100 3647 4414 7165 10524 4023 
6407 2784 6093 13014 2478 9074 9162 1026 

10820 4271 5174 8416 2894 4310 7668 2638 
2756 2028 3996 6915 4365 8159 9421 2830 

-3 -3 -3 -2 -3 -4 41 -2 
-1 -1 -1 27 -1 -1 -1 -1 

-5 -3 -4 -4 -4 -4 -5 -4 
-1 -1 -1 -1 -1 -1 -1 -1 

10820 4271 5174 8416 2619 4310 7668 2638 
2756 2028 3996 6915 4365 8159 28478 2830 

18621 4271 5174 7574 2619 4310 7668 3889 
8480 2028 3996 6915 4365 8159 35630 7692 

11036 4967 3393 7134 3920 10926 6210 6578 
10828 4275 3236 6915 7941 7342 15216 8030 

12153 3257 5472 4679 2856 6449 9589 6578 
8418 5262 2358 5040 6431 5946 12324 12227 

14271 3257 4924 4679 2856 6449 9589 6578 
7576 5262 2358 5040 6431 5946 12324 29004 

0 0 -3 -2 -3 -2 0 -3 
-1 2 -1 3 -1 -1 -1 1 

81 587 -1 79 4174 -3 46 54 
1310 5 20 -1 100 1157 2 1142 

81 587 3332 79 4174 -3 46 54 
1310 2004 20 -1 100 1157 2 1142 

81 587 3623 79 4174 -3 46 54 
1310 3803 20 -1 100 1157 2 1142 

81 587 3623 79 8756 -3 46 54 
1310 3803 20 -1 3090 1157 2 1142 

81 587 3623 79 9547 -3 46 54 
1310 3803 20 -1 6781 1157 2 1142 

112 -4 384 387 186 279 557 -5 
-1 924 -1 294 368 1208 -1 1260 

7600 -4 384 387 186 279 557 -5 
-1 924 -1 3264 368 1208 -1 1260 

14340 -4 384 387 186 279 557 -5 
-1 924 -1 5937 368 1208 -1 1260 

15215 3268 384 347 149 250 2950 -4 
-1 748 1998 8408 297 1208 7999 1133 

23693 3268 384 347 149 250 2950 -4 
-1 748 1998 9567 297 1208 7999 1133 

25212 3268 384 347 149 250 2950 -4 
-1 748 1998 15610 297 1208 7999 1133 

-2 -2 37 -2 -2 -2 -2 -2 
-1 -1 27 -1 -1 -1 -1 -1 

-2 -2 -2 -2 -2 -2 -2 -2 
-1 -1 -1 -1 -1 -1 -1 -1 

