0 0 0 0 0 0 0 0 
0 0 0 0 0 0 0 0 

0 8625 0 0 0 0 0 0 
0 0 0 0 0 0 0 6374 

0 10019 0 0 0 0 0 0 
0 0 0 0 0 0 0 10022 

0 8744 1237 0 0 0 0 0 
0 0 0 0 0 0 0 8559 

0 9718 573 0 0 0 0 0 
0 0 0 0 0 0 0 7831 

0 8260 573 0 0 0 0 0 
0 0 0 0 0 0 0 8113 

0 17021 573 0 0 0 0 0 
0 0 0 0 0 0 0 14135 

0 14467 573 0 0 0 0 0 
0 0 0 0 0 0 0 14567 

0 42805 0 0 0 0 0 0 
0 0 0 0 0 0 8705 41137 

0 24188 573 0 0 2684 0 0 
10326 0 0 0 0 0 0 18374 

0 37468 573 0 0 2684 0 0 
10326 0 0 12628 0 0 0 26465 

0 31847 573 0 0 2684 0 0 
10326 0 0 16353 0 0 0 26465 

0 28933 573 0 0 2684 0 0 
10326 0 0 24677 0 0 0 27600 

0 33803 573 0 0 2684 0 0 
10326 0 0 16353 0 0 0 37412 

0 33803 573 0 0 2684 0 0 
10326 0 0 16353 0 0 0 37412 

0 57314 573 0 0 2684 0 0 
10326 0 0 16353 0 0 0 60788 

0 51970 573 0 0 2684 0 0 
10326 9171 0 16353 0 0 0 72588 

0 12665 573 0 0 3190 0 0 
2169 0 0 0 0 0 0 15242 

12186 25680 4259 17067 13922 19691 7530 23780 
16203 5467 18239 13155 18900 29166 24400 25331 

12186 25680 4259 14506 13922 19691 7530 23780 
16203 5467 18239 13155 18900 27350 24400 25331 

12186 83996 4259 37377 32426 19691 7530 40532 
33536 5467 18239 13155 27207 100890 24400 25331 

12186 83996 4259 39270 32426 19691 7530 40532 
33536 5467 18239 13155 27207 95863 24400 25331 

12186 83996 4259 39270 32426 19691 7530 40532 
33536 5467 18239 13155 27207 95863 24400 25331 

0 55673 573 0 22323 2684 16857 0 
20312 9171 17762 30976 0 10533 0 67610 

12186 82711 4259 51777 32426 19691 7530 40532 
33536 5467 18239 13155 27207 97676 24400 25331 

12186 81463 4259 51777 32426 19691 7530 40532 
33536 5467 18239 13155 27207 99697 24400 25331 

12186 86124 4259 49435 32426 19691 7530 34451 
33536 5467 18239 13155 27207 80763 24400 25331 

12186 86932 4259 49435 32426 19691 7530 34451 
33536 5467 18239 13155 27207 105818 24400 25331 

0 20910 3333 14230 3923 14704 12013 5983 
17760 12702 5717 17659 402 6564 15641 18800 

0 21523 3333 14230 3923 14704 12013 5983 
17760 12702 5717 17659 402 6564 15641 23616 

0 14001 9990 13534 7134 12221 14158 9854 
13984 13036 9749 14097 8210 7833 14382 13971 

0 14001 9990 13534 7134 12221 15187 9854 
13984 13036 9749 14097 8210 7833 19654 13971 

16335 109375 8372 22496 16990 26386 16372 23260 
45104 37389 18157 29360 22710 130032 23951 23238 

16335 102968 8372 22496 16990 26386 16372 23260 
45104 37389 18157 29360 22710 132933 23951 23238 

6520 18311 14821 17218 7134 12221 35029 19215 
13984 13036 14884 14097 8210 7833 41546 11875 

6520 18311 14821 17218 7134 12221 30191 19215 
13984 13036 14884 14097 8210 7833 48068 11875 

6520 21348 17576 17218 7134 15853 33901 19215 
16949 13036 17385 14097 8210 12129 35176 11875 

6520 21348 17576 17218 7134 15853 36315 19215 
16949 13036 17385 14097 8210 12129 39484 11875 

16335 83761 17777 29225 16990 40843 27719 23260 
54606 37389 29884 29360 22710 75135 34390 23238 

12186 76424 50694 49435 32426 41962 19952 34451 
33536 5467 28473 13155 30665 96873 35931 26343 

12186 75012 50694 49435 32426 41962 19952 34451 
33536 23610 28473 13155 30665 94319 35931 26343 

12186 79953 50694 49435 32426 41962 19952 34451 
33536 41820 28473 13155 30665 97542 35931 26343 

12186 77960 50694 49435 32426 41962 19952 34451 
33536 53539 28473 13155 30665 97542 35931 26343 

12186 77960 50694 49435 32426 41962 19952 44283 
33536 53539 28473 13155 30665 91078 35931 26343 

6520 27092 26122 19958 11973 27245 33519 19215 
20446 13036 20473 18100 8210 16370 42451 16008 

18387 53630 46837 51568 40638 41962 19952 50900 
38351 54929 36256 33274 30665 53344 35931 26343 

18387 56835 46837 51568 40638 41962 19952 50900 
38351 59234 36256 33274 30665 53344 35931 26343 

25639 29596 30851 32386 28014 28757 31595 32883 
32858 27136 30747 33598 20722 38683 32782 28701 

25639 29596 30851 32386 28014 28757 31595 42950 
32858 30998 30747 33598 20722 38683 32782 28701 

25639 29596 30851 32386 28014 28757 31595 69480 
32858 59317 30747 33598 20722 38683 32782 28701 

25639 29596 30851 32386 28014 28757 31595 71663 
32858 71985 30747 33598 20722 38683 32782 28701 

25639 29596 30851 32386 28014 28757 31595 78977 
32858 91087 30747 33598 20722 38683 32782 28701 

25639 29596 30851 32386 28014 28757 31595 107224 
32858 120551 30747 33598 20722 38683 32782 28701 

36122 29596 30851 32386 28014 38548 58227 91995 
32858 107662 41389 46417 20722 47703 32782 28701 

36122 29596 30851 32386 28014 38548 58227 93195 
32858 108311 41389 46417 20722 47703 32782 28701 

28425 52081 45833 44743 36799 51141 40999 39640 
48986 51252 49662 41557 40323 50163 42986 27895 

33566 68757 38957 44743 36799 51141 45160 39640 
48986 60172 49662 41557 40323 50163 42986 27895 

33566 66086 38957 44743 36799 51141 45160 39640 
48986 76126 49662 41557 40323 50163 42986 27895 

33566 66037 38957 44743 36799 51141 45160 39640 
48986 84005 49662 41557 40323 50163 42986 27895 

33566 66037 38957 44743 36799 51141 45160 39640 
48986 84005 49662 41557 40323 50163 42986 27895 

33566 71521 38957 44743 36799 51141 45160 39640 
48986 87853 49662 41557 40323 50163 42986 27895 

33566 69792 38957 44743 36799 51141 45160 39640 
48986 94403 49662 41557 40323 50163 42986 27895 

27321 41057 25326 45475 35545 31383 21291 46152 
40564 32978 28643 20747 37398 49154 27067 33671 

33566 65131 38957 44743 36799 51141 45160 39640 
48986 88651 49662 41557 40323 50163 42986 27895 

138851 179156 187543 174341 148759 151348 182315 179154 
183156 90403 184356 141900 181940 183795 184258 129584 

27321 41057 33015 58402 58749 39052 21291 115486 
40564 56272 28643 20747 37398 127100 27067 54921 

138851 179156 180382 174341 148759 151348 182709 179154 
208540 90403 186297 141900 181940 184480 184258 129584 

33566 113132 59981 62018 51042 65608 66233 39640 
83854 128210 82972 61963 61783 85842 42986 39528 

47338 48114 48118 47554 48061 41808 47760 47799 
47809 46952 49182 47170 46210 47725 47243 47970 

47338 48114 53165 47554 48061 41808 47760 47799 
47809 46952 67794 47170 46210 47725 47243 47970 

48759 97573 146594 47554 71972 41808 47760 66401 
65740 85642 174988 47170 46210 55532 47243 47970 

48759 97573 131180 88658 71972 41808 47760 78573 
65740 85642 153441 51943 46210 55532 47243 47970 

48759 100298 157076 107469 71972 41808 47760 78573 
88984 85642 175492 51943 46210 55532 47243 47970 

165095 171654 172086 171817 171640 160340 171744 146593 
172665 139275 171337 166237 172638 172674 171141 162262 

27321 41057 33015 58402 58749 39052 21291 103299 
40564 56272 28643 20747 37398 126802 27067 54921 

27321 41057 33015 58402 58749 39052 21291 101421 
40564 56272 28643 20747 37398 128409 27067 54921 

27321 41057 33015 58402 58749 39052 21291 87090 
40564 56272 28643 20747 37398 127360 27067 54921 

27321 41057 33015 58402 58749 39052 21291 85276 
40564 56272 28643 20747 37398 125819 27067 54921 

27321 41057 33015 58402 58749 39052 21291 75609 
40564 56272 28643 20747 37398 127237 27067 54921 

27321 41057 33015 58402 58749 39052 21291 75517 
40564 56272 28643 20747 37398 123992 27067 54921 

27321 41057 33015 58402 58749 39052 21291 75439 
40564 56272 28643 20747 37398 121220 27067 54921 

27321 41057 33015 58402 58749 33193 21291 116179 
40564 56272 28643 20747 37398 105288 27067 54921 

27321 41057 33015 58402 58749 33193 21291 110002 
40564 56272 28643 20747 37398 111421 27067 54921 

27321 41057 33015 58402 58749 33193 21291 108851 
40564 56272 28643 20747 37398 135812 27067 54921 

7006 8109 8235 8237 8242 8128 8242 8242 
8241 8234 8242 8169 8138 8242 8187 8227 

7006 8109 8235 8237 8242 8128 8242 14126 
8241 8234 8242 8169 8138 16119 8187 8227 

7006 8109 8235 8237 8242 8128 8242 14273 
8241 8234 8242 8169 8138 18219 8187 8227 

7006 8109 8235 8237 8242 8128 8242 20655 
8241 8234 8242 8169 8138 30102 8187 8227 

43023 42787 43695 42493 36005 42652 43011 43442 
42695 43401 43195 42737 42194 43528 42728 42345 

43023 42787 37140 42493 36005 42652 43011 43442 
42695 43401 43195 42737 42194 43552 42728 42345 

205307 183653 201347 204372 205631 204903 205163 199988 
201231 206050 208054 203124 210821 204083 202219 198965 

205307 183653 201347 204372 205631 204903 177933 199988 
201231 206050 208054 203124 212426 204083 202219 198965 

205307 183653 201347 204372 186095 204903 182450 199988 
201231 206050 221380 203124 207251 204083 202219 198965 

205307 183653 201347 204372 186095 204903 165082 199988 
201231 206050 221540 203124 207251 204083 202219 198965 

43023 42787 37140 42493 36005 42652 42967 38985 
42695 43401 43195 45828 42194 43440 42839 42345 

47819 42787 37140 42493 36005 42652 42967 38985 
42695 43401 43195 49907 42194 43440 42839 42345 

49847 42787 37140 42493 36005 42652 42967 38985 
44605 43401 43195 60870 42194 43440 42839 42345 

49869 42787 37140 42493 36005 42652 42967 38985 
44605 43401 43195 65216 42194 43440 42839 42345 

73983 66977 68093 73176 59464 68452 76943 76851 
79041 79819 79618 79035 68283 79551 59055 60655 

179649 188241 206240 210662 190512 210341 195724 205985 
201231 209114 211361 207324 207251 207577 205693 203213 

179649 188241 206240 179062 190512 210341 195724 205985 
201231 209114 211255 207324 207251 207577 205693 203213 

179649 188241 206240 179062 190512 187227 195724 205985 
201231 209114 224617 207324 207251 207577 205693 203213 

179649 188241 186894 179062 190512 187227 195724 205985 
201231 209114 225268 207324 207251 207577 205693 203213 

179649 188241 183162 179062 190512 187227 195724 205985 
201231 209114 225251 207324 207251 207577 205693 203213 

179649 188241 183162 179062 190512 187227 195724 205985 
201231 209114 225251 207324 207251 207577 205693 203213 

179649 188241 183162 179062 190512 187227 195724 199766 
201231 209114 237013 207324 207251 207577 205693 203213 

179649 188241 183162 179062 190512 187227 195724 185420 
201231 209114 226802 207324 207251 207577 205693 203213 

179649 188241 183162 179062 190512 194239 196734 197497 
211351 214468 235840 210943 211502 207577 205693 214628 

191894 191628 199042 184586 196461 187227 200964 179573 
201231 211005 207540 208346 208678 207577 206808 203213 

191894 191628 199042 184586 196461 187227 170819 179573 
201190 211005 207540 208346 208678 207577 206808 203213 

191894 191628 250005 184586 196461 187227 150553 179573 
248108 211005 207540 208346 208678 207577 206808 203213 

191894 191628 222504 184586 196461 187227 150553 179573 
254392 211005 207540 208346 208678 207577 206808 203213 

191894 191628 222504 184586 196461 187227 150553 179573 
254392 211005 207540 208346 208678 207577 206808 203213 

191894 191628 222504 184586 174491 187227 150553 179573 
251702 211005 207540 208346 208678 207577 206808 203213 

191894 191628 194143 191163 187285 187227 150553 179573 
228428 211005 207540 208346 208678 207577 206808 203213 

191894 191628 194143 162488 209850 187227 150553 179573 
217333 211005 207540 208346 208678 207577 206808 203213 

54066 46455 54639 54622 54588 54637 54621 54168 
54650 54608 54427 54654 54654 54654 54626 54654 

54066 46455 60341 54622 54588 54637 54621 54168 
54650 54608 54427 54654 54654 76973 54626 54654 

195323 191628 194143 170499 203206 196855 160828 179573 
236629 211005 207540 208346 211079 211415 209800 207258 

195323 191628 168771 170499 203206 196855 160828 179573 
234756 211005 207540 208346 211079 211415 209800 207258 

200950 201095 194760 197517 171949 200252 167011 197243 
201499 201061 202159 201824 200983 196100 201101 200682 

200950 184927 194760 197517 171949 200252 167011 197243 
201499 201061 219929 201824 200983 196100 208605 200682 

188234 188241 183162 184536 190512 190601 181917 201356 
205572 211445 209619 214304 209158 209121 209165 205418 

188234 188241 183162 184536 190512 190601 181917 181152 
205572 211445 209619 218361 209158 209121 209165 205418 

207491 198121 209658 208460 171949 212455 167011 208283 
201499 201061 249910 208636 211676 202551 208605 209552 

207491 198121 209658 208460 171949 197463 167011 208283 
201499 201061 252659 208636 211676 202551 208605 209552 

211249 201815 190932 207573 171949 201908 167011 213621 
201499 201061 222820 208636 215577 205996 210291 209552 

211249 201815 190932 207573 171949 201908 167011 197214 
201499 201061 229803 208636 215577 205996 210291 209552 

199196 201815 190932 211546 171949 205919 167011 197214 
201499 205444 234339 208636 216806 208118 212880 209552 

198019 191284 195275 190582 195166 206339 189051 188952 
206255 205815 205401 205715 200904 204561 205867 205688 

198019 191284 165983 190582 195166 214801 189051 188952 
211144 205815 205401 205715 200904 204561 205867 205688 

198019 191284 165983 190582 195166 204155 189051 188952 
234866 205815 205401 205715 200904 204561 205867 205688 

198019 191284 165983 190582 195166 183531 189051 188952 
236259 205815 205401 205715 200904 204561 205867 205688 

168315 191284 165983 190582 195166 183531 189051 188952 
230522 205815 205401 205715 200904 204561 205867 205688 

174130 193641 165983 194814 175443 189712 195262 194983 
204861 203184 205569 204138 203861 205821 204603 204510 

129220 140139 120502 137790 121505 136269 110630 110008 
107623 133035 112169 138483 128115 142616 103902 138008 

129220 130368 120502 137790 121505 136269 110630 110008 
107623 133035 112169 138483 128115 146744 103902 138008 

202754 210383 186172 202836 189857 180260 212061 205916 
207629 205718 209704 210807 210386 207952 209592 212000 

202754 210383 186172 202836 189857 180260 187751 205916 
207629 205718 209704 210807 210386 207952 209592 219509 

202754 208675 186172 202836 189857 180260 187751 205916 
207629 205718 209704 210807 210386 207952 209592 237164 

202754 199378 186172 202836 189857 180260 187751 205916 
207629 205718 209704 210807 210386 207952 209592 238635 

202754 199378 186172 202836 189857 180260 187751 196297 
207629 205718 209704 210807 210386 207952 215352 237005 

202754 174471 186172 253598 189857 180260 187751 196297 
207629 205718 209704 210807 210386 207952 215352 250169 

202754 197652 200992 216439 189857 180260 187751 196297 
226481 205718 219013 217380 215163 207952 215352 268862 

202754 197652 200992 191473 189857 180260 187751 196297 
226481 205718 219013 217380 215163 207952 215352 263998 

212425 207341 200864 182380 194102 207472 174583 210397 
212564 211043 214551 211486 210482 213959 210881 212489 

187042 207341 200864 182380 194102 207472 174583 210397 
212564 212228 220389 211486 210482 213959 216359 212489 

187042 207341 200864 182380 194102 207472 174583 194137 
212564 212228 227587 211486 210482 213959 216359 212489 

187042 207341 200864 182380 194102 187346 174583 194137 
212564 212228 234145 211486 210482 213959 216359 212489 

187042 207341 200864 182380 194102 187346 174583 194137 
212564 212228 234145 211486 210482 213959 216359 212489 

187042 200154 200864 182380 194102 187346 174583 194137 
212564 212228 237706 211486 210482 213959 216359 212489 

187042 200154 179484 182380 194102 187346 174583 194137 
212564 212228 242679 211486 210482 213959 216359 212489 

187042 183417 179484 182380 194102 187346 174583 194137 
212564 212228 230008 211486 210482 213959 216359 212489 

193095 191294 189642 195791 199298 193541 174583 228191 
212564 215819 256086 211486 214264 216941 216359 224945 

204217 191294 189642 195791 213519 193541 186616 249140 
219894 223501 283314 216869 214264 232873 234318 224945 

204217 191294 189642 207000 223216 204920 186616 235775 
218937 223501 273802 228832 214264 239777 244714 224945 

209757 178295 209731 209564 209731 208294 208621 209619 
209754 209594 209735 209445 209713 209744 209583 209572 

208783 208783 177465 208783 208783 208783 208783 208783 
208783 208783 208783 208783 208783 208783 208783 208783 

53763 49149 60169 44974 44567 45591 46927 42513 
48318 47390 45780 63599 46365 47346 46785 47197 

53763 49149 70674 44974 44567 41665 46927 42513 
48318 47390 45780 65530 46365 47346 46785 62642 

53763 83355 152399 69766 63684 49003 61772 42513 
89049 61170 45780 65530 50793 47346 46806 178846 

69358 83355 203695 90247 63684 49003 61772 42513 
89049 61170 45780 79910 50793 47346 46806 217744 

69358 83355 295453 90247 63684 49003 61772 42513 
89049 61170 45780 79910 50793 47346 46806 326013 

204217 191294 189642 207000 223216 204920 186616 245048 
224462 223501 269039 228832 214264 239777 244714 224945 

212093 202157 212083 180376 211836 212118 211820 212107 
210705 209977 212029 210840 212191 210859 211943 211994 

212093 202157 212083 180376 211836 184706 211820 212107 
210705 209977 212029 210840 216773 210859 211943 211994 

212093 202157 212083 180376 211836 184706 211820 181173 
210705 209977 212029 210840 219073 210859 211943 211994 

187779 202157 212083 180376 211836 184706 211820 181173 
210705 209977 212029 210840 222526 210859 211943 211994 

187779 202157 182614 180376 211836 184706 211820 181173 
210705 209977 212029 210840 228459 210859 211943 211994 

187779 202157 182614 180376 191310 184706 211820 181173 
210705 209977 212029 210840 230465 210859 211943 211994 

187779 202157 182614 180376 191310 184706 191297 181173 
210705 209977 212029 210840 232168 210859 211943 211994 

187779 199675 182614 180376 191310 184706 191297 181173 
210705 209977 212029 210840 236250 213424 211943 211994 

187779 179723 182614 180376 191310 184706 191297 181173 
210705 209977 212029 210840 236763 213424 211943 211994 

187779 179723 182614 180376 168863 184706 191297 181173 
210705 209977 212029 210840 237445 213424 211943 211994 

128639 128639 128639 109343 128638 128639 128639 128639 
128639 128639 128639 128639 128639 128639 128639 128639 

140372 128639 128639 109343 128638 109342 128639 128639 
128639 137760 128639 128639 128639 128639 128639 128639 

120722 128639 128639 109343 128638 109342 128639 128639 
128639 141410 128639 128639 128639 128639 128639 128639 

120722 128639 128639 109343 128638 109342 118008 128639 
128639 144577 128639 128639 128639 128639 128639 128639 

282643 243222 281641 285624 278046 285413 278207 284629 
275524 283113 281148 281288 282651 284856 286145 285401 

282643 243222 281641 242780 278046 285413 278207 284629 
275524 283113 281148 281288 282651 284856 286066 285401 

282643 243222 281641 242780 278046 244801 279284 284629 
275524 283846 281148 281288 282651 284856 284803 288547 

282643 243222 281641 242780 278046 244801 279284 244232 
275524 283846 281148 281288 283352 284856 284803 290959 

247192 243222 281641 242780 278046 244801 279284 244232 
275524 283846 281148 281288 291832 284856 284803 289711 

247192 243222 250644 242780 278046 244801 279284 244232 
275524 283846 281148 281288 294803 284856 284803 289711 

212300 212536 205402 216574 214896 215484 213856 185893 
211307 211932 214968 211133 214370 217983 214139 213910 

212300 212536 205402 195337 214896 215484 213856 185893 
211307 211932 214968 211133 214370 222271 214139 213910 

212300 212536 205402 195337 214896 193851 213856 185893 
211307 211932 214968 211133 214370 231132 214139 213910 

212300 212536 205402 195337 200718 193851 213856 185893 
211307 211932 214968 211133 214370 242139 214139 213910 

265885 262326 272724 258357 283545 269091 243368 263613 
276152 282369 281252 281726 283351 284742 282144 280832 

265885 262326 272724 258357 241012 269091 243368 263613 
276152 282369 281252 281726 283351 284562 282144 280832 

265885 262326 240148 258357 241012 269091 243368 263613 
276152 282369 281252 281726 283351 297786 282144 280832 

265885 262326 240148 258357 241012 247927 250791 263613 
276152 282369 281252 281726 283351 294357 282144 280832 

239188 262326 240148 258357 241012 247927 261794 263613 
276152 282369 281252 281726 283351 286751 282144 280832 

239188 262326 240148 258357 241012 247927 266725 250044 
276152 282369 281252 281726 283351 296248 282144 280832 

239188 262326 240148 258357 241012 247927 266725 250044 
276152 282369 281252 281726 283351 296248 282144 280832 

254389 269339 245695 267336 247181 257284 237682 264493 
277059 279715 277470 276956 276266 276678 276465 276078 

254389 232095 245695 267336 247181 257284 237682 264493 
276372 277033 276601 276956 275783 276678 276465 276078 

84926 84907 84936 84951 72213 84951 84956 84951 
84958 84957 84957 84957 84958 84887 84957 84955 

204816 204816 204816 204816 204816 204816 204816 174093 
204816 204816 204816 204816 204816 204816 204816 204816 

204816 204816 204816 174093 204816 204816 204816 174093 
204816 204816 204816 204815 204816 204816 204816 204816 

204816 295109 204816 174093 204816 236281 211566 174093 
223462 221203 204816 210154 345135 209316 204816 263884 

204816 258342 204816 174093 204816 236281 211566 174093 
223462 221203 204816 210154 340631 209316 204816 263884 

204816 258342 204816 174093 204816 236281 211566 174093 
223462 221203 204816 210154 340631 209316 204816 263884 

204816 279183 204816 174093 204816 236281 211566 147978 
223462 221203 204816 210154 312808 209316 204816 263884 

204816 243731 204816 174093 204816 236281 211566 168922 
223462 221203 204816 210154 287137 209316 204816 263884 

204816 221188 204816 174093 204816 236281 211566 184311 
223462 221203 204816 210154 266645 209316 204816 263884 

91750 84907 98055 84951 74609 84951 88843 84951 
93238 84957 87992 84957 115575 89151 88421 88526 

91750 84907 100272 84951 74609 84951 88843 84951 
93238 84957 87992 84957 133235 89151 88421 88526 

255689 268670 258893 267846 218663 247927 281321 260004 
276152 277996 279811 278038 276923 275894 278554 280282 

255689 268670 258893 267846 218663 247927 242337 260004 
276152 277996 279811 278038 276923 275894 278554 284937 

258152 229688 269691 268664 245410 265228 253432 269307 
267996 269785 267587 267470 268232 270600 268736 269538 

258152 229688 237717 268664 245410 265228 253432 269307 
267996 271126 267587 267470 268232 284201 268736 269538 

274792 250055 237717 268664 245410 265228 255847 258292 
278045 271126 267587 267470 275999 303798 280093 278227 

239823 250055 237717 268664 245410 265228 255847 258292 
278045 271126 267587 267470 275999 306947 280093 278227 

239823 256575 244070 282383 245410 265228 255847 258292 
278045 271126 267587 267470 275999 279006 282518 281663 

239823 256575 244070 249618 245410 265228 255847 258292 
278045 271126 267587 267470 275999 279006 297549 281663 

246098 256575 249641 249618 245410 243365 255847 258292 
277471 271126 267587 267470 275999 279006 277424 284961 

246098 256575 249641 249618 245410 243365 255847 236887 
277471 271126 267587 267470 275999 279006 277424 286121 

213767 221188 204816 194249 213653 229248 211566 221758 
238597 221203 204816 219609 269344 209316 204816 260913 

251897 242178 259489 249618 250726 253967 255847 243204 
278532 273423 267587 267470 275999 278414 277424 281462 

251897 242178 229826 249618 250726 253967 255847 243204 
278532 273423 267587 267470 275999 278414 277424 279028 

251897 242178 229826 249618 250726 253967 235579 243204 
278532 273423 267587 267470 275999 278414 277424 287690 

251897 242178 229826 249618 250726 225871 235579 243204 
278532 273423 267587 267470 275999 278414 277424 288631 

251897 242178 229826 249618 250726 225871 235579 243204 
278532 273423 267587 267470 275999 278414 277424 288631 

231751 250589 242725 249618 254555 239295 246168 243204 
267866 269364 270129 267470 270987 269963 272035 268235 

261565 267253 263465 268568 232402 267498 262587 247980 
272458 273214 271077 271979 272766 272115 272099 273399 

261565 267253 263465 238282 232402 267498 262587 247980 
272458 273214 271077 271979 272766 272115 272099 278674 

115788 117733 120432 115214 130837 120379 124444 103655 
120959 108196 138568 122820 122378 119144 125600 108409 

115788 117733 120432 115214 122461 120379 124444 103655 
120959 108196 141908 122820 122378 119144 125600 108409 

115788 117733 120432 115214 122461 120379 137946 103655 
120959 108196 155744 122820 122378 119144 125600 108409 

115788 117733 120432 115214 122461 120379 146701 103655 
120959 108196 160127 122820 122378 119144 125600 108409 

115788 117733 120432 115214 122461 120379 130180 103655 
120959 108196 161102 122820 122378 119144 125600 108409 

115788 117733 120432 115214 122461 120379 124292 103655 
120959 108196 160822 122820 122378 119144 125600 108409 

123460 117733 126918 115214 131105 120379 132077 109181 
130673 108196 155016 128745 122378 122369 125600 108409 

123460 117733 126918 115214 131105 120379 132077 109181 
130673 108196 155016 128745 122378 122369 125600 108409 

148129 151728 152383 149048 145249 152847 145315 145957 
142962 159726 151138 147070 150482 151538 167428 149725 

148129 151728 152383 149048 145249 154822 145315 145957 
148496 159726 151138 147070 150482 151538 186755 149725 

148129 151728 149210 149048 145249 154822 145315 145957 
148496 159726 151138 147070 150482 151538 180411 149725 

148129 151728 147685 149048 145249 154822 145315 145957 
148496 159726 151138 147070 150482 151538 182873 149725 

148129 151728 147685 149048 145249 154822 145315 145957 
148496 159726 151138 147070 150482 151538 182873 149725 

148129 151728 148063 149048 145249 154822 145315 145957 
148496 159726 151138 147070 150482 151538 179561 149725 

148129 151728 134853 149048 145249 154822 145315 145957 
148496 159726 151138 147070 150482 151538 183836 149725 

153576 151728 134853 149048 145249 134739 145315 145957 
148496 159726 151138 147070 150482 151538 174890 149725 

228874 233166 224803 194249 236812 236820 202214 234823 
237946 237547 228756 231264 237734 229538 222496 237644 

236125 233166 224803 194249 242957 247134 206311 237697 
281911 244016 228756 237712 237734 234583 222496 248134 

236125 233166 230113 194249 242957 243171 206311 242231 
285580 244016 248169 237712 237734 234583 222496 248134 

156284 151728 134853 153009 150881 134739 145315 145957 
152364 159726 151138 147070 150482 151538 187877 149725 

126629 126551 126638 126173 126429 126207 107480 126622 
126607 125909 126302 126172 126521 126123 126305 125193 

158796 135009 155166 156210 158205 152890 155192 154623 
157391 158453 156589 157267 157904 158179 156900 157157 

149968 135009 155166 156210 158205 152890 155192 154623 
157391 181261 156589 157267 157904 158179 156900 157157 

91795 91795 91795 91795 91795 91795 91795 78026 
91795 91795 91795 91795 91795 91795 91795 91795 

91795 91795 91795 90919 91795 91795 91795 78026 
91795 109291 94070 91795 91795 91795 91795 94121 

91795 131810 91795 90919 91795 91795 91795 78026 
91795 152196 94070 91795 91795 91795 91795 114488 

149968 213615 216339 204072 292916 212679 199163 227830 
204664 379202 182484 157267 204186 161949 196464 182266 

236125 233166 230113 194249 242957 253100 206311 242231 
309218 244016 248169 237712 237734 234583 222496 248134 

236125 233166 230113 194249 242957 220135 206311 242231 
303800 244016 248169 237712 237734 234583 222496 248134 

236125 233166 230113 194249 214013 220135 206311 242231 
297673 244016 248169 237712 237734 234583 222496 248134 

236125 233166 230113 194249 214013 220135 206311 213396 
293856 244016 248169 237712 237734 234583 222496 248134 

205706 233166 230113 194249 214013 220135 206311 213396 
291196 244016 248169 237712 237734 234583 222496 248134 

205706 208191 230113 194249 214013 220135 206311 213396 
288491 244016 248169 237712 237734 234583 222496 248134 

205706 208191 206846 194249 214013 220135 206311 213396 
284234 244016 248169 237712 237734 234583 222496 248134 

205706 208191 206846 194249 214013 223872 206311 220327 
260764 247215 248169 237712 237734 244476 222496 248134 

205706 208191 206846 194249 214013 200291 206311 220327 
261230 247215 248169 237712 237734 244476 222496 248134 

205706 208191 206846 194249 214013 200291 206311 212242 
258094 253432 248169 237712 237734 259022 222496 248134 

271863 271863 271863 231083 271862 271863 271863 271863 
271863 271863 271863 271863 271863 271863 271863 271863 

236558 271863 271863 231083 271862 271863 271863 276392 
280946 271863 271863 271863 271863 271863 271863 271863 

236558 271863 271863 231083 271862 271863 271863 237136 
281995 271863 271863 271863 271863 271863 271863 271863 

236558 271863 271863 231083 271862 239511 271863 237136 
287045 271863 271863 271863 271863 271863 271863 271863 

129771 128261 132391 130823 115578 130173 118744 130087 
126256 129019 127828 128271 130506 128371 135457 128155 

129771 128261 112532 130823 115578 130173 118744 130087 
126256 129019 127828 128271 130506 128371 134996 128155 

129771 128261 112532 113127 115578 130173 118744 130087 
126256 129019 127828 128271 130613 128371 136324 128155 

129771 128261 112532 113127 115578 114245 118744 130087 
126256 129019 127828 128271 130613 128371 137801 128155 

129771 128261 112532 113127 115578 114245 118744 124113 
126256 129019 127828 128271 130613 128371 150177 130704 

121555 128261 112532 113127 115578 114245 118744 124113 
126256 129019 127828 128271 130613 128371 151616 130704 

307102 309897 313434 308313 266964 308228 306593 309074 
310294 312122 314257 310658 310706 310416 294247 308482 

307102 309897 275793 308313 266964 308228 306593 309074 
310294 312122 321633 310658 310706 310416 294247 308482 

307102 279173 275793 308313 266964 308228 306593 309074 
310294 312122 331664 310658 310706 315218 294247 308482 

307102 279173 275793 308313 266964 308228 306593 273962 
310294 312122 332775 310658 310706 315218 294247 308482 

133206 118693 133094 119962 125185 129540 128207 135030 
134305 132545 135104 135830 132496 136799 134863 138919 

133206 118693 113129 119962 125185 129540 128207 135030 
134305 132545 135104 135830 132496 136799 134863 138044 

133206 118693 113129 119962 125185 129540 128207 133554 
134305 132545 135104 135830 132496 136799 150108 138044 

133206 118693 113129 119962 125185 129540 128207 123230 
134305 132545 135104 135830 132496 136799 152452 138044 

127065 118693 113129 119962 125185 129540 128207 123230 
134305 132545 135104 135830 132496 136799 154812 138044 

127065 118693 113129 119962 125185 129540 128207 117776 
134305 132545 135104 135830 132496 136799 156167 138044 

127065 118693 113129 119962 125185 129540 128207 117776 
134305 132545 135104 135830 132496 136799 156167 138044 

130283 121304 125740 126743 133603 116744 131133 125255 
134838 134943 134036 133763 131298 139698 133554 135101 

130283 121304 125740 126743 124982 116744 131133 125255 
134838 134943 135676 133763 131298 148468 133554 135101 

109474 109474 109474 109474 109474 93053 109474 109474 
109474 109474 109474 109474 109474 109474 109474 109474 

231612 231612 231612 231612 231612 196870 231612 231612 
231612 231612 231612 231612 231612 231612 231612 231612 

231612 231612 231612 231612 196869 196870 231612 231612 
231612 231612 231612 231612 231612 231612 231612 231611 

231612 231612 250588 231612 196869 196870 231612 231612 
231612 231612 231612 231612 231612 231612 291162 231611 

231612 231612 217999 231612 196869 196870 231612 231612 
231612 231612 231612 231612 231612 231612 288075 231611 

231612 231612 217999 231612 196869 196870 231612 231612 
231612 231612 231612 231612 231612 231612 288075 231611 

231612 231612 217999 231612 196869 196870 218647 231612 
231612 231612 231612 231612 231612 231612 283864 231611 

231612 231612 217999 231612 196869 196870 218647 219469 
231612 236112 231612 231612 231612 231612 265006 231611 

213087 231612 217999 231612 196869 196870 218647 219469 
231612 250437 231612 231612 231612 231612 257119 231611 

130283 124137 125740 132650 130616 125990 124932 127725 
134838 136713 146977 133763 137519 138024 133554 135101 

130283 124137 125740 115966 130616 125990 124932 127725 
134838 136713 162827 133763 137519 138024 133554 135101 

213087 215229 226944 235251 196869 206510 232881 219469 
238221 251257 239819 240168 237901 230804 250032 231610 

213087 215229 195902 235251 196869 206510 232881 219469 
238221 250610 239819 240168 237901 230804 250032 231610 

217095 218190 219097 232568 218229 218485 197688 228559 
230993 230733 231952 231084 232037 232130 232473 229385 

217095 218190 219097 214492 218229 218485 197688 228559 
230993 230733 231952 231084 232037 232130 256371 229385 

127065 125393 124459 123149 132568 129914 132869 122103 
134305 132020 136384 135830 135325 138139 139653 150850 

217095 218190 225719 214492 218229 218485 197688 228191 
230993 230733 236563 231589 232037 241983 269321 236031 

217095 218190 225719 214492 218229 218485 197688 208962 
230993 230733 236563 231589 232037 241983 266151 236031 

217095 218190 192277 214492 218229 218485 197688 208962 
230993 230733 236563 231589 232037 241983 267586 236031 

217095 221537 192277 214492 218229 211041 197688 214469 
230993 230733 236563 231589 232037 237029 248205 236031 

217095 208832 192277 214492 218229 211041 197688 214469 
230993 230733 236563 231589 232037 237029 249928 236031 

217095 213002 202723 228116 230668 211041 197688 220773 
239671 235100 240738 244820 229404 267128 235748 236031 

220475 222182 246011 220767 218229 222127 197688 215007 
236427 235931 238205 238943 229404 237029 239839 236031 

220475 222182 213968 220767 218229 222127 197688 215007 
236427 235931 240324 238943 229404 237029 248784 236031 

220475 206392 213968 220767 218229 222127 197688 215007 
236427 235931 240324 238943 229404 237029 267005 236031 

220475 206392 213968 220767 218229 198807 197688 215007 
236427 235931 240324 238943 229404 237029 266273 236031 

220475 206392 213968 202651 218229 198807 197688 215007 
236427 235931 240324 238943 229404 237029 262447 236031 

200160 211307 213968 207950 227460 217071 203431 223156 
233845 233851 234946 233809 230313 229155 235907 232929 

149187 149267 141428 146117 141796 153492 156207 143779 
151902 143619 165556 149022 151300 156729 148892 146385 

149187 149267 141428 146117 141796 153492 144025 143779 
151902 143619 168653 149022 151300 156729 148892 146385 

290705 290568 289054 289733 290627 257175 289790 289060 
290651 296783 288877 290589 288777 290645 290713 290526 

254599 290568 289054 289733 290627 257175 289790 289060 
290651 306371 288877 290589 288777 290645 290713 290526 

254599 258232 289054 289733 326834 257175 289790 289060 
290651 320042 288877 290589 288777 290645 290713 290526 

254599 258232 289054 289733 291043 257175 289790 289060 
290651 331575 288877 290589 288777 290645 290713 290526 

254599 270573 289054 289733 290136 257175 289790 289060 
290651 329222 288877 290589 288777 290645 290713 290526 

254599 270573 289054 289733 278369 257175 289790 289060 
290651 334467 288877 290589 288777 290645 290713 299467 

254599 240482 289054 299823 287974 269499 321142 289060 
290651 317449 288877 294623 288777 296269 294836 299467 

254599 240482 289054 299823 287974 269499 321142 289060 
290651 317449 288877 294623 288777 296269 294836 299467 

221043 237197 236964 226860 232762 230233 221998 205122 
237558 238118 234946 241046 237618 241320 239686 237103 

221043 217657 236964 226860 232762 230233 221998 211780 
245660 238118 234946 241046 237618 251453 239686 237103 

221043 217657 209769 226860 232762 230233 221998 211780 
245660 238118 234946 241046 237618 249927 239686 237103 

221043 217657 209769 226860 207421 230233 221998 211780 
245660 238118 234946 241046 237618 255777 239686 237103 

221043 217657 209769 226860 207421 230233 221998 211780 
245660 238118 234946 241046 237618 255777 239686 237103 

221043 217657 209769 226860 207421 223422 221998 211780 
245660 238118 234946 241046 237618 264092 239686 237103 

221043 217657 209769 201831 207421 223422 221998 211780 
245660 238118 234946 241046 237618 267507 239686 237103 

221043 217657 209769 201831 207421 200690 221998 211780 
245660 238118 234946 241046 237618 257776 239686 237103 

229109 217657 209769 201831 207421 200690 222874 211780 
245660 238174 234946 241046 240122 265807 239686 238889 

250247 237900 218427 211051 214616 223615 240288 223892 
245660 242751 229807 245697 240122 283522 250883 244427 

240566 237900 218427 211051 214616 223615 245796 223892 
245660 242751 235343 253831 240122 281816 250883 251015 

225704 228310 228359 234934 204070 219532 222819 236166 
240229 237974 240343 238708 238006 238789 239636 240321 

291838 291393 291600 291600 291600 291599 291599 252278 
291585 291562 291582 291561 291546 296253 292410 291566 

234749 238490 239185 203310 233840 236818 237800 239185 
238478 238842 239166 238695 238551 238398 238781 238460 

234749 238490 239185 203310 215978 236818 237800 243316 
238478 238842 257949 238695 248293 238398 238781 238460 

241817 238490 244078 203310 215978 236818 257480 270629 
261868 250773 341570 253361 252926 238398 238781 268602 

114421 114269 114363 114478 97331 114231 114123 114466 
114512 114460 114420 114512 114188 114486 114513 114107 

114421 114269 114363 103263 97331 114231 114123 114466 
114512 114460 114420 114512 114188 114486 134679 114107 

262109 238490 244078 203310 215978 247116 257480 277772 
267658 257932 318105 253361 252926 248663 247911 268602 

240566 237900 218427 211051 214616 223615 254911 223892 
245660 242751 235343 253831 240122 306413 250883 251015 

240566 237900 218427 211051 214616 223615 222299 223892 
245660 242751 235343 253831 240122 303187 250883 251015 

205346 237900 218427 211051 214616 223615 222299 223892 
245660 242751 235343 253831 240122 298293 250883 251015 

205346 209715 218427 211051 214616 223615 222299 223892 
245660 242751 235343 253831 240122 293734 250883 251015 

205346 209715 218427 211051 214616 223615 222299 194058 
245660 242751 235343 253831 240122 287757 250883 251015 

205346 209715 218427 211051 214616 201322 222299 194058 
245660 242751 235343 253798 240122 287757 250883 251015 

205346 209715 218427 211051 214616 201322 200204 194058 
245660 242751 235343 253798 240122 282438 250883 251015 

205346 209715 227963 211051 214616 201322 200204 194058 
246633 242751 235343 253798 240122 269054 250883 251015 

205346 209715 205018 211051 214616 201322 200204 194058 
246633 242751 235343 253798 240122 267390 250883 251015 

205346 209715 205018 211051 185637 201322 200204 194058 
246633 242751 235343 253798 240122 263973 250883 251015 

297386 291804 257218 292496 296121 299114 296133 298807 
291496 290323 299144 298884 293438 295834 302461 297216 

297386 291804 257218 292496 296121 261751 296133 298807 
291496 290323 299144 298884 293438 295834 307953 297216 

297386 291804 257218 292496 296121 261751 296133 257964 
291496 290323 299144 298884 293438 295834 308832 297216 

261546 291804 257218 292496 296121 261751 296133 257964 
291496 290323 299144 298884 293438 295834 314678 297216 

155615 155650 155481 132496 155809 155528 155738 155853 
155886 155192 155885 155600 155685 155476 155422 155847 

155615 155650 155481 132496 155809 155528 155738 132474 
155880 155192 155885 155600 155685 155476 155422 155847 

298580 295091 254343 295917 294992 294328 294572 272913 
294986 292705 293199 300123 292084 292750 295667 297303 

256892 295091 254343 295917 294992 294328 294572 272913 
294986 292705 293199 302791 292084 292750 295667 297303 

256892 295091 254343 275820 294992 294328 294572 272913 
294986 300858 293199 320562 292084 292750 295667 297303 

256892 262077 254343 275820 294992 294328 294572 272913 
294986 300858 293199 321241 292084 292750 295667 297303 

155615 155650 158536 132496 143184 155528 155738 132474 
156075 155192 168551 155600 155685 155476 155422 155847 

155615 155650 159765 132496 143184 155528 155738 132474 
156075 155192 176913 155600 155685 155476 155422 155847 

155615 155650 199061 132496 143184 155528 155738 112602 
156075 155192 189261 155600 155685 155476 155422 155847 

155615 155650 178576 132496 143184 155528 155738 112602 
156075 155192 198231 155600 155685 155476 155422 155847 

289758 277084 254343 293550 271746 311129 294572 284594 
306566 303562 303963 307534 301623 321350 308099 308688 

289758 277084 254343 293550 271746 264459 294572 284594 
306566 303562 303963 307534 301623 319816 308099 308688 

289758 277084 254343 293550 271746 264459 258719 284594 
306566 303562 303963 307534 301623 331029 308099 308688 

289758 277084 254343 267614 271746 264459 258719 284594 
306566 303562 303963 307534 301623 324318 308814 308688 

265167 277084 254343 267614 271746 264459 258719 284594 
306566 303562 303963 307534 301623 322412 309285 308688 

265167 277084 254343 267614 271746 264459 258719 258410 
306566 303562 303963 307534 301623 318923 309285 308688 

265167 277084 254343 267614 271746 264459 258719 258410 
306566 303562 303963 307534 301623 318923 309285 308688 

265167 258125 254343 284349 288563 264459 276155 265244 
300842 303548 298229 300196 299248 299744 300037 299593 

265167 258125 254343 284349 254369 264459 276155 265244 
300842 302182 298229 300196 299248 302338 300037 299593 

283509 258125 268574 261047 261434 269846 276155 275663 
306967 299480 298229 304162 301244 299428 300037 299593 

116976 117087 117065 117020 99526 116892 116767 116989 
117043 117017 117092 117063 117067 117088 116737 117092 

116976 117087 117065 99466 99526 116892 116767 116989 
117043 117017 117080 117063 117067 117088 116737 117092 

116976 213300 117065 112084 112033 131905 116767 116989 
117043 117017 117080 117063 117067 117088 116737 234513 

116976 213300 117065 106521 112033 131905 116767 116989 
117043 117017 117080 117063 117067 117088 116737 220648 

116976 213300 117065 106521 112033 131905 116767 116989 
117043 117017 117080 117063 117067 117088 116737 220648 

116976 190898 117065 106521 112033 131905 116767 116989 
117043 117017 117080 117063 117067 117088 116737 227951 

116976 178456 117065 106521 112033 131905 116767 116989 
117043 117017 117080 117063 117067 117088 116737 214442 

116976 186106 117065 106521 112033 131905 116767 116989 
117043 117017 117080 117063 117067 117088 116737 222194 

230222 230035 229997 230821 230232 198506 230228 229989 
233542 231674 230192 230363 229866 230687 230827 230647 

230222 230035 229997 199412 230232 198506 230228 229989 
251133 231674 230192 230363 229866 230687 230827 230647 

230222 242206 233603 215015 234106 198506 230228 229989 
257414 231674 230192 234228 232596 234027 230827 239613 

230222 214681 233603 215015 234106 198506 230228 229989 
263461 231674 230192 234228 232596 234027 230827 239613 

265167 307842 268801 274109 285278 238614 258719 266322 
303612 305026 305553 303567 301623 300898 303048 305835 

265167 276846 268801 274109 285278 238614 258719 266322 
303612 305026 305553 311300 301623 300898 303048 330255 

275582 284326 286788 283384 279508 238614 283723 276578 
303612 305003 315604 311300 301623 307173 303048 326615 

275582 284326 251269 283384 279508 238614 283723 276578 
303612 305003 315604 311300 301623 307173 303048 325140 

232958 227388 234117 225402 199047 198506 230864 233296 
233994 232835 233426 233318 233868 232615 233002 234155 

232958 227388 211816 225402 199047 198506 230864 233296 
233994 232835 233426 233318 233868 232615 233002 246571 

233661 229166 218527 225402 199047 198506 232646 205551 
233994 232835 233426 235615 233868 236382 233002 237504 

206111 229166 218527 225402 199047 198506 232646 205551 
233994 232835 233426 235615 233868 236382 233002 241427 

284722 305615 251269 286559 287056 248920 283723 276578 
304930 302739 297442 305431 301623 304049 303727 303312 

217193 230441 224072 225402 209607 204261 204798 205551 
235055 234258 233426 235708 240672 235297 233002 237386 

217193 202609 224072 225402 209607 204261 204798 205551 
235055 234258 233426 235708 240267 240237 233002 237386 

217193 208257 224072 223304 209607 204261 204798 205551 
235055 250162 233426 235708 242293 239076 233002 237386 

217193 208257 197961 223304 209607 204261 204798 205551 
235055 250162 233426 235708 242293 241325 233002 237386 

217193 208257 197961 204808 209607 204261 204798 205551 
235055 250162 233426 235708 242293 241621 233002 237386 

200127 217799 208487 209379 209607 216941 210265 214057 
231379 235624 233715 231981 233618 233365 233002 233874 

246260 246260 246260 239346 246256 240835 239745 209321 
246258 245495 245280 244739 245277 245513 244218 245695 

246260 246260 219321 239346 246256 240835 239745 209321 
246258 245495 245280 244739 245277 245513 250524 245695 

245098 226333 218371 265294 265867 254782 240433 257899 
262154 266276 258217 266224 263286 266270 265346 258736 

245098 226333 218371 265294 234986 254782 240433 257899 
262154 275214 258217 266224 263286 266270 265346 258736 

245098 226333 218371 255978 234986 254782 240433 257899 
262154 291497 258217 266224 263286 266270 265346 258736 

245098 226333 218371 255978 234986 254782 240433 242172 
262154 291248 258217 266224 263286 266270 265346 258736 

245098 226333 189365 292979 234986 254782 240433 242172 
262154 285371 258217 266224 263286 266270 265346 258736 

245098 226333 189365 267880 234986 254782 240433 242172 
262154 311413 258217 266224 263286 266270 265346 258736 

295682 252391 287534 286559 293393 277543 290896 280054 
293968 294797 297327 297380 296806 294647 295329 297413 

254749 226333 189365 307343 234986 264448 204367 251865 
262154 306402 268158 273427 272783 266270 271362 266396 

254749 226333 189365 307343 234986 264448 204367 251865 
262154 306402 268158 273427 272783 266270 271362 266396 

254749 233396 189365 266470 234986 264448 204367 251865 
262154 305935 277522 279436 272783 266270 271362 266396 

254749 233396 189365 248059 234986 264448 204367 251865 
262154 297202 277522 279436 272783 266270 271362 266396 

254749 233396 189365 248059 234986 236235 204367 251865 
262154 300333 277522 279436 272783 266270 271362 266396 

254749 233396 189365 248059 234986 236235 204367 251865 
262154 300333 277522 279436 272783 266270 271362 266396 

250525 233396 189365 248059 234986 236235 204367 251865 
262154 295003 277522 279436 272783 266270 271362 266396 

250525 233396 189365 248059 234986 236235 204367 223085 
262154 297532 277522 279436 272783 266270 271362 266396 

317656 317817 316572 318726 318329 282281 318818 317959 
320203 320943 318092 317488 318284 318015 327320 318129 

221341 233396 189365 248059 234986 236235 204367 223085 
262154 289794 277522 279436 272783 266270 271362 266396 

221341 259459 216120 311633 261977 236235 259764 223085 
262154 334878 277522 279436 282437 266270 271362 266396 

317656 321232 316572 318726 322933 282281 291875 317959 
320203 320943 318092 317488 318284 318015 346355 318129 

221341 275856 216120 323214 279878 256752 259764 253115 
262154 376260 277522 284951 282437 283513 298141 266396 

262034 261140 261084 262300 261050 261750 256130 223548 
261489 261489 262181 263158 261987 262040 261486 262642 

274394 283019 277968 283013 240566 278630 282992 280389 
281469 282599 282988 282702 281710 281241 282031 280146 

274394 252564 277968 283013 240566 278630 282992 280389 
281469 282599 302030 282702 281710 281241 282031 280146 

274394 252564 277968 296508 240566 278630 282992 288938 
281469 304733 359513 302451 281710 291047 300390 300075 

297571 262296 282226 326598 249848 282724 287851 306150 
281469 304733 362814 305732 297194 291047 304037 300075 

122677 122671 122671 122575 122660 122677 122467 104276 
122619 122654 122657 122669 122575 122674 122657 122675 

297571 262296 282226 287397 249848 282724 287851 306150 
281469 304733 372341 305732 297194 291047 304037 300075 

221341 275856 216120 334499 279878 256752 259764 253115 
262154 398303 277522 284951 282437 283513 298141 266396 

221341 275856 216120 334499 279878 256752 259764 220147 
262154 379524 277522 284951 282437 283513 298141 266396 

221341 275856 216120 285113 279878 256752 259764 220147 
262154 375770 277522 284951 282437 283513 298141 266396 

221341 275856 216120 242345 279878 256752 259764 220147 
262154 362171 277522 284951 282437 283513 298141 266396 

221341 275856 216120 242345 240039 256752 259764 220147 
262154 362171 277522 284951 282437 283513 301401 266396 

221341 245727 216120 242345 240039 256752 259764 220147 
262154 353723 277522 284951 282437 283513 301401 266396 

221341 245727 216120 242345 240039 256752 232049 220147 
262154 344129 277522 284951 282437 283513 301401 266396 

221341 245727 216120 242345 240039 259921 232049 220147 
262154 311813 283586 284951 282437 283513 301401 270313 

221341 245727 216120 242345 240039 232182 232049 220147 
262154 308529 283586 284951 282437 283513 301401 270313 

221341 213367 216120 242345 240039 232182 232049 220147 
262154 308108 283586 284951 282437 283513 301401 270313 

247125 247094 210056 247113 247003 246738 247125 247124 
247060 247117 247095 247112 247081 247112 247123 247052 

247125 247094 210056 247113 247003 246738 222152 248462 
247060 247117 247095 247112 247081 247112 259459 247052 

247125 247094 210056 247113 247003 246738 222152 214698 
247060 247117 247095 247112 247081 247112 258373 247052 

217904 247094 210056 247113 247003 246738 222152 221581 
247060 247117 247095 247112 247081 247112 259952 247052 

362429 359771 368480 306200 353946 361265 357962 361274 
345056 362788 361192 367483 357806 360850 363584 345565 

362429 359771 313207 306200 353946 361265 357962 361274 
345056 362788 361192 367632 357806 360850 363584 345565 

363568 320943 313207 306200 355516 361265 357962 361274 
345056 362788 361192 371097 357806 360850 363584 345565 

312780 320943 313207 306200 355516 361265 357962 361274 
345056 362788 361192 372218 357806 360850 363584 345565 

262955 268450 268447 228183 264061 264232 261307 251227 
263021 264913 263293 268282 267345 257886 266238 267774 

262955 238182 268447 228183 264061 264232 261307 251227 
263021 264913 263293 274307 267345 257886 266238 267774 

262955 248022 268447 228183 264061 264232 261307 251227 
263021 264913 263293 289823 267345 257886 266238 267774 

262955 248022 254421 228183 264061 264232 261307 251227 
263021 264913 263293 295249 267345 257886 266238 267774 

262955 248022 254421 228183 264061 243699 261307 251227 
263021 264913 263293 295346 267345 257886 266238 267774 

262955 248022 254421 228183 252107 243699 261307 251227 
263021 264913 263293 296997 267345 257886 266238 267774 

268083 266765 272432 247085 280960 253855 268563 256616 
272337 298557 263293 283368 275706 269600 270056 284635 

268083 266765 272432 247085 238815 253855 268563 256616 
272337 295917 263293 283368 275706 269600 270056 284635 

268083 266765 250061 247085 238815 253855 268563 272101 
272337 306414 263293 283368 275706 269600 270056 284635 

268083 266765 250061 247085 238815 253855 268563 244694 
272337 300606 263293 283368 275706 269600 270056 284635 

268083 266765 250061 247085 238815 253855 249054 244694 
272337 297042 263293 283368 275706 269600 270056 284635 

242908 266765 250061 247085 238815 253855 249054 244694 
272337 294272 263293 283368 275706 269600 270056 284635 

242908 266765 250061 247085 238815 253855 249054 244694 
272337 294272 263293 283368 275706 269600 270056 284635 

259040 232242 258197 257029 249035 260616 256855 249346 
273403 270594 265157 269965 270760 269600 272653 271193 

259040 232242 258197 257029 249035 225950 256855 249346 
270328 270594 265157 269965 270760 269600 270323 270247 

261453 260661 261754 222755 259222 261556 261150 260725 
261508 262037 261604 261706 261039 261952 261697 260274 

125953 125942 125923 107064 125945 125929 125935 125938 
125756 125959 125929 125956 125805 125945 125959 125959 

107059 125942 125923 107064 125945 125929 125935 125938 
125756 125959 125929 125956 125805 125945 125957 125959 

107059 125942 125923 165317 364562 125929 125935 125938 
125756 147315 160221 125956 125805 190968 125957 397308 

107059 125942 125923 165317 334592 125929 125935 125938 
125756 147315 160221 125956 125805 190968 125957 403135 

107059 125942 125923 165317 334592 125929 125935 125938 
125756 147315 160221 125956 125805 190968 125957 403135 

107059 125942 125923 165317 308461 125929 125935 125938 
125756 147315 160221 125956 125805 190968 125957 402795 

107059 125942 125923 165317 293826 125929 125935 125938 
125756 147315 160221 125956 125805 190968 125957 361671 

107059 125942 125923 165317 276448 125929 125935 125938 
125756 147315 160221 125956 125805 190968 125957 349545 

241162 232242 266230 259062 249035 225950 260427 255213 
270370 268677 265157 269965 270648 270162 281417 269706 

214987 232242 271146 259062 249035 225950 260427 255213 
270370 268677 265157 269965 270648 271812 301638 269706 

107059 125942 146735 182691 230246 149876 125935 125938 
145223 169088 160221 125956 151117 220912 125957 271650 

107059 125942 146735 182691 256612 149876 125935 146673 
145223 169088 181809 125956 151117 220912 152700 299302 

261785 243847 250061 249515 238815 253855 258549 250710 
272337 281157 266707 281592 279847 269600 272073 286862 

231630 243847 250061 249515 238815 253855 258549 250710 
272337 281157 266707 280228 279847 269600 272073 280396 

120302 138680 146507 193981 167327 163636 155974 179505 
156906 184020 185200 125956 158095 195440 178315 196817 

120302 138680 146507 176133 167327 163636 155974 179505 
156906 184020 185200 125956 158095 195440 178315 200891 

120302 138680 146507 176133 167327 168152 155974 192198 
156906 184020 185815 125956 158095 192240 178315 190350 

102590 138680 146507 176133 167327 168152 155974 192198 
156906 184020 185815 125956 158095 187449 178315 190350 

239060 243847 256605 249515 245790 263708 246318 258068 
272337 280383 278038 280228 279847 269600 276752 289678 

210701 243847 256605 249515 245790 263708 246318 258068 
272337 280383 278038 280228 279847 269600 276752 286585 

249713 243847 256605 249515 245790 239272 246318 261391 
272900 276943 280788 276928 276946 270450 276698 276930 

210701 252107 256605 249515 245790 252186 246318 258068 
272337 279273 279707 280384 296707 274939 276752 281503 

210701 252107 256605 249515 245790 252186 246318 235877 
272337 279273 279707 280384 289390 274939 276752 281503 

210701 252107 245987 249515 245790 252186 246318 235877 
272337 279273 279707 280384 297788 274939 276752 281503 

210701 252107 245987 249515 245790 221858 246318 235877 
272337 279273 279707 280384 295447 274939 276752 281503 

210701 252107 245987 249515 245790 221858 246318 235877 
272337 279273 279707 280384 295447 274939 276752 281503 

210701 279681 245987 249515 245790 202322 251392 242361 
273950 273456 278542 273412 278967 267693 276752 278778 

302175 288905 268855 306114 297284 294461 310637 305816 
304787 299952 293572 304037 297769 294325 306620 316356 

302175 288905 268855 270196 297284 294461 310637 305816 
304787 299952 293572 304037 297769 294325 306620 320819 

270554 287109 286450 283864 237010 272009 267856 271814 
282724 283329 286703 282502 283898 282969 283667 285468 

270554 253042 286450 283864 237010 272009 267856 271814 
282724 283329 295763 282502 283898 282969 283667 285468 

270554 253042 272288 283864 237010 272009 267856 271814 
282724 283329 305643 282502 283898 282969 283667 293134 

270554 253042 272288 257972 237010 272009 267856 271814 
282724 283329 307883 282502 283898 282969 283667 294688 

270554 253042 244668 257972 237010 272009 267856 271814 
282724 283329 303167 282502 283898 282969 283667 295890 

270554 253042 244668 257972 237010 277103 267856 271814 
282724 283329 319606 282502 283898 291100 291276 295890 

270554 262882 252395 263901 250633 263585 267856 271814 
282724 283329 309358 282502 283898 298196 292906 292718 

270554 262882 252395 263901 250633 263585 267856 246041 
282724 283329 306726 282502 283898 298196 292906 292718 

260643 252519 266828 255567 253885 262353 255144 230101 
269983 270267 269638 270838 268537 269816 269206 270970 

260643 252519 256749 255567 253885 262353 255144 230101 
269983 270267 269638 277069 268537 269816 269206 302683 

260643 252519 256749 255567 253885 242648 255144 230101 
269983 270267 269638 277999 268537 269816 269206 296053 

221546 252519 256749 255567 253885 259919 255144 230101 
269983 270267 269638 277999 268537 269816 269206 295407 

221546 252519 256749 255567 253885 259919 255144 230101 
269983 270267 269638 277999 268537 269816 269206 295407 

221546 252519 256749 255567 253885 242906 255144 230101 
269983 270267 269638 278610 268537 269816 269206 293244 

221546 252519 256749 255567 253885 215845 255144 230101 
269983 270267 269638 278610 268537 269816 269206 293193 

221546 252519 222546 255567 253885 227823 255144 230101 
269983 270267 269638 278610 268537 269816 269206 280175 

221546 262773 249242 312375 265278 227823 274346 230101 
269983 278134 269638 279207 290952 269816 269206 368915 

221546 262773 249242 350425 265278 227823 317475 254185 
269983 304430 269638 279207 290952 269816 269206 413677 

221546 262773 249242 307040 265278 227823 317475 254185 
269983 304430 269638 291939 290952 282890 284277 381667 

273983 273253 249837 274373 266334 274516 270983 273901 
283600 271832 270464 271455 267705 281617 271528 272511 

239068 279893 278941 280234 279540 280942 281024 278525 
280218 281120 278956 281239 281258 279330 279194 281220 

271733 271021 271492 271846 271467 271748 271843 231072 
271782 271793 271854 271818 271812 271793 271389 271410 

271733 271021 271492 242161 271467 271748 271843 231072 
271782 271793 298056 272271 271812 271793 271389 271410 

275044 275035 264875 275052 271931 274180 233807 274330 
274882 275067 273346 273561 270833 274848 273794 274347 

271733 271021 271492 242161 271467 271748 252706 231072 
275165 275100 300241 272271 274999 278419 271389 271410 

275044 275035 264875 275299 271931 274180 248199 274330 
276064 302816 284339 273561 272919 278913 273794 274347 

271733 271021 271492 242161 271467 240483 252706 231072 
275165 275100 313135 272271 274999 278419 271389 271410 

221546 262773 249242 307040 265278 227823 327126 254185 
307106 304430 269638 291939 290952 282890 284277 381667 

221546 262773 249242 307040 265278 227823 285557 254185 
307106 304430 269638 291939 290952 282890 284277 377985 

221546 262773 249242 261866 265278 227823 285557 254185 
307106 304430 269638 291939 290952 282890 284277 370343 

221546 262773 249242 261866 265278 227823 257723 254185 
307106 304430 269638 291939 290952 282890 284277 360625 

221546 262773 249242 261866 230486 227823 257723 254185 
307106 304430 269638 291939 290952 282890 284277 352322 

221546 233357 249242 261866 230486 227823 257723 254185 
307106 304430 269638 291939 290952 282890 284277 344889 

221546 233357 249242 233836 230486 227823 257723 254185 
307106 304430 269638 291939 290952 282890 284277 336935 

221546 233357 249242 233836 230486 227823 268663 254185 
307106 304430 269638 291939 290952 287527 284277 318616 

221546 233357 249242 233836 230486 227823 239613 254185 
307106 304430 269638 291939 290952 287527 284277 315623 

221546 233357 249242 233836 230486 227823 239613 221414 
307106 304430 269638 291939 290952 287527 284277 313907 

303158 257906 303375 303386 303378 303397 303379 303400 
303132 303038 303394 303194 303227 303418 303134 303416 

303158 257906 303375 303386 303378 303397 303379 283030 
303132 303038 303394 303194 303227 323272 303134 303416 

303158 257906 303375 303386 303378 263491 303379 283030 
303132 303038 303394 303194 303227 319351 303134 303416 

303158 257906 303375 267321 303378 263491 303379 283030 
303132 303038 303394 303194 303227 325511 303134 303416 

287296 288045 250655 287456 288729 282430 284822 286760 
288404 289652 290502 289962 290205 284664 294517 288395 

287296 288045 250655 287456 288729 282430 284822 286760 
288404 289652 290502 289962 290205 284664 294517 288395 

287296 288045 250655 287456 247477 282430 284822 286760 
288404 289652 290502 289962 290205 285181 295063 288395 

287296 249168 250655 287456 247477 282430 284822 286760 
288404 289652 290502 289962 290205 285181 296429 288395 

287296 249168 250655 254748 247477 282430 284822 286760 
288404 289652 290502 289962 290205 285181 302875 289855 

254201 249168 250655 254748 247477 282430 284822 286760 
288404 289652 290502 289962 290205 285181 306538 289855 

252021 283450 289200 286058 246099 283213 285003 282010 
284428 285316 281341 283604 281155 285270 285056 289404 

252021 283450 255195 286058 246099 283213 285003 282010 
284428 285316 281341 283604 281155 285270 285056 296873 

252021 283450 255195 303239 246099 283213 285003 282010 
284428 295097 281341 283604 281155 285270 285056 351412 

221717 283450 255195 303239 246099 283213 285003 282010 
284428 295097 281341 283604 281155 285270 285056 341003 

270007 275825 262561 260703 265639 284234 292906 251366 
291064 292853 291069 289962 294248 288652 290444 292392 

270007 275825 262561 260703 265639 284234 248969 251366 
291064 292853 291069 289962 294046 288652 290444 292392 

270007 275825 262561 260703 265639 250036 248969 251366 
291064 292853 291069 289962 306074 288652 290444 292392 

270007 246011 262561 260703 265639 250036 248969 251366 
291064 292853 290362 289962 304181 288652 290444 292392 

248685 246011 262561 260703 265639 250036 248969 251366 
291064 292853 292211 289962 300648 288652 290444 292392 

248685 246011 262561 260703 252089 250036 248969 251366 
291064 292853 293218 289962 298949 288652 290444 292392 

248685 246011 262561 260703 252089 250036 248969 251366 
291064 292853 293218 289962 298949 288652 290444 292392 

258647 265135 242606 274569 257456 255938 264830 261507 
281211 284248 282253 280797 277825 283500 283682 283741 

258647 265135 242606 244950 257456 255938 264830 261507 
281211 290475 282253 280797 277825 283500 283682 283741 

312672 265771 312672 312672 312672 312672 312672 312672 
312672 312672 312672 312672 312672 312672 312672 312672 

272571 272556 272525 272518 231696 272411 272521 272523 
272592 272582 272561 272587 272191 272588 272593 272588 

231685 272556 272525 272518 231696 272411 272521 272523 
272592 272582 272561 272587 272191 272588 272589 272588 

231685 268724 272525 272518 231696 272411 272521 272523 
310965 272582 272561 272587 272191 272588 272589 272588 

231685 268724 239146 272518 231696 272411 272521 272523 
309699 272582 272561 272587 272191 272588 272589 272588 

231685 268724 239146 272518 231696 272411 272521 272523 
309699 272582 272561 272587 272191 272588 272589 272588 

231685 268724 239146 272518 231696 272411 272521 244598 
308043 272582 272561 272587 272191 272588 272589 272588 

231685 268724 239146 231639 231696 272411 288175 244598 
291928 272582 272561 272587 272191 272588 272589 272588 

231685 268724 239146 231639 231696 272411 254621 244598 
301939 272582 272561 272587 272191 272588 272589 272588 

258647 248932 249953 250895 265543 260573 264830 271865 
283770 292889 283979 283504 277825 283500 283682 287905 

258647 248932 249953 250895 265543 260573 264830 249910 
283770 313737 283979 283504 277825 283500 283682 287905 

248685 260679 248778 272109 258182 256508 265863 263280 
291064 287665 292640 287039 281241 288601 289449 291649 

248685 260679 248778 237292 258182 256508 265863 263280 
291064 287665 292640 290799 281241 288601 289449 291649 

268489 269435 261210 270563 264175 264605 235906 263280 
276653 276633 276764 276472 277537 276526 276243 277043 

268489 269435 261210 248662 264175 264605 235906 263280 
276653 279019 276764 276472 299418 276526 276243 277043 

268489 298134 261210 268539 264175 264605 251125 275896 
276653 289175 287495 276472 344741 276526 286307 286429 

268489 259663 261210 268539 264175 264605 251125 275896 
276653 289175 287495 276472 345249 276526 286307 286429 

258647 248932 255012 250895 265543 260573 270445 278300 
301616 321301 283979 286795 277825 283500 290241 287905 

258647 248932 255012 250895 265543 260573 270445 236967 
301616 321301 283979 286795 285396 283500 290241 287905 

258647 248932 261365 258502 265543 260573 256246 236967 
301135 294179 285466 286795 286153 283500 290241 287905 

258647 248932 261365 258502 233211 260573 256246 236967 
301135 294179 285466 286795 287561 283500 290241 287905 

275312 259663 269929 277368 264175 268527 258301 291212 
280092 289175 291070 276472 287123 276526 288091 286429 

290174 270276 259095 258502 241048 260573 269597 245054 
290395 300974 290052 290369 287561 286941 294568 287905 

268707 270276 259095 258502 241048 260573 269597 245054 
290395 311794 290052 290369 287561 286941 294568 287905 

268707 265810 259095 258502 241048 260573 269597 245054 
290395 318875 290052 290369 287561 286941 294568 287905 

268707 265810 259095 258502 241048 260573 239157 245054 
290395 317483 290052 290369 287561 286941 294568 287905 

268707 265810 259095 258502 241048 260573 239157 245054 
290395 317483 290052 290369 287561 286941 294568 287905 

246096 272455 271889 263408 248397 260573 239157 251429 
283177 285490 286860 288965 288164 288063 287969 289380 

315957 280128 306078 308839 308838 315593 310065 311432 
311193 308727 308045 308520 310714 324593 310276 316839 

276063 280128 306078 308839 308838 315593 310065 311432 
311193 308727 308045 308520 310714 327797 310276 316839 

295850 270971 283319 298295 257181 295448 291509 279473 
293891 293375 288034 292535 301572 293356 296625 302617 

295850 270971 283319 264800 257181 295448 291509 279473 
293891 293375 288034 292535 301572 293356 296625 306468 

260222 270971 283319 264800 257181 295448 291509 279473 
293891 293375 288034 292535 301572 293356 296625 315375 

260222 270971 283319 264800 257181 264741 291509 279473 
293891 297764 288034 292535 301572 293356 296625 316885 

260222 270971 283319 264800 257181 264741 254996 279473 
293891 297153 288034 292535 301572 293356 296625 317724 

260222 270971 290553 264800 257181 264741 254996 279473 
293891 302514 288034 292535 301572 293356 296625 334718 

260222 270971 290421 271201 269488 264741 272062 297136 
298616 300988 288034 292535 312838 306667 296625 325395 

260222 270971 290421 271201 269488 264741 272062 260065 
298616 300988 288034 292535 312838 306667 296625 324156 

267456 304301 258920 288971 285938 296995 292260 288261 
297816 299265 301882 304564 298291 302798 298604 303056 

274007 268022 258920 288971 285938 296995 292260 288261 
297816 299265 301882 304564 300753 302798 312374 303056 

274007 268022 258920 288971 285938 261882 292260 288261 
297816 299265 301882 304564 300753 302798 312628 303056 

274007 268022 258920 288971 285938 261882 259521 288261 
297816 299265 301882 304564 300753 302798 320409 303056 

274007 268022 258920 288971 285938 261882 259521 288261 
297816 299265 301882 304564 300753 302798 320409 303056 

274007 268022 258920 282514 285938 261882 259521 288261 
297816 299265 301882 304564 300753 302798 325302 303056 

274007 268022 258920 282514 285938 261882 259521 254021 
297816 299265 301882 304564 300753 302798 328745 303056 

274007 268022 258920 282514 253547 261882 259521 254021 
297816 299265 301882 304564 300753 302798 317318 303056 

280104 268022 258920 299790 277249 261882 259521 254021 
306570 299265 301882 304564 304621 302798 342657 303056 

280104 268022 285191 313668 287972 261882 259521 254021 
306570 308349 332945 318325 311170 309666 367470 303056 

280104 268022 285191 298680 287972 261882 292033 254021 
306570 308349 332945 318325 311170 309666 348102 303056 

288500 288719 290573 289360 288357 290186 289261 248020 
288428 288729 291789 290967 288785 289334 288992 288413 

245423 284643 281619 283282 277135 283065 284634 288531 
287956 287638 288082 286692 287555 288483 287271 288179 

291934 292345 291829 291952 291693 292464 254081 279500 
292150 292086 291199 292674 298493 293002 290675 290205 

291934 259393 291829 291952 291693 301329 254081 279500 
292150 292086 291199 292674 315553 293002 290675 290205 

291934 273651 291829 291952 330828 356497 278003 279500 
299526 314514 316946 325862 420715 293002 290675 322355 

291934 290425 306298 291952 330828 338586 278003 279500 
299526 314514 316946 337674 393865 293002 290675 322355 

291934 290425 306298 291952 330828 299234 278003 279500 
299526 314514 316946 337674 397118 293002 290675 322355 

317850 317850 317850 317851 317850 317851 317850 270172 
317851 317850 317850 317850 317851 317850 317850 317850 

280104 268022 285191 309503 287972 261882 292033 254021 
306570 308349 332945 318325 311170 309666 370688 303056 

280104 268022 285191 269077 287972 261882 292033 254021 
306570 308349 332945 318325 311170 309666 367510 303056 

280104 268022 285191 269077 287972 261882 249110 254021 
306570 308349 332945 318325 311170 309666 359188 303056 

280104 268022 285191 269077 252276 261882 249110 254021 
306570 308349 332945 318325 311170 309666 351505 303056 

280104 268022 244198 269077 252276 261882 249110 254021 
306570 308349 332945 318325 311170 309666 349057 303056 

249338 268022 244198 269077 252276 261882 249110 254021 
306570 308349 332945 318325 311170 309666 343214 303056 

249338 268022 244198 238715 252276 261882 249110 254021 
306570 308349 332945 318325 311170 309666 338093 303056 

249338 279838 244198 238715 252276 261882 249110 254021 
309787 310003 330771 319624 311170 309666 330283 303056 

249338 247862 244198 238715 252276 261882 249110 254021 
309787 310003 329131 319624 311170 309666 330283 303056 

249338 247862 244198 238715 252276 262603 249110 254021 
309787 310003 329131 319624 311170 309666 348825 303056 

314022 314022 314022 314022 314022 266919 314022 314022 
314023 314023 314023 314023 314023 314023 314023 314023 

314021 314022 273676 314022 314022 281484 314022 314022 
314023 317764 314023 314023 314022 314023 314023 309957 

314021 314022 273676 269387 314022 281484 314022 314022 
314023 319232 314023 314023 314022 314023 314023 309957 

314021 314022 273676 269387 275004 281484 314022 314022 
314023 326863 314023 314023 314022 314023 314023 309957 

343020 347118 347812 296739 343040 345616 348414 343378 
346750 349506 344923 342348 340802 343945 349513 345343 

343020 347118 347812 296739 343040 345616 296151 343378 
346750 349506 344923 342348 340802 343945 349347 345343 

279426 249736 286609 284895 281600 286576 288585 288397 
293717 286249 287770 286982 287600 286979 287471 286843 

279426 249736 286609 284895 281600 286576 247721 288397 
295947 286249 287770 286982 288175 286979 287471 286843 

279426 249736 286609 284895 281600 286576 247721 269948 
314598 286249 287770 286982 293828 286979 287471 286843 

279426 249736 248617 284895 281600 286576 247721 269948 
313399 286249 287770 286982 293828 286979 287471 286843 

343020 347118 298591 296739 345829 345616 304091 343378 
346750 341190 352555 342348 340802 343945 349042 345343 

343020 305050 298591 296739 345829 345616 304091 343378 
346750 341190 357739 342348 340802 343945 349042 345343 

343020 305050 298591 296739 322236 345616 304091 343378 
346750 341190 377372 342348 340802 343945 349042 345343 

343020 305050 298591 296739 322236 301273 304091 343378 
346750 341190 377108 342348 340802 343945 349042 345343 

287089 256537 266203 288108 284301 248325 266266 273681 
292416 289185 290352 290787 290483 288161 288930 287618 

287089 256537 266203 244891 284301 248325 266266 273681 
291769 289185 290352 290787 290483 288161 288930 287618 

252463 256537 266203 244891 284301 248325 266266 273681 
304567 289185 290352 290787 290483 288161 288930 287618 

252463 256537 266203 244891 257932 248325 266266 273681 
314955 289185 290352 290787 290483 288161 288930 287618 

252463 256537 266203 244891 257932 248325 266266 255258 
307132 289185 290352 290787 290483 288161 288930 287618 

252463 256537 266203 244891 257932 248325 244635 255258 
304690 289185 290352 290787 290483 288161 288930 287618 

293710 293711 293711 293711 293710 249654 293711 293711 
293711 293711 293711 293711 293712 293711 293711 293711 

293710 293711 293711 293711 293710 249654 293711 293711 
293711 293711 293711 293711 293712 293711 293711 293711 

287899 288362 286882 286136 247089 288122 286498 288486 
288084 286138 288146 288087 288004 286350 290643 286756 

287899 288362 286882 286136 247089 288122 286498 257904 
288084 286138 288146 288087 288929 286350 304007 287820 

252463 261608 247255 244891 271972 254648 257420 261714 
287655 289904 290906 285760 286940 287373 285818 286165 

258242 261608 247255 244891 261360 254648 263822 265941 
287655 306080 289368 285760 286940 287373 288733 286165 

253088 293701 293334 293702 293702 270915 293941 294233 
300307 291582 291332 290773 293996 293706 290472 293795 

253088 293701 293334 293702 293702 270915 293941 250097 
299395 291582 291332 290773 293996 293706 290472 293795 

253088 293701 293334 293702 293702 270915 254586 250097 
316576 291582 291332 290773 293996 293706 290472 293795 

253088 293701 293334 260896 293702 270915 254586 250097 
317644 291582 291332 290773 293996 293706 290472 293795 

253088 293701 293334 260896 293702 270915 254586 250097 
317644 291582 291332 290773 293996 293706 290472 293795 

253088 293701 293334 260896 271083 270915 254586 250097 
330615 291582 291332 290773 293996 293706 290472 293795 

253088 264084 293334 260896 271083 270915 254586 250097 
315299 291582 291332 290773 293996 293706 290472 293795 

253088 264084 254990 260896 271083 287157 262391 250097 
305630 291582 291332 290773 293996 293706 290472 293795 

353968 355890 356965 350422 308936 346566 347926 353615 
368663 355115 350021 349207 349352 351721 346303 352673 

353968 355890 319618 350422 308936 346566 347926 353615 
390695 355115 350021 349207 349352 351721 346303 352673 

267577 264084 254990 260896 279940 263332 268566 259024 
310196 291582 291332 290773 300676 293706 290472 295725 

267577 264084 254990 260896 243574 263332 268566 259024 
310157 291582 291332 290773 300676 293706 290472 295725 

278489 270538 268521 275410 264971 275163 240378 278883 
281436 282473 281694 280028 280084 281686 282674 280271 

278489 270538 268521 275410 269683 275163 240378 245978 
281436 282473 281694 290980 280084 281686 282674 280271 

251547 270538 268521 275410 272184 277619 257453 260268 
285961 282473 281694 291386 285166 281686 282421 280271 

251547 270538 268521 275410 272184 249150 257453 260268 
285961 282473 281694 299820 285166 281686 286540 280271 

264251 273095 268521 288269 274902 249150 257453 260268 
285961 282473 281694 285508 285166 282052 287942 280271 

264251 273095 268521 257549 274902 249150 257453 260268 
285961 282473 281694 285508 285166 282052 299132 280271 

267506 275176 271334 261742 247498 249150 257453 260268 
282328 282473 282387 287863 285166 282836 283837 280271 

267506 249914 271334 261742 247498 249150 257453 260268 
282328 282473 282387 293944 285166 282836 283837 280271 

269678 255774 257868 269197 257873 249150 262290 260268 
283427 282473 282387 303284 287467 279671 281019 280271 

336107 394246 368831 386567 379154 391305 380339 376907 
394800 392141 391802 393884 393575 387212 393530 388049 

336107 348385 368831 386567 379154 391305 380339 376907 
406938 392141 391802 393884 393575 387212 393530 388049 

336107 348385 368831 386567 379154 359222 380339 376907 
425978 392141 391802 393884 393575 387212 393530 388049 

336107 348385 368831 338581 379154 359222 380339 376907 
426066 392141 391802 393884 393575 387212 393530 388049 

336107 348385 368831 338581 379154 359222 380339 376907 
426066 392141 391802 393884 393575 387212 393530 388049 

344946 354914 380505 338581 380992 368732 333050 383743 
384152 391148 390802 390240 390483 389986 389925 388049 

383135 378657 389950 338581 388275 375301 388531 348116 
405097 405414 396559 404645 405350 401961 402903 408309 

383135 378657 342707 338581 388275 375301 388531 348116 
405097 405414 396559 404645 405350 401961 402903 410055 

280607 280634 280560 280599 280638 280610 280588 238542 
280570 280628 280634 280638 280623 280447 280621 280494 

280607 280634 280560 280599 247542 280610 280588 238542 
280570 280628 280634 289638 280623 280447 280621 280494 

280607 269586 280560 280599 247542 280610 280588 238542 
280570 280628 280634 304740 280623 280447 280621 280494 

280607 269586 280560 280599 247542 254147 280588 238542 
280570 280628 280634 303991 280623 280447 280621 280494 

246770 269586 280560 280599 247542 254147 280588 238542 
280570 280628 280634 302893 280623 280447 280621 280494 

246770 269586 280560 261503 247542 254147 280588 238542 
280570 280628 280634 313553 280623 280447 280621 280494 

246770 269586 280560 261503 247542 254147 271300 247056 
280570 289061 280634 318520 280623 280447 286492 280494 

246770 269586 245976 261503 247542 254147 271300 247056 
280570 289061 280634 315826 280623 280447 286492 280494 

236166 273605 276865 277820 277836 271540 277245 274652 
277671 277243 277620 277304 277284 277804 277635 277707 

277514 235332 278097 279906 276452 276231 277599 288310 
277530 278237 283382 278041 278473 277245 277856 277344 

235886 235332 279438 279906 276452 276231 277599 297755 
277530 278237 294024 278041 278473 277245 277856 277344 

200502 235332 290759 279906 276452 276231 277599 307549 
277530 278237 297184 278041 278473 277245 277856 277344 

321024 321018 321027 321027 321018 321027 320985 272872 
320951 321027 321027 321027 321027 321027 321011 321027 

321024 321018 272872 330102 321018 321027 320985 272872 
320951 329951 321027 321027 321027 321027 321011 321027 

321024 321018 272872 330102 321018 321027 320985 272872 
320951 329951 321027 321027 321027 321027 321011 321027 

321024 321018 289542 294510 321018 321027 320985 272872 
320951 343876 321027 321027 321027 321027 321011 321027 

321024 321018 289542 294510 321018 281872 320985 272872 
320951 349448 321027 321027 321027 321027 321011 321027 

283200 321018 289542 294510 321018 281872 320985 272872 
320951 342562 321027 321027 321027 321027 321011 321027 

329578 321018 297016 311293 321018 309067 320985 303591 
327251 363793 321027 321027 321027 326106 321011 321027 

318595 327376 308096 319229 321018 309067 329308 303591 
327251 375308 321027 328045 321027 335171 321011 335866 

325443 327376 329598 319229 321018 309067 316356 303591 
327251 366603 321027 328045 321027 335171 321011 342108 

393285 393287 393287 393233 393287 393195 334293 393286 
393287 393195 393270 393287 393254 393287 393287 393287 

335997 395355 395224 395525 394657 395204 383157 395339 
395545 393632 393423 394576 392804 393508 392619 390256 

325443 327376 338838 319229 321018 309067 316356 303591 
327251 391052 321027 328045 321027 335171 321011 342108 

325443 327376 312719 319229 321018 309067 316356 303591 
327251 389549 321027 328045 321027 335171 321011 342108 

325443 454468 338308 319229 321018 332751 271986 303591 
327251 437836 321027 344513 321027 379006 344176 379268 

343025 395063 338308 319229 321018 332751 271986 303591 
327251 445978 321027 344513 342397 379006 344176 379268 

343025 360104 338308 319229 337888 332751 271986 303591 
327251 443715 321027 344513 342397 379006 344176 379268 

369609 396694 395590 396186 395973 395975 389689 337896 
392715 397479 395203 392644 390877 393404 395649 391597 

417964 415789 417500 416303 412474 416594 359648 414826 
414449 417453 423159 417791 415625 417512 418116 419443 

361519 415789 417500 416303 412474 416594 359648 414826 
414449 417453 429879 417791 415625 417512 418116 419443 

361519 415789 355740 416303 412474 416594 359648 414826 
414449 417453 432522 417791 415625 417512 418116 419443 

361519 415789 355740 416303 412474 369104 359648 414826 
414449 417453 433132 417791 415625 417512 418116 419443 

361519 415789 355740 355732 412474 369104 359648 414826 
414449 417453 435107 417791 415625 417512 418116 419443 

364754 364754 365137 364754 315263 364755 364754 364754 
364755 369647 364755 364755 364755 364755 364755 364755 

364754 364754 321616 364754 315263 364755 364754 364754 
364755 373470 364755 364755 364755 364755 364755 364755 

364754 364754 321616 364754 315263 321291 364754 364754 
364755 376662 364755 364755 364755 364755 364755 364755 

364754 364754 321616 364754 315263 321291 364754 335718 
364755 394689 364755 364755 364755 364755 364755 364755 

320040 364754 321616 364754 315263 321291 364754 335718 
364755 396198 364755 364755 364755 364755 364755 364755 

320040 364754 321616 312853 315263 321291 364754 335718 
364755 395981 364755 364755 364755 364755 364755 364755 

357316 357357 356885 303757 357315 357325 357352 357138 
357140 357362 357197 357354 357339 357320 357297 357362 

