0 0 0 0 0 0 0 0 
0 0 0 0 0 0 0 0 

0 733 0 0 0 0 0 0 
766 0 0 0 0 0 0 0 

0 965 0 0 0 0 0 0 
847 0 0 0 0 0 0 0 

0 177 0 0 0 0 0 0 
272 0 0 0 0 0 0 0 

0 919 0 0 0 0 0 0 
1064 0 0 0 0 0 0 0 

0 1781 0 0 0 0 0 0 
1642 0 0 0 0 0 0 0 

0 1513 0 0 0 0 0 0 
1662 0 0 0 0 0 0 0 

0 3589 0 0 0 0 0 0 
3855 0 0 0 0 0 0 0 

0 3050 0 0 0 0 0 0 
3815 0 0 0 0 0 0 0 

0 2471 0 0 0 0 0 0 
3108 0 0 0 0 0 0 0 

0 4049 0 0 0 0 0 0 
4463 0 0 0 0 0 0 0 

0 3441 0 0 0 0 0 0 
4400 0 0 0 0 0 0 0 

0 4123 0 0 0 0 0 0 
4870 0 0 0 0 0 0 0 

0 3360 0 0 0 0 0 0 
4720 0 0 0 0 0 0 0 

0 4123 0 0 0 0 0 0 
4870 0 0 0 0 0 0 0 

0 6055 0 0 0 0 0 0 
6782 0 0 0 0 0 0 0 

0 5681 0 0 0 0 0 0 
6813 0 0 0 0 0 0 0 

0 1589 0 0 0 0 0 0 
2002 0 0 0 0 0 0 0 

247 1608 537 0 1213 718 684 652 
1846 689 1134 991 562 466 1119 648 

247 1366 537 0 1213 718 684 652 
1810 689 1134 991 562 466 1119 648 

247 4379 537 0 1213 718 684 1345 
5742 689 1134 2097 562 466 1119 648 

247 4379 537 0 1213 718 684 2143 
5682 689 1134 2097 562 466 1119 648 

247 4379 537 0 1213 718 684 2143 
5682 689 1134 2097 562 466 1119 648 

247 3722 537 0 1213 718 684 2886 
5901 689 1134 2439 562 466 1119 648 

247 3841 537 0 1213 718 684 2985 
5071 689 1134 2631 562 466 1119 648 

247 3784 537 0 1213 718 684 3574 
5138 689 1134 2812 562 466 1119 648 

0 3723 1800 0 0 0 616 1854 
4363 1683 0 627 1376 1010 0 887 

0 4384 1800 0 0 0 616 2513 
6185 1683 0 627 1376 1010 0 887 

0 1255 1361 0 223 255 949 1412 
1598 1161 352 780 1270 1082 1094 1358 

0 1255 1361 0 639 936 949 1412 
2435 1161 352 780 1270 1082 1094 1358 

247 4625 537 796 1763 718 684 4199 
5416 689 1860 3927 1242 2084 1687 648 

743 970 1141 582 1072 1139 1097 1141 
1068 1122 602 1059 1141 1086 1077 1087 

247 5047 537 1227 1763 1446 684 4199 
5776 689 1860 3927 1242 2084 3343 648 

247 5289 537 1227 1763 1446 684 4199 
6266 689 1860 3927 1242 2084 3343 648 

743 2898 6263 582 1072 1987 2450 2004 
1068 3042 602 1059 7042 2189 1077 1087 

743 2898 6458 582 1072 1987 2450 2004 
1068 3042 602 1059 7548 2189 2604 1087 

247 4500 537 1227 1763 1446 1289 4433 
4914 1354 1860 3927 1242 2515 3343 648 

247 5265 537 1227 1763 1446 1289 4433 
5273 1354 1860 3927 1242 2515 3966 648 

1403 3351 5038 1273 1072 2644 2450 2004 
1757 3042 602 1846 5483 2189 3482 1087 

990 4862 537 2285 3043 1937 1289 5061 
4630 2312 2406 4172 1242 2515 5592 1410 

990 4862 537 2285 3043 1937 1289 5121 
4630 2312 2406 4172 1242 2515 6192 1410 

990 4862 537 2285 3043 1937 1289 5770 
4630 2312 2406 4172 1242 2515 7420 1410 

990 4862 537 2285 3043 1937 1289 5904 
4630 2312 2406 4172 1242 2515 7772 1410 

990 4862 537 2285 3043 1937 1289 6518 
4630 2312 2406 4172 1242 2515 7791 1410 

990 5338 537 2815 3043 1937 2319 4552 
5134 2312 2406 4733 1242 3111 4812 2000 

2881 3556 3772 4030 3925 3033 4115 4095 
4200 3345 2892 3970 2462 4123 4033 3926 

2881 3556 3772 4030 3925 3033 4622 4095 
4637 3345 2892 3970 2462 4123 4033 3926 

3858 5646 3411 5934 5315 4315 3383 5711 
5768 5464 5777 5721 5472 5497 6767 5319 

3858 5646 3411 6543 5315 4315 3383 5711 
5768 5464 5777 5721 5841 5497 6767 5319 

3858 5646 3411 8467 5315 4315 3383 5711 
5768 5464 5777 5721 5841 5497 8240 5319 

3858 5646 3411 9767 5315 4315 3383 5711 
5768 5464 5777 5721 5841 5497 9353 5319 

3858 5646 3411 8702 5315 4315 3383 5711 
5768 5464 5777 5721 5841 5497 10334 5319 

3858 5646 3411 10768 5315 4315 3383 5711 
5768 5464 5777 5721 5841 5497 11629 5319 

3858 5646 3411 10838 5315 5400 3383 5711 
5768 6347 6718 7066 5841 5497 11907 5319 

3858 5646 3411 10712 5315 5400 3383 5711 
5768 6347 6718 7066 5841 5497 12046 5319 

2543 3196 3200 2913 2807 2727 2410 3201 
3177 3098 2600 2920 3126 2533 3202 2406 

2543 3406 3200 2476 2807 2727 2410 4660 
3177 3098 2600 2920 3126 2533 4346 3001 

2543 3406 3200 2476 2807 2727 2410 5493 
3177 3098 2600 2920 3126 2533 6379 3001 

2543 3406 3200 2476 2807 2727 2410 5642 
3177 3098 2600 2920 3126 2533 7197 3001 

2543 3406 3200 2476 2807 2727 2410 5642 
3177 3098 2600 2920 3126 2533 7197 3001 

2543 3406 3200 2476 2807 2727 2410 6259 
3177 3098 2600 2920 3126 2533 7694 3001 

2543 3406 3200 2476 2807 2727 2410 6220 
3177 3098 2600 2920 3126 2533 8378 3001 

2543 3406 3200 2476 2807 2727 2410 5811 
3177 3098 2600 2920 3126 2533 7904 3001 

1796 2511 2069 1209 1922 1803 1155 2700 
2402 1965 3205 1512 1736 1010 588 1614 

2543 3406 4577 3715 2807 3861 2410 10714 
3177 3098 5320 2920 3126 2533 11961 4191 

2543 3406 4577 4839 2807 3861 2410 10488 
3177 3098 5320 4108 4181 2533 12347 5198 

3372 2511 4263 1899 1922 2899 2592 9047 
3377 1965 9193 4777 2705 1010 2251 2412 

6512 6466 6159 6517 6515 5540 6514 6508 
6495 6512 6490 6467 6517 6496 6420 6518 

933 800 932 891 873 919 848 870 
859 889 852 886 859 892 945 928 

933 800 932 891 873 919 848 1958 
859 889 852 886 859 892 2818 928 

933 1518 932 891 1523 919 848 3593 
859 1736 852 1826 1484 892 4234 928 

1497 1941 932 2097 1523 1533 848 5259 
1517 1736 1491 1826 1484 892 5761 928 

1497 2249 932 2097 1523 1533 848 6955 
1517 1736 1491 1826 1484 892 7334 928 

3946 3209 3932 3313 3923 3902 3928 3913 
3871 3512 3947 3876 3939 3478 3895 3804 

2543 3406 4577 4839 2807 3861 2410 11024 
3177 3098 5320 4108 4181 2533 12137 5198 

2543 3406 4577 4839 2807 3861 2410 10598 
3177 3098 5320 4108 4181 2533 12617 5198 

2543 3406 4577 4839 2807 3861 2410 9096 
3177 3098 5320 4108 4181 2533 12614 5198 

2543 3406 4577 4839 2807 3861 2410 8856 
3177 3098 5320 4108 4181 2533 12536 5198 

2543 3406 4577 4839 2807 3861 2410 7840 
3177 3098 5320 4108 4181 2533 12734 5198 

2543 3406 4577 4839 2807 3861 2410 7789 
3177 3098 5320 4108 4181 2533 12449 5198 

2543 3406 4577 4839 2807 3861 2410 7745 
3177 3098 5320 4108 4181 2533 12200 5198 

2543 3406 4577 4839 2807 3861 2410 9096 
4305 3098 5320 4108 4181 2533 11924 5198 

2543 3406 4577 4839 2807 3861 2410 8856 
4305 3098 5320 4108 4181 2533 11949 5198 

2543 3406 4577 4839 2807 3861 2410 9382 
4305 3098 5320 4108 4181 2533 13625 5198 

4282 4282 4282 4282 4282 3639 4282 4282 
4282 4282 4282 4282 4282 4282 4282 4282 

4282 4351 4282 4282 4282 3639 4282 4282 
4282 4282 4282 5069 4282 4282 4282 4282 

4282 4021 4282 4282 4282 3639 4282 4282 
4282 4282 4282 5104 4282 4282 4282 4282 

4282 4021 4538 4282 4282 3639 4282 4282 
4282 4282 4282 6181 4282 4282 4282 4282 

8164 8069 7672 7646 6262 8015 7698 7535 
8152 7736 8943 8097 7769 7745 8148 8265 

6939 8069 7672 7646 6262 8015 7698 7535 
8152 7736 8826 8097 7769 7745 8148 8265 

6896 6734 6159 6235 7025 6030 6621 7063 
6651 6641 6761 7314 7046 6889 7130 6619 

6896 6734 6159 6235 7025 6030 6621 6324 
6651 6641 6761 7555 7046 6889 7130 6619 

6896 6734 6159 6235 6612 6030 6621 6324 
6651 6641 6761 8052 7046 6889 7130 6619 

6861 6734 6159 6235 6612 6030 6621 6324 
6651 6641 6761 8478 7046 6889 7130 6619 

6939 7238 7672 7646 6262 8015 7698 7535 
8152 7916 8588 8097 7769 7745 8148 8265 

6939 7238 7672 7646 6262 7812 7698 7535 
8152 7916 9102 8097 7769 7745 8148 8265 

6939 7238 8269 7646 6262 12845 7698 7535 
8152 7916 14497 8097 7769 7745 8148 8265 

6939 7238 8269 7646 6262 11668 7698 7535 
8152 7916 14849 8097 7769 7745 8148 8265 

2750 3305 3955 6449 4944 3875 4384 2965 
3449 6597 3248 3542 4235 3353 4269 4716 

2750 3305 3955 5481 4944 3875 4384 2965 
3449 6574 3248 3542 4235 3353 4269 4716 

2750 3305 3955 5502 4944 3875 4384 2965 
3449 7760 3248 3542 4235 3353 4269 4716 

2750 3305 3955 5154 4944 3875 4384 2965 
3449 7855 3248 3542 4235 3353 4482 4716 

2750 3305 3955 5176 4944 3875 4384 2965 
3449 7823 3248 3542 4235 3763 4702 4716 

2750 3305 3955 6478 4944 3875 4384 2965 
3449 8820 3248 3542 4235 3763 5465 4716 

2750 3305 3955 6478 4944 3875 4384 2965 
3449 8820 3248 3542 4235 3763 5465 4716 

7557 7569 6723 6655 7260 6477 6476 6665 
7204 7391 7466 7619 7540 6995 7516 7334 

7557 6949 6723 6655 7260 6477 6695 6665 
7204 7391 7466 7976 7540 6995 7516 7334 

2750 4503 4424 5167 4438 4478 4750 4302 
4273 5248 3837 4342 4889 4185 5224 4776 

10387 6949 6723 6655 6171 6477 7908 6665 
8702 7391 7830 9693 7540 7349 7516 7687 

8828 6949 6723 6655 6171 6477 7908 6665 
8702 7391 7830 9797 7540 7349 7516 7687 

8630 6949 6723 6655 6171 6477 7908 6665 
8702 7391 7830 11385 7540 7349 7516 7687 

8335 6949 6723 6655 6171 6477 7908 6665 
8702 7391 7830 11571 7540 7349 7516 7687 

8335 6949 6723 6655 6171 6477 7908 6665 
8702 7391 7830 11571 7540 7349 7516 7687 

7834 6949 6723 6655 6171 6477 7908 6665 
8702 7391 7830 11685 7540 7349 7516 7687 

7834 6949 7321 6655 6171 6477 7923 6665 
8702 7391 7830 9805 7540 7349 7516 7687 

7834 6949 7754 6655 6171 6477 7882 6665 
8702 7391 7830 9807 7540 7349 7516 7687 

5376 5395 4589 5382 5396 5362 5392 5349 
5377 5399 5399 5383 5369 5391 5305 5399 

5376 5395 4589 5382 4886 5362 5392 5349 
7179 5399 5399 5383 5369 5391 5305 5399 

7834 6949 7754 6655 6784 6959 9321 6665 
9029 7999 8254 10863 8029 7349 7516 7687 

7834 6949 7754 6655 6784 6959 8297 6665 
9029 7999 8254 11081 8029 7349 7516 7687 

6754 7457 7870 7455 7714 7713 7943 7395 
7863 7911 7879 7937 7906 7943 7834 7931 

6754 7457 7870 7455 7714 7713 7194 7395 
7863 7911 7879 7937 7906 8611 7834 7931 

6754 7457 10644 9556 7714 7713 8000 7395 
8532 9952 8784 10571 8753 12545 10802 7931 

6754 7457 10047 9556 7714 7713 8000 7395 
8532 9952 8784 10571 8753 12859 10802 7931 

6754 7457 11827 9839 7714 8176 8532 7395 
8532 10264 9047 10571 8753 10977 11141 7931 

6754 7457 10102 9839 7714 8176 8532 7395 
8532 10264 9047 10571 8753 10977 12143 7931 

6754 7457 9483 10230 7714 8176 8965 7395 
8532 10004 9419 10571 8753 10977 11266 8391 

6754 7457 9483 9445 7714 8176 8965 7395 
8532 10004 9419 10571 8753 10977 11560 8391 

6754 8579 12377 10186 7714 8176 8060 7395 
8957 11081 10112 10571 8753 11061 12249 9623 

9792 9033 7932 9067 9376 9414 8000 7866 
9213 8842 10865 9146 9351 9452 8112 9307 

9928 9033 7932 9067 9376 9414 8000 7866 
9213 8842 11498 9146 9351 9452 8112 9307 

10395 9033 7932 9067 9376 9414 8000 7866 
9213 8842 12704 9146 9351 9452 8112 9307 

9835 9033 7932 9067 9376 9414 8000 7866 
9213 8842 12957 9146 9351 9452 8112 9307 

8359 9033 7932 9067 9376 9414 8000 7866 
9213 8842 12488 9146 9351 9452 8112 9307 

7587 7154 7026 7086 7388 7026 6947 7180 
7204 8763 7423 8110 7540 7699 7841 7502 

8359 9355 8597 9067 9485 8211 8266 8233 
9665 8964 9641 9298 9351 9549 8375 9463 

8359 9355 8597 9067 9187 8211 8266 8233 
10088 8964 9641 9298 9351 9549 8375 9463 

8906 9476 8470 9986 8698 9066 9440 8764 
9784 9850 9944 9916 9602 9975 9884 9858 

8906 9476 8470 9238 8698 9066 9440 8764 
9784 9850 9944 9916 9602 10726 9884 9858 

8906 10762 8470 9238 8698 9066 8961 8764 
9784 9850 9944 9916 9602 11684 9884 9858 

8906 12927 8470 9238 8698 9066 7616 8764 
9784 9850 9944 9916 9602 11884 9884 9858 

8906 11295 8470 9238 8698 9066 8688 8764 
9784 9850 9944 9916 9602 12680 9884 9858 

8906 11663 8470 9238 8698 9066 10207 8764 
9784 9850 9944 9916 9602 13790 9884 9858 

9755 13203 9499 9238 9309 7706 10496 9257 
9784 10152 10945 10992 9602 12553 9884 10508 

9755 11972 9499 9238 9309 7706 10496 9257 
9784 10152 10945 10992 9602 12950 9884 10508 

8754 8149 8499 8500 7459 8008 8320 8002 
8498 8778 8330 8651 8591 8811 8657 8776 

8018 8149 8617 8634 7459 8008 8320 8002 
8498 8778 8330 8651 8591 9368 9190 8776 

8018 8149 8617 8422 7459 8008 8320 8002 
8498 8778 8330 8651 8591 10091 9297 8776 

8018 8149 8373 8422 7459 8008 8320 8002 
8498 8778 8330 8651 8591 11014 9297 8776 

8018 8149 8373 8422 7459 8008 8320 8002 
8498 8778 8330 8651 8591 11014 9297 8776 

8018 8149 8373 9547 7459 8008 8320 8002 
8498 8778 8330 8651 8591 11507 9550 8776 

8018 8149 8373 11416 7459 8008 8320 8002 
8498 9643 8330 8651 8591 11993 9550 8776 

6414 6711 6763 6266 7210 6733 6587 6070 
6567 7104 6628 6466 7609 6962 6453 6527 

8018 8149 8373 10034 7459 8008 8320 8002 
8498 10358 8330 8651 8591 11912 9550 8776 

8018 8149 9928 14258 8897 8008 9319 8002 
10989 10759 8330 8651 11204 17511 9550 8776 

8520 10290 10130 14050 9916 8008 10277 10162 
9391 10358 8330 10770 9394 15012 10309 8776 

8018 8149 10087 16212 8897 9759 9319 8002 
10841 11873 10449 8651 12712 18757 9550 8776 

9179 10598 10550 10633 10592 10475 10706 10511 
10623 10522 10687 10598 10474 10760 10581 10620 

4381 5152 5153 5153 5152 5153 5151 5150 
5154 5154 5154 5143 5149 5151 5154 5154 

4381 5152 5153 5153 5152 5889 5151 5150 
5154 7419 5154 5143 5149 5151 5154 5154 

11274 10598 9755 11472 10920 11318 11474 10528 
11361 11458 11427 11454 11476 11318 11115 10634 

11274 10598 9755 11472 10920 9620 13911 10528 
12449 11458 11602 11454 13115 11318 11336 10634 

11274 10598 9755 11472 10920 9620 13394 10528 
12449 11458 11602 11454 16623 11318 11336 10634 

4381 5152 6379 6112 5152 10903 5151 5150 
6975 13421 6567 5143 8199 5151 6069 5154 

8018 8149 10087 16988 8897 9759 9319 8002 
10841 11873 10449 8651 12712 21375 9550 8776 

8018 8149 10087 15355 8897 9759 9319 8002 
10841 11873 10449 8651 12712 20701 9550 8776 

8018 8149 10087 13139 8897 9759 9319 8002 
10841 11873 10449 8651 12712 20199 9550 8776 

8018 8149 10087 11918 8897 9759 9319 8002 
10841 11873 10449 8651 12712 19590 9550 8776 

8018 8149 10087 10630 8897 9759 9319 8002 
10841 11873 10449 8651 12712 19039 9550 8776 

8018 8149 10087 10160 8897 9759 9319 8002 
10841 11873 10449 8651 12712 18227 9550 8776 

8018 8149 10087 9761 8897 9759 9319 8002 
10841 11873 10449 8651 12712 17466 9550 8776 

8018 8149 11742 9761 8897 9759 9319 8002 
10841 12473 10449 9775 12712 14640 9550 8776 

8018 8149 10980 9761 8897 9759 9319 8002 
10841 12473 10449 9775 12712 14805 9550 8776 

8018 8149 9958 9761 8897 9759 9319 8002 
10841 12473 10449 9775 12712 14981 9550 8776 

8429 9616 9680 9659 9561 9576 9580 9595 
9904 9494 9529 9686 9650 9526 9444 9489 

8429 9224 9680 9659 9561 9576 9580 9595 
10471 9494 9529 9686 9650 9526 9444 10039 

8429 9224 8565 9659 9561 9576 9580 9595 
10481 9494 9529 9686 9650 9526 9444 10039 

8429 9224 8565 9032 9561 9576 9580 9595 
11035 9494 9529 9686 9650 9526 9444 10039 

13773 12029 13601 13844 13782 12855 13726 14001 
12935 14150 13479 13014 13633 13971 13673 13094 

13773 12029 13601 13844 13782 12855 13726 11900 
12935 14127 13479 13014 13633 13971 13673 13094 

13773 12029 13601 12126 13782 12855 13803 11900 
12935 14248 13479 13014 13633 13971 13673 13094 

13773 12029 13601 12126 13782 12855 12074 11900 
12935 14439 13479 13014 13633 13971 13673 13094 

13773 12029 13601 12126 12548 12855 12074 11900 
12935 15049 13479 13014 13633 13971 13673 13094 

12832 12029 13601 12126 12548 12855 12074 11900 
12935 15307 13479 13014 13633 13971 13673 13094 

11275 11014 11162 10748 10737 10621 9794 10827 
11065 10771 11042 11031 10914 11327 11317 11466 

10583 11014 11162 10748 10737 10621 9794 10827 
11065 10771 11676 11031 10914 11327 11317 11466 

10583 11014 10516 10748 10737 10621 9794 10827 
11065 10771 12627 11031 10914 11327 11317 11466 

10583 10429 10516 10748 10737 10621 9794 10827 
11065 10771 13005 11031 10914 11327 11317 11466 

14504 13473 12386 14527 14276 13416 13632 14496 
14072 14468 14059 14430 14565 14265 14345 13394 

14504 13473 12386 12347 14276 13416 13632 14496 
14072 14468 14059 14430 14559 14265 14345 13394 

13161 13473 12386 12347 14276 13416 13632 14496 
14072 14468 14059 14430 16050 14265 14345 13394 

13161 13473 12386 12347 14276 13875 13632 13187 
14072 14468 14059 14430 16191 14265 14345 13394 

13161 13473 12386 12347 13811 14821 13632 13187 
14072 14468 14059 14430 16355 14265 14345 13394 

13161 13473 12386 12347 13811 14458 13632 13187 
14072 14468 14059 14430 17039 14265 14345 13394 

13161 13473 12386 12347 13811 14458 13632 13187 
14072 14468 14059 14430 17039 14265 14345 13394 

13734 13822 13223 13327 14290 12642 14072 13470 
14445 14885 14396 14339 14267 14385 14600 13615 

13734 13938 13223 13327 12279 12642 14072 13470 
14445 14572 14396 14339 14267 14385 14573 13615 

13941 14230 13223 13327 12279 13155 13930 13470 
14445 14572 14396 14339 14267 14385 16378 13615 

10693 10693 10693 10693 10693 10692 9089 10691 
10693 10693 10693 10693 10693 10693 10693 10693 

10693 10693 10693 10693 9089 10692 9089 10691 
10693 10693 10693 10693 10693 10693 10693 10693 

3118 3074 2651 3098 3113 3114 3116 3075 
3089 3102 3119 3112 3087 3117 3113 3120 

13565 14071 13463 13778 14462 13201 13868 13431 
14072 14542 14227 15191 14560 14403 14574 13608 

10693 10693 10693 15262 9089 10692 9089 10691 
12771 10693 10693 17822 10693 10693 10693 10693 

10693 10693 10693 13722 9089 10692 9089 10691 
12771 10693 10693 17738 10693 10693 10693 10693 

10693 10693 10693 13810 9089 10692 9089 10691 
12771 10693 10693 17763 10693 10693 10693 10693 

10693 10693 10693 13213 9089 10692 9089 10691 
13071 10693 10693 17101 10693 10693 10693 10693 

10693 10693 10693 13416 9089 10692 9089 10691 
13878 10693 10693 16159 10693 10693 10693 10693 

10693 10693 10693 11725 9089 10692 9089 10691 
13878 10693 10693 17547 10693 10693 10693 10693 

10693 10693 10693 11725 9089 10692 9089 10691 
13878 10693 10693 17547 10693 10693 10693 10693 

10693 10693 10693 11337 9089 10692 9089 10691 
13878 10693 10693 16930 10693 10693 10693 10693 

10693 11056 10923 9997 10295 10886 9490 11594 
11361 11047 11633 11603 11465 11507 11116 11145 

10693 11056 10923 9997 10295 10886 9490 12118 
11361 11047 14332 11603 11465 11507 11116 11145 

10693 12122 12081 9997 10295 10886 13302 17255 
11361 11047 19743 11603 11465 11507 11116 11145 

10693 12122 12081 9997 10295 10886 13302 15291 
11361 11047 20119 11603 11465 11507 11116 11145 

10693 12122 12511 10759 10295 10886 13748 14696 
11980 12012 15068 13154 11465 11507 11116 11807 

10693 12122 12511 10759 10295 10886 13748 13688 
11980 12012 16364 13154 11465 11507 11116 11807 

10693 12122 12511 10759 10295 11432 12216 13688 
12360 12012 14646 13366 12594 11507 11116 11807 

10693 12122 12511 10759 10295 11432 12216 13183 
12360 12012 15203 13366 12594 11507 11116 11807 

10693 12616 13022 11555 11964 12506 12216 14345 
12749 12012 16062 13838 14062 12308 11877 11807 

10693 10693 10693 12438 10866 10692 9089 12763 
13878 10693 12527 15906 12046 12098 10693 11404 

10693 10693 10693 12438 10866 10692 9089 11951 
13878 10693 12527 15344 12046 12098 10693 11404 

10693 10693 10693 13043 10866 10692 9089 11951 
13878 10693 12527 16024 12046 12098 10693 11404 

10693 10693 10693 12086 10866 10692 9089 11951 
13878 10693 12527 16176 12046 12098 10693 11404 

10693 10693 10693 12086 10866 10692 9089 11951 
13878 10693 12527 16176 12046 12098 10693 11404 

11137 11000 11150 10526 11747 11270 9564 12046 
12464 10693 12388 12608 12519 12236 11261 11910 

11891 11454 11806 11570 11572 11640 12355 11953 
12089 14387 12428 11845 11885 11752 11809 11926 

11891 11454 11806 11570 11572 11640 11501 11953 
12089 14682 12428 11845 11885 11752 11809 11926 

13993 14097 12700 14131 14142 14069 13764 12228 
13098 13228 13581 14076 14386 14122 13081 13899 

13993 14097 12700 14131 13145 14069 13764 12228 
13098 13228 13581 14076 14799 14122 13081 13899 

13993 14097 12700 15026 13145 14069 13764 12228 
13098 13228 13581 14076 16545 14122 13081 13899 

16329 16569 14929 16285 16285 16591 16504 14401 
17032 13706 15743 17049 16490 17035 17034 15450 

16329 16569 14929 16285 16285 16800 16504 14401 
17032 13706 15743 17932 16490 17035 17034 15450 

16329 16569 14929 16285 16285 15278 16504 14401 
17032 13706 15743 18564 16490 17035 17034 15450 

16329 16569 14929 16285 16285 15185 16504 14401 
17032 13706 15743 18539 16490 17035 17034 15450 

16329 16569 14929 16285 16285 15185 16504 14401 
17032 13706 15743 18539 16490 17035 17034 15450 

16329 19476 14929 16285 16733 12986 16504 14401 
17276 14422 15743 18803 16490 17035 17034 15450 

11921 12807 13123 13418 13655 11808 13600 13808 
12749 13133 13758 13701 13821 12308 13143 13401 

16329 19638 14929 16784 16733 12986 16504 14401 
17276 14422 15743 23205 16490 17035 17034 16648 

16329 21749 14929 14266 16733 12986 16504 14401 
17276 14422 15743 21855 16490 17035 17034 16648 

16329 20009 14929 14266 16733 12986 16504 14401 
17276 14422 15743 23116 16490 17035 17034 16648 

16329 20009 14929 14266 16733 12986 16504 14401 
17276 14422 15743 23116 16490 17035 17034 16648 

16329 19004 14929 14623 16733 12986 16504 14401 
17276 14422 15743 22243 16490 17035 17034 17512 

16329 17053 14929 14623 16733 12986 16504 14401 
17276 14422 15743 22657 16490 17035 17034 17512 

16329 15664 14929 14623 16733 12986 16504 14401 
17276 14422 15743 21047 16490 17035 17034 17512 

16329 28955 14929 15109 18506 15856 19062 14401 
17276 14422 15743 31729 20756 17035 17034 18301 

16329 23239 18279 19482 18506 15856 19062 14401 
18898 18214 15743 26149 20756 17035 17034 19947 

18473 16874 14655 16558 21995 16246 17725 15977 
18889 16205 15743 20710 16490 18772 16672 18289 

16774 16730 14259 16775 16774 16719 16747 16743 
16769 16760 16679 16770 16766 16728 16735 16775 

16329 24005 18279 19482 18506 15856 19062 14401 
18898 18214 15743 25667 20756 17035 17034 19947 

16329 22055 18279 19482 18506 15856 20858 14401 
18898 18214 15743 27036 20756 17035 17034 19947 

18529 18550 17784 17705 18564 18533 15796 18307 
18587 17696 18415 18572 18450 18467 18199 18480 

18529 18604 17942 17894 18501 18533 16572 18307 
20768 17696 18415 18572 19432 18467 18199 18480 

17198 18604 17942 17894 18501 18533 16572 18307 
23097 17696 18415 18572 19432 18467 18199 18480 

16329 31608 22743 20525 21260 18738 21702 17518 
18898 21468 19721 36764 23981 20625 20085 19947 

14413 14417 14382 14392 14414 12262 14410 14401 
14425 14430 14348 14371 14360 14390 14367 14433 

14413 12754 14382 14392 14414 12262 14410 14401 
14425 14430 14348 14371 14360 14390 14367 14730 

14413 12754 14382 14392 13001 12262 14410 14401 
14425 14430 14348 14371 14360 14390 14367 14982 

13001 12754 14382 14392 13001 12262 14410 14401 
14425 14430 14348 14371 14360 14390 14367 15346 

13001 12754 14382 14392 13001 12262 12748 14401 
14425 14430 14348 14371 14360 14390 14367 15805 

13001 12754 14382 14392 13001 12262 12748 13240 
14425 14430 14348 14371 14360 14390 14367 16194 

13001 12754 14382 13358 13001 12262 12748 13240 
14425 14430 14348 14371 14360 14390 14367 16373 

13001 12754 14102 13358 13001 12262 12748 13240 
15488 14430 14348 14371 14694 14390 14367 17086 

13001 12754 12986 13358 13001 12262 12748 13240 
15488 14430 14348 14371 14694 14390 14367 17238 

13001 12754 12986 17139 13001 12262 12748 13240 
15488 14430 14348 14371 14694 14390 14367 20305 

12387 12361 12369 10523 12387 12307 12389 12375 
12388 12388 12377 12375 12353 12361 12372 12387 

12387 12361 12369 10523 12387 12307 11135 12375 
13214 12388 12377 12480 12353 12733 12372 12387 

10749 12361 12369 10523 12387 12307 11135 12375 
13276 12388 12377 12480 12353 12720 12372 12387 

10749 12361 12369 10523 11358 12307 11135 12375 
13813 12388 12377 12480 12353 12720 12372 12387 

27899 29896 29853 29896 29867 25412 29810 28383 
28543 29293 29653 29601 29893 29038 29590 29583 

27899 29896 29853 25411 29867 25412 29810 28383 
28543 29293 29653 29601 29893 29038 29590 29583 

27899 25639 29853 25411 29867 25412 29810 28564 
28543 29293 29653 29601 30253 29038 29661 29583 

27899 25639 29853 25411 25722 25412 29810 28564 
28543 29293 29653 29601 30460 29038 29661 29583 

27899 25639 26919 25411 25722 25412 29810 28564 
28543 29293 29653 29601 31786 29038 29661 29583 

27899 25639 26919 25411 25722 25412 26463 28564 
28543 29293 29653 29601 31939 29038 29661 29583 

17213 17248 15196 14789 17139 17048 17109 17399 
17113 17345 17381 17204 17321 16995 17338 17376 

17213 17248 15196 14789 17139 17048 17109 15726 
17113 17345 18133 17204 17321 16995 17338 17376 

17213 16402 15196 14789 17139 17048 17109 15726 
17113 17345 19494 17204 17321 16995 17338 17376 

15756 16402 15196 14789 17139 17048 17109 15726 
17113 17345 19601 17204 17321 16995 17338 17376 

28769 28622 28940 28271 27165 27039 27170 26633 
30100 30681 30260 30964 30795 30621 30380 30233 

28769 28622 24599 28271 27165 27039 27170 26633 
30100 30681 30260 30660 30795 30621 30380 30233 

25297 28622 24599 28271 27165 27039 27170 26633 
30100 30681 30260 30660 31841 30621 30380 30233 

25297 25680 24599 28271 27165 27039 27170 26633 
30100 30681 30260 30660 31460 30621 30380 30233 

25297 25680 24599 25888 27165 27039 27170 26633 
30100 30681 30260 30660 31223 30621 30380 30233 

25297 25680 24599 25888 27165 27039 24551 26633 
30100 30681 30260 30660 31158 30621 30380 30233 

25297 25680 24599 25888 27165 27039 24551 26633 
30100 30681 30260 30660 31158 30621 30380 30233 

26052 26860 26575 28193 25676 27519 26559 26633 
29515 29229 30216 29581 29256 29402 29214 29686 

26052 28044 27548 24714 25676 27519 26559 26633 
29515 29229 29745 29581 29256 29402 29214 29219 

12672 12672 12672 10771 12672 12672 12672 12672 
12672 12672 12672 12672 12672 12672 12672 12672 

14871 14864 14868 14872 14870 14873 12643 14832 
14845 14876 14856 14860 14823 14866 14876 14848 

14871 14864 14868 14872 14870 12642 12643 14832 
14845 14875 14856 14860 14823 14866 14876 14848 

14871 14864 14868 13337 14870 13834 12643 14832 
14845 14875 14856 14860 14823 14866 17433 14848 

14871 14864 14868 13337 14870 12258 12643 14832 
14845 14875 14856 14860 14823 14866 17193 14848 

14871 14864 14868 13337 14870 12258 12643 14832 
14845 14875 14856 14860 14823 14866 17193 14848 

13640 14864 14868 13337 14870 13431 12643 14832 
14845 14875 14856 14860 14823 14866 17580 14848 

13640 14864 14868 13337 13360 14777 12643 14832 
14845 14875 14856 14860 14823 14866 16305 14848 

11594 14864 16392 13337 13360 14777 12643 14832 
14845 14875 14856 14860 14823 14866 16574 14848 

27503 26480 28615 25621 26983 27519 26559 26633 
30013 29229 29745 31149 29624 29499 29507 29506 

27503 26480 26100 25621 26983 27519 26559 26633 
30013 29229 29745 32712 29624 29499 29507 29506 

26607 26410 26854 27204 25525 27453 25487 26633 
29790 30026 29848 29894 29915 29670 29590 29778 

26607 26410 26854 27204 25525 23635 25487 26633 
29790 29940 29848 29894 29915 29670 29590 29778 

27565 27217 27601 24650 26942 24469 26488 27841 
28751 28640 28617 28865 28751 28690 28778 28830 

27565 27793 27601 24650 27366 24469 26488 25368 
28751 28640 28617 29794 28751 28690 28778 28830 

12403 15187 14144 13914 14278 15033 13163 14832 
15197 15173 15332 15157 14823 15208 16267 14848 

12403 14408 14144 13914 14278 15033 13163 14832 
15197 15173 15332 15157 14823 15208 16405 14848 

29694 28444 28148 25546 28924 25147 28106 27378 
28751 28640 29554 32947 28751 28690 29643 28830 

25281 28444 28148 25546 28924 25147 28106 27378 
28751 28640 29554 33209 28751 28690 29643 28830 

25986 28640 28413 25546 25874 25832 28106 27893 
29160 28925 29649 29256 28751 28690 30227 28830 

25986 26279 28413 25546 25874 25832 28106 27893 
29160 28925 29649 29256 28751 28690 30678 28830 

26650 26806 26326 25546 25874 27511 28438 28680 
30046 29190 29793 29478 28751 28690 30808 28830 

13210 14534 14649 14164 14455 15413 13510 15154 
15160 15197 15219 15194 15088 15401 15178 14934 

13210 14534 14649 14164 14455 14412 13510 15154 
15160 15197 15219 15194 15088 16641 15178 14934 

13210 14534 14649 14164 14455 14412 13510 14507 
15160 15197 15219 15194 15088 18766 15178 14934 

13210 14534 13451 14164 14455 14412 13510 14507 
15160 15197 15219 15194 15088 18748 15178 14934 

13210 13853 13451 14164 14455 14412 13510 14507 
15160 15197 15219 15194 15088 18415 15178 14934 

15344 15103 16242 15894 14171 15827 15851 20578 
14989 16193 15500 15692 15232 22265 16092 17716 

13210 13853 13451 14164 14934 14895 13897 13665 
15305 15678 15219 15465 15125 16077 15395 15321 

13210 13853 13451 14164 13818 14895 13897 13665 
15305 15678 15219 15465 15125 16355 15395 15321 

17001 15687 18373 18201 18309 18419 17197 16130 
18032 18668 16248 17910 18366 18838 17967 18911 

17001 15687 18373 18201 18309 16406 17197 16130 
18032 18668 16248 17910 18366 18838 17967 19887 

17001 15687 19805 18201 18309 16406 17197 16130 
18032 18668 16248 17910 18366 18838 17967 21821 

17001 15687 18660 18201 18309 16406 17197 16130 
18032 18668 16248 17910 18366 18838 17967 22066 

17001 15687 20334 18201 18309 16406 17197 16130 
18032 18668 16248 17910 18366 18838 17967 22963 

17001 15687 22127 18201 18309 16406 17197 16130 
18032 18668 16248 17910 18366 18838 17967 25749 

17001 17021 22493 18201 18309 17950 17197 17096 
19042 18668 18059 19107 19624 18838 17967 26369 

17001 17021 22493 18201 18309 17950 17197 17096 
19042 18668 18059 19107 19624 18838 17967 26369 

29371 33609 32737 31253 32339 34526 33870 32827 
34510 34276 34185 34254 32878 33312 33516 34334 

29371 33609 32737 31253 32339 31085 33870 32827 
36593 34276 34185 34254 32878 33312 33851 34334 

29371 33609 32737 31253 32339 31085 30240 32827 
36164 34276 34185 34254 32878 33312 34091 34334 

29371 29615 32737 31253 32339 31085 30240 32827 
36532 34276 34185 34254 32878 33312 34091 34334 

29371 29615 32737 31253 32339 31085 30240 32827 
36532 34276 34185 34254 32878 33312 34091 34334 

29371 29615 32737 31253 32339 31085 30240 30214 
36114 34276 34185 34254 32878 33312 34091 34334 

29371 29615 28726 31253 32339 31085 30240 30214 
36507 34276 34185 34254 32878 33312 34091 34334 

29371 29615 28726 31253 28521 31085 30240 30214 
35615 34276 34185 34254 32878 33312 34091 34334 

29371 29615 28726 31956 28521 31683 30866 31731 
37323 34276 34185 34254 33224 33312 34921 34334 

29371 31101 29711 33581 28521 32398 31849 32473 
39226 35411 35064 34254 33224 34194 34921 34334 

29371 31101 30595 30896 28521 32398 31849 32974 
36164 35699 35064 34259 33224 34433 34921 34334 

27693 27943 28303 27907 27561 28371 28798 24653 
28878 28956 28888 28886 28889 28850 28763 28904 

19149 19166 19407 19198 19168 16639 19202 19170 
19280 19116 19139 19567 19207 19182 19207 19300 

29371 31101 30595 30896 28521 32398 31849 33599 
35610 35699 35064 34259 33224 34433 34921 34334 

29371 31101 30595 30896 28521 32398 31849 30270 
35610 36776 35064 34259 33224 34433 34921 34334 

32588 33230 32364 30896 28521 32701 32759 31695 
36812 38649 35526 34259 33224 34433 36118 35230 

32588 33364 33031 30896 28521 32701 32759 31695 
38595 36691 35526 34259 33224 34433 36118 35230 

32588 29521 33031 30896 28521 32701 32759 31695 
39261 36691 35526 34259 33224 34433 36118 35230 

29052 28982 29215 29026 24838 29058 29213 29009 
29222 29188 29195 29207 29185 29150 29208 29201 

13380 13381 11374 13381 13381 13379 13381 13381 
13381 13381 13381 13381 13379 13377 13381 13377 

13380 13381 11374 11936 13381 13379 13381 13381 
13381 13381 13381 13831 13379 13377 13381 13377 

13380 11460 11374 11936 13381 13379 13381 13381 
13381 13381 13381 14213 13379 13377 13381 13377 

13380 11460 11374 11936 12123 13379 13381 13381 
13381 13381 13381 14538 13379 13377 13381 13377 

13380 11460 11374 11936 12123 13379 11748 13381 
13381 13381 13381 14814 13379 13377 13381 13377 

13380 11460 11374 11936 12123 13379 11748 12498 
13381 13381 13381 15049 13379 13377 13381 13377 

12498 11460 11374 11936 12123 13379 11748 12498 
13381 13381 13381 15248 13379 13377 13381 13377 

12498 11460 11374 11936 12123 12314 11748 12498 
13533 13381 13552 15076 13545 13560 13381 13377 

11748 11460 11374 11936 12123 12314 11748 12498 
13533 13381 13552 15139 13545 13560 13381 13377 

11748 11460 11374 11936 12123 12314 11748 10944 
13533 13381 13552 15192 13545 13560 13381 13377 

15417 15328 15361 15415 15365 13106 15410 15345 
15419 15411 15406 15282 15407 15411 15366 15398 

14056 15328 15361 15415 15365 13106 15410 15345 
16561 15579 15406 15282 15407 15411 15366 15398 

14056 15328 15361 13543 15365 13106 15410 15345 
16571 15579 15406 15282 15407 15411 15366 15398 

14056 15328 15361 13543 15365 13106 13978 15345 
17150 15579 15406 15282 15407 15411 15366 15398 

19614 19696 20057 19580 19572 17730 17116 19840 
19714 19377 19619 20023 19422 19302 19799 19937 

19614 19696 17048 19580 19572 17730 17116 19840 
19714 19377 19619 20028 19422 19302 19799 19937 

37217 36836 36561 31801 36328 36576 36421 36165 
36622 36120 37406 36469 36393 35733 36464 36538 

31634 36836 37013 31801 36328 36576 36421 36165 
36622 36120 37524 36469 36393 35733 36464 36538 

31634 36836 38517 31801 36328 36916 30957 36165 
36622 36120 38483 36469 36393 35733 36464 36538 

31634 36836 33864 31801 36328 36916 30957 36165 
36622 36120 38938 36469 36393 35733 36464 36538 

19614 19776 17048 19580 19572 18061 17116 17056 
19714 19377 19619 19642 19422 19302 19799 20062 

19614 19233 17048 19580 19572 18061 17116 17056 
19714 19377 19619 19642 19422 19302 19799 21083 

17752 19233 17690 19580 19572 18061 17116 17056 
19714 19377 19619 19642 19422 19302 19799 21139 

17752 19233 17690 17580 19572 18061 17116 17056 
19714 19377 19619 19642 19422 19302 19799 21655 

32731 32794 35257 31801 37066 38294 33132 36604 
38277 36697 37763 37084 36393 37828 37851 37503 

32731 32794 35257 31801 37066 32549 33132 36604 
38279 36697 37763 37084 36393 37828 37851 37503 

32731 32794 35257 31801 32339 32549 33132 36604 
39597 36697 37763 37084 36393 37828 37851 37503 

32731 32794 35257 31801 32339 32549 33132 32887 
40149 36697 37763 37084 36692 37828 37851 37503 

32731 32794 31569 31801 32339 32549 33132 32887 
39163 36697 37763 37084 36692 37828 37851 37503 

32731 32794 31569 31801 32339 32549 30850 32887 
38087 36697 37763 37084 36949 37828 37851 37503 

32731 32794 31569 31801 32339 32549 30850 32887 
38087 36697 37763 37084 36949 37828 37851 37503 

19328 19327 19328 19322 19328 16429 19327 19328 
19328 19328 19327 19328 19328 19328 19327 19328 

19328 19327 19328 19322 19328 16429 19327 16993 
19328 19963 19327 19328 19328 19328 19327 19328 

34430 34856 34703 32976 33527 34343 33046 30601 
35778 35941 35719 35835 35604 35718 35472 35812 

11260 13223 13247 13247 13247 13227 13247 13247 
13243 13246 13243 13245 13244 13247 13248 13245 

11260 13223 13247 13247 11259 13227 13247 13247 
13243 13246 13243 13245 13244 13247 13247 13245 

11260 13223 15376 13247 11259 13227 13247 13247 
13243 13246 13243 13245 13244 13247 18893 13245 

11260 13223 14194 13247 11259 13227 13247 13247 
13243 13246 13243 13245 13244 13247 18815 13245 

11260 13223 14194 13247 11259 13227 13247 13247 
13243 13246 13243 13245 13244 13247 18815 13245 

11260 13223 13445 13247 11259 13227 13247 13247 
13243 13246 13243 13245 13244 13247 18541 13245 

11260 13223 13513 13247 11259 13227 13247 13247 
13243 13246 13243 13245 13244 13247 16516 13245 

11260 13223 14760 13247 11259 13227 13247 13247 
13243 13246 13243 13245 13244 13247 17547 13245 

19959 19752 19328 19322 20776 16429 19327 16993 
19328 24448 19703 19328 20332 19647 19736 19328 

19959 19752 19328 19322 17981 16429 19327 16993 
19328 25697 19703 19328 20332 19647 19736 19328 

11260 13712 16706 14576 11259 13732 11611 13247 
13711 13308 13243 13245 13738 13247 17314 13643 

11260 13712 14981 14576 11259 13732 11611 13247 
13711 13308 13243 13245 13738 13247 18154 13643 

34773 32794 33721 31801 33068 33222 31727 31842 
36799 36300 36764 37026 36808 36681 36777 36741 

30943 32794 33721 31801 33068 33222 31727 31842 
36799 36300 36764 37144 36808 36540 36777 36741 

12737 13786 13781 13779 12693 13786 12729 11719 
13726 13600 13784 13636 13596 13668 13653 13678 

12737 13786 13781 13779 12693 13444 12729 11719 
13726 13600 14634 13636 13596 13668 13653 13678 

33537 32794 32979 32898 33802 34291 33585 31842 
38433 36300 36764 36736 36638 36540 36811 36399 

33537 32794 32979 32898 33802 30903 33585 31842 
38737 36300 36764 36736 36638 36540 36811 36399 

33537 32794 33530 33423 31566 30903 33585 31842 
36091 36435 36642 37122 36638 36540 36642 35886 

33537 32794 33530 33423 31566 30903 29297 31842 
36091 36435 36642 37041 36638 36540 36642 35886 

12737 14222 13833 13763 12918 13444 12729 11719 
13820 13687 14225 13636 13596 13668 13653 13693 

30944 35227 33966 34161 32297 30903 32387 31842 
36276 36117 35987 35514 35755 35709 35667 35532 

31719 30643 33966 34161 32297 30903 32387 31842 
35852 36107 35987 35514 35755 35709 35667 35532 

33244 30643 33966 30624 32297 30903 32387 31842 
35852 37526 35987 35514 35755 35709 35667 35532 

33244 30643 29621 30624 32297 30903 32387 31842 
35852 37442 35987 35514 35755 35709 35667 35532 

29757 30643 29621 30624 32297 30903 32387 31842 
35852 37112 35987 35514 35755 35709 35667 35532 

31654 31357 30489 31776 32763 32141 30000 33221 
35320 34871 34801 34629 34713 35101 35093 35048 

21120 21162 20999 20932 20565 20312 19418 19033 
21042 20920 20593 20578 20994 22437 20925 20881 

21120 18987 20999 20932 20565 20312 19418 19033 
21042 20920 20593 20578 20994 22845 20925 20881 

18981 18968 18612 18982 17973 18950 18993 19084 
18986 19017 19114 20170 19200 18728 19051 19048 

18981 18968 18612 18982 17973 18950 18993 17121 
18986 19017 19114 20907 19200 18728 19051 19048 

18981 18968 18612 16884 17973 18950 20077 17121 
18986 19017 19114 21634 19200 18728 19051 19048 

18981 18968 18612 18312 17973 17607 21093 17121 
18986 19017 19114 21337 19200 18728 19051 19048 

18981 18968 18612 18731 17973 15180 21276 17121 
18986 19017 19114 20882 19200 18728 19051 19048 

18981 18968 18612 19165 17973 12903 22155 17121 
18986 19017 19114 20662 19200 18728 19051 19048 

18981 18968 18612 19384 19593 14236 19279 17990 
18986 19459 19114 22071 19388 18728 19517 19625 

18981 18968 18612 19384 19593 14236 19279 17990 
18986 19459 19114 22071 19388 18728 19517 19625 

35026 34980 32824 33890 35030 35344 33450 30044 
35015 35146 34973 35031 35189 35286 35095 34951 

35337 34980 32824 33890 35030 30563 33450 30044 
35015 35146 34973 35031 35189 35719 36078 34951 

31573 34980 32824 33890 35030 30563 33450 30044 
35015 35146 34973 35031 35189 35719 37383 34951 

31573 34980 32824 33890 30821 30563 33450 30044 
35015 35146 34973 35031 35189 35719 37934 34951 

31573 34980 32824 33890 30821 30563 33450 30044 
35015 35146 34973 35031 35189 35719 37934 34951 

31573 32173 32824 33890 30821 30563 33450 30044 
35015 35146 34973 35031 35189 35719 38200 34951 

31573 32173 32824 29706 30821 30563 33450 30044 
35015 35146 34973 35031 35189 35719 38453 34951 

31573 32173 32824 29706 30821 30563 29305 30044 
35015 35146 34973 35031 35189 35719 37601 34951 

13537 13810 11740 13807 13478 13511 13160 12547 
13708 13591 13790 13735 13752 13737 13707 13591 

34225 32772 33101 29706 30821 30563 30307 31701 
35963 35966 34973 35031 35576 35719 37272 35234 

32138 32772 33101 30645 30821 30563 30307 31701 
36233 38009 34973 35031 35718 35719 35640 35234 

13921 18732 11740 13807 13478 13511 15007 15977 
14176 14010 18488 14097 14350 13737 13707 15011 

19301 19306 19266 19308 16417 19058 19311 19309 
19249 19288 19317 19317 19266 19268 19266 19264 

15400 15637 13321 15506 15276 15405 15379 15635 
15652 15303 15653 15680 15328 15350 15656 15653 

15400 16055 13321 15080 15276 15405 15379 15635 
15652 15303 15653 18401 15328 15350 15656 15653 

16833 22692 15038 19826 16332 17803 15379 15635 
15652 17189 18659 26953 16761 17344 17422 15653 

16833 24032 16242 20333 16332 18864 16563 15635 
15652 16917 18659 26736 16761 17344 18368 15653 

16833 22476 16242 20333 16332 18864 16563 15635 
15652 16917 18659 27948 16761 17344 18368 15653 

35335 30035 35335 35335 35335 35335 35335 35335 
35335 35334 35335 35335 35335 35335 35335 35335 

32138 32772 33839 30645 30821 30563 30307 31701 
36233 38009 34973 37741 35718 35719 35640 35234 

32138 32772 29263 30645 30821 30563 30307 31701 
36233 38009 35102 37741 35718 35719 35640 35234 

32138 27935 29263 30645 30821 30563 30307 31701 
36233 38009 35052 37741 35718 35719 35640 35234 

27317 27935 29263 30645 30821 30563 30307 31701 
36233 37128 35052 37741 35718 35719 35640 35234 

27317 27935 29263 30645 30821 30563 30307 27445 
36233 37128 35052 37435 35718 35719 35640 35234 

27317 27935 29263 30645 27322 30563 30307 27445 
36233 37128 35052 36892 35718 35719 35640 35234 

27317 27935 29263 27173 27322 30563 30307 27445 
36233 36605 35052 36892 35718 35719 35640 35234 

27317 29163 29263 27173 27322 30328 30307 27445 
34988 35882 35052 35872 35718 35466 35640 35234 

27317 29163 29263 27173 27322 26903 30307 27445 
34988 35498 35052 35872 35718 35466 35640 35234 

27317 29163 29263 27173 27322 26903 26210 27445 
34988 35498 35052 35937 35718 35466 35640 35234 

37905 37324 37901 38435 37974 37784 37940 32761 
38093 37661 37641 37418 38540 37656 37985 37842 

37905 37324 37901 32669 37974 39849 37940 32761 
38093 37661 37641 37418 39470 37656 37985 37842 

37905 37324 37901 32669 37974 33946 37940 32761 
38093 37661 37641 37418 39859 37656 37985 37842 

37905 37324 37901 32669 38674 33946 32249 32761 
38093 37661 37685 37418 40626 37656 37985 37842 

21635 21614 18408 21631 21640 21603 21609 21632 
21578 21649 21657 21636 21605 21582 21631 21560 

21635 21614 18408 21631 18394 21603 21609 21632 
21578 21649 21654 21636 21605 21582 21631 21560 

18510 21614 18408 21631 18394 21603 21615 21632 
21578 21644 21944 21636 21605 21582 21631 21560 

18510 21614 18408 21631 18394 21603 21615 18714 
21578 21644 22170 21636 21605 21582 21631 21560 

18510 21614 18408 19063 18394 21603 21615 18714 
21578 21644 23288 21636 21728 21582 21631 21560 

18510 21614 18408 19063 18394 21603 19372 18714 
21578 21644 23637 21636 21728 21582 21631 21560 

19479 19610 19612 19448 17961 19221 19608 17134 
19459 19474 20125 19595 19478 19619 18963 19572 

19479 19610 19118 19448 17961 19221 19608 17134 
19459 19474 21087 19595 19478 19619 18963 19572 

19479 19670 19118 19448 17961 19221 19608 17134 
19459 19474 22965 19595 19478 19619 18963 19572 

19479 17469 19118 19448 17961 19221 19608 17134 
19459 19474 23220 19595 19478 19619 18963 19572 

19889 22737 21019 20142 19045 22630 17829 19319 
22352 21891 22312 22105 22413 22619 22484 21560 

19889 19326 21019 20142 19045 22630 17829 19319 
22352 21891 22312 22105 22413 22636 22484 21560 

19889 19326 21019 20142 19045 20060 17829 19319 
22352 21891 22312 22105 22413 24285 22484 21560 

19889 19326 19579 20142 19045 20060 17829 19319 
22352 21891 22312 22105 22413 24053 22484 21560 

19889 19326 19579 19866 19045 20060 17829 19319 
22352 21891 22312 22105 22413 23733 22484 21560 

19889 19326 19579 19866 19045 19343 17829 19319 
22352 21891 22312 22105 22413 23664 22484 21560 

19889 19326 19579 19866 19045 19343 17829 19319 
22352 21891 22312 22105 22413 23664 22484 21560 

18911 19765 20268 19866 19457 20421 18491 19755 
21706 21559 21729 21867 21895 21922 22411 21748 

18911 19765 20268 19866 19457 17983 18491 19755 
21706 21559 21729 21867 21707 21807 21789 21748 

24200 23901 22583 23894 23882 24265 23918 25806 
24131 23680 22938 24489 28804 23688 23938 24778 

18911 19765 21628 19866 19457 17983 19269 20497 
22201 21559 22455 24884 22086 21807 21483 21748 

18911 19765 18383 19866 19457 17983 19269 20497 
22201 21559 22455 24884 22086 21807 21483 21730 

18911 19765 20847 19866 19457 20252 19269 25654 
22201 22627 22455 29216 22086 21807 22999 23694 

18911 19765 20847 19866 19457 20252 19269 22705 
22201 22627 22455 29216 22086 21807 22999 24888 

18911 19765 20847 19866 19457 20252 19269 22705 
22201 22627 22455 29216 22086 21807 22999 24888 

18911 19765 20847 19866 19457 20252 19269 20054 
22201 22771 22455 29139 22086 21807 22999 24888 

18911 19765 20410 19866 19457 20252 19269 20054 
22201 22550 22455 25891 22086 21807 22999 24888 

18911 19765 20346 19866 19457 20252 19269 20054 
22201 23153 22455 25348 22086 21807 22999 24888 

34336 34336 34336 34336 34336 34336 34336 29185 
34336 34336 34336 34336 34336 34336 34336 34336 

34336 30840 34336 34336 34336 34336 34336 29185 
36964 34336 34336 34336 34336 34336 34336 34336 

27346 32156 32162 32118 32166 32169 32161 32170 
32164 32147 32172 32169 32171 32118 32166 32170 

27346 32156 28580 32118 32672 32169 32161 39357 
32164 33687 38121 32169 32171 32118 32166 32170 

29710 28123 31394 33000 33085 32573 32922 33010 
32519 32895 32598 32905 32892 33083 32412 32893 

29710 28123 31394 33000 28497 32573 32922 33010 
32519 32895 32598 32905 32892 33871 32412 32893 

30316 30220 31394 33467 28497 32779 33591 32055 
33402 32895 34323 33535 33848 37685 32412 32893 

30316 30220 31394 33467 28497 32779 29677 32055 
33880 32895 34323 33535 33848 37685 32412 32893 

30316 30220 31394 35793 29550 32779 31264 32496 
33818 33319 34323 33535 33848 35339 32412 32893 

30316 30220 31394 30457 29550 32779 31264 32496 
34714 33319 34323 33535 33848 35339 32412 32893 

30316 30894 31394 30965 29550 29557 31264 32496 
34751 33319 33726 33535 33911 34119 32412 33069 

30316 30894 31394 30965 29550 29557 31264 29310 
34973 33319 33726 33535 33911 34119 32412 33069 

26278 32750 35061 31406 30164 29557 31859 29310 
34634 33632 33726 33350 34091 33977 32412 33319 

19776 20553 21638 20521 20113 20252 19269 20054 
22508 23153 22455 23655 22086 21807 22999 24174 

19776 20553 19721 20521 20113 20252 19269 20054 
22508 23153 22455 23655 22086 21807 22999 23964 

19776 19862 19721 20521 20113 20252 19269 20054 
22508 23153 22455 23655 22086 21807 22999 24618 

19776 19862 19721 18192 20113 20252 19269 20054 
22508 23153 22455 23655 22086 21807 22999 24453 

19776 19862 19721 18192 20113 20252 19269 20054 
22508 23153 22455 23655 22086 21807 22999 24453 

21025 20635 19721 18192 21363 19253 19813 20054 
22526 22450 22455 22447 22086 21807 22405 22601 

18924 20532 19579 20585 20090 20465 17829 20170 
22036 21885 21967 22170 21992 22060 22106 21942 

18924 20532 19579 18497 20090 20465 17829 20170 
22036 21885 21967 22532 21992 22060 22106 21942 

20764 22813 23467 23565 23835 21890 23381 21904 
23531 23592 22789 23355 24375 23608 23483 23564 

20764 22813 23467 23565 21159 21890 23381 21904 
23531 23592 22789 23355 25194 23608 23483 23564 

20764 22813 23467 23225 21159 21890 23381 21904 
23531 23592 22789 23355 26617 23608 23483 23564 

20764 22813 21985 23225 21159 21890 23381 21904 
23531 23592 22789 23355 26481 23608 23483 23564 

20764 22813 21985 23225 21159 21890 20604 21904 
23531 23592 22789 23355 25701 23608 23483 23564 

20764 22813 21985 20990 21159 21890 20604 21904 
23531 23592 22789 23355 25880 23608 23483 23564 

36831 34624 35911 36822 36581 36744 31307 35278 
36650 36667 36243 36739 36475 36551 36831 36664 

32806 34624 35911 36822 36581 36744 31307 35278 
36650 36667 36243 36739 36828 36551 36831 36664 

20764 22683 22249 21422 21625 21890 20604 22206 
23531 26652 22789 23355 23684 23724 23483 23564 

20764 21827 22249 21422 21625 21890 21324 22206 
23531 25705 22789 23355 23983 23724 23483 23564 

20764 21827 24710 21422 21625 21890 18125 22206 
23531 24529 22789 23355 24172 23724 23483 23564 

20764 21827 22487 21422 21625 21890 18125 22206 
23531 24529 22789 23355 26106 23724 23483 23564 

20764 21827 22487 21422 21625 21890 18125 22206 
23531 24529 22789 23355 26106 23724 23483 23564 

20764 21827 25637 21422 21625 21890 15406 22206 
23531 24529 22789 23355 24733 23724 23483 23564 

20764 21827 22728 21422 21625 21890 15406 22206 
23531 24529 22789 23355 25618 23724 23483 23564 

30254 27901 32815 32008 31836 30751 32698 31445 
32807 32635 32775 32769 32689 32647 32643 32786 

20764 21827 20177 21422 21625 21890 15406 22206 
23531 24529 22789 23355 25200 23724 23483 23564 

23029 24676 21507 21422 24652 21890 18650 29210 
24543 27983 23659 23355 34610 24039 23483 23564 

22777 23404 20915 21422 27655 21890 19779 30208 
24585 34062 23336 23355 26075 23439 23483 23564 

23029 25558 21507 21422 24652 23408 20168 26285 
25272 27983 24783 23355 29699 24972 23483 23564 

30915 36118 36128 36162 36244 36104 36166 36170 
36219 36164 36397 36213 36142 36168 36156 36153 

22777 23404 20915 21422 27655 23406 19779 30802 
24585 31999 23336 23355 26075 23439 23483 23564 

22777 23404 20915 21422 27655 23406 19779 27673 
24585 33431 23336 23355 26075 23439 23483 23564 

26865 28590 23611 21422 35842 33710 19779 47889 
29534 55868 35125 27609 30938 23439 23483 26531 

26865 30847 26970 21422 35842 33710 22080 43636 
29534 48245 37724 30519 32910 28868 23483 26531 

26865 30847 26970 21422 35842 33710 22080 38231 
29534 49079 37724 30519 32910 28868 23483 26531 

25205 25352 24819 25072 21565 25363 24562 25360 
25371 25312 25352 25322 25309 25313 25345 25190 

24918 24918 24918 21181 24918 24918 24918 24918 
24918 24918 24918 24918 24918 24918 24918 24918 

21930 24918 24918 21181 24918 24918 24918 24918 
24918 24918 25368 24918 24918 24918 24918 24918 

21930 24918 24918 21181 24918 21268 24918 24918 
24918 24918 25600 24918 24918 24918 24918 24918 

21930 22680 24918 21181 24918 21268 24918 24918 
24918 24918 25797 24918 24918 24918 24918 24918 

21930 22680 24918 21181 24918 21268 21680 24918 
24918 24918 26265 24918 24918 24918 24918 24918 

21930 22680 24918 21181 22180 21268 21680 24918 
24918 24918 26662 24918 24918 24918 24918 24918 

21930 22680 22305 21181 22180 21268 21680 24918 
24918 24918 26850 24918 24918 24918 24918 24918 

23254 22680 22305 21181 22180 22053 21680 23398 
24918 24918 27337 24918 24918 24918 24918 24918 

23254 22680 22305 21181 22180 22053 21680 21013 
24918 24918 27196 24918 24918 24918 24918 24918 

20301 22680 22305 21181 22180 22053 21680 21013 
24918 24918 27354 24918 24918 24918 24918 24918 

21357 21352 21373 21372 21368 21369 21373 18167 
21372 21373 21373 21341 21371 21367 21373 21373 

21357 21352 22259 19975 21368 21369 21373 18167 
21372 21373 22926 21341 21371 21367 21373 21373 

21357 21352 22628 16978 21368 21369 21373 18167 
21372 21373 22580 21341 21371 21367 21373 21373 

21357 21352 19999 16978 21368 21369 21373 18167 
21372 21373 23621 21341 21371 21367 21373 21373 

30910 30023 30339 30897 30906 26275 30201 30295 
30500 30890 30088 30374 30783 30745 30200 30800 

30910 30023 30339 30897 30906 26275 30201 30295 
30500 30890 30088 30374 30783 30745 30200 30800 

30904 30023 30339 30897 26376 26275 30201 30295 
30500 31199 30088 30374 30783 30745 30200 30800 

31323 30023 30339 30897 22419 26275 30201 30295 
30500 30475 30088 30374 30783 30745 30200 31115 

31555 30023 25788 30897 24099 26275 30201 30295 
30500 30475 30088 30374 30783 30745 30200 31052 

27821 30023 25788 30897 24099 26275 30201 30295 
30500 30475 30088 30374 30783 30745 30200 31727 

33593 36492 36128 31392 36540 36388 36448 36462 
36362 36406 36150 36600 36303 36476 36868 36329 

33593 36492 36128 31392 32184 36388 36448 36462 
36362 36406 36150 36600 36303 36476 37268 36329 

33593 32954 36128 31392 32184 36388 36448 36462 
36931 36406 36150 36600 36303 36476 38870 36329 

33593 32954 36128 31392 32184 36388 36448 31742 
36931 36406 36150 36600 36303 36476 38958 36329 

29804 31885 28278 27435 27265 26275 30564 30856 
31630 31825 31476 31824 31379 31841 31538 32442 

29804 31885 28278 27435 27265 22333 30564 30856 
31630 31825 31476 31824 31379 31841 30748 32442 

29804 29040 28278 27435 27265 22333 30564 30856 
31630 31825 31476 31824 31379 31841 30748 33945 

29804 29040 28278 27435 27265 22333 30564 27535 
31630 31825 31476 31824 31379 31841 30748 33524 

29804 29040 28278 27435 27265 22333 28138 27535 
31630 31825 31476 31824 31379 31841 30748 33433 

28072 29040 28278 27435 27265 22333 28138 27535 
31630 31825 31476 31824 31379 31841 30748 33234 

28072 29040 28278 27435 27265 22333 28138 27535 
31630 31825 31476 31824 31379 31841 30748 33234 

28908 26462 29931 29077 27864 24834 28921 27535 
30615 30635 30752 31687 30526 30446 30665 30640 

28908 26462 26822 29077 27864 24834 28921 27535 
30615 30635 30752 31967 30526 30446 30665 30640 

20290 17265 20300 20302 20275 20300 20283 20274 
20310 20308 20311 20284 20310 20308 20296 20272 

24108 24097 24106 24086 24106 24078 24098 20492 
24095 24094 24096 24054 24079 24089 24107 24062 

20491 24097 24106 24086 24106 24078 24098 20492 
24095 24094 24096 24054 24079 24089 24107 24062 

20491 24097 24106 24086 24519 24078 24098 20492 
24095 24094 24096 24054 24079 24089 29181 24062 

20491 24097 24106 24086 21591 24078 24098 20492 
24095 24094 24096 24054 24079 24089 28931 24062 

29581 27257 28429 28119 27864 24834 29751 28247 
30947 30635 33090 30707 30077 30446 31117 30640 

29581 27257 28429 28119 24809 24834 30992 28247 
30947 30635 33477 30707 30077 30446 31117 30640 

29581 27257 28429 28119 24809 24834 30992 28247 
30947 30635 33477 30707 30077 30446 31117 30640 

29581 27257 28429 28119 25904 24834 26790 28247 
30947 30635 31899 30707 30077 30594 31117 30640 

26221 27257 28429 28119 26796 24834 26790 28247 
30947 30635 31568 30707 30077 30632 31117 30640 

26221 27257 29599 28119 23776 24834 26790 28247 
30947 30635 32964 30707 30077 30632 31117 30640 

27769 29412 27051 29578 24899 25776 28578 28247 
30931 30921 30977 30999 30077 30632 31422 30640 

27769 29412 27051 25741 24899 25776 28578 28247 
30931 30921 30977 30999 30077 30632 31745 30640 

28651 26950 29257 28673 28468 22333 28841 28188 
31136 31639 31353 31439 31452 31154 30748 31405 

29570 25278 28651 26384 26890 28345 29177 29449 
29382 29550 29632 29703 29570 29529 29369 29545 

28651 26950 27018 28673 28468 22333 28841 28188 
31136 31639 32512 31439 31452 31248 30748 31405 

22583 22744 22562 22562 22629 21704 22575 22408 
24440 22351 22627 22569 22509 22550 22500 22639 

22583 22744 22562 19802 22629 21704 22575 22408 
24908 22351 22627 22569 22509 22550 22500 22639 

22583 20332 22562 20606 22629 21704 22575 22408 
25169 22351 22627 22569 22509 22550 22500 22639 

22583 20332 22562 21607 20193 21975 22575 22408 
23619 22568 22627 22569 22624 22550 22500 22716 

22583 20332 22562 19115 20193 21975 22575 22408 
23767 22568 22627 22569 22624 22550 22500 22716 

26435 25278 28936 27058 28294 28864 29471 29664 
29382 29151 30987 29829 29706 29801 29369 29626 

22583 22744 22562 23864 22791 21704 22575 22408 
23925 22392 22627 22569 22622 22550 22500 23009 

22583 22744 22562 21919 22791 21704 22575 22408 
24875 23247 22627 22569 22622 22550 22500 23009 

22583 22744 22562 21919 20811 21704 22575 22408 
25473 24072 22627 22569 22622 22550 22500 23009 

22583 20332 22562 21919 20811 21704 22575 22408 
25663 24072 22627 22569 22622 22550 22500 23009 

22583 20332 22562 21919 20811 21704 22575 22408 
25663 24072 22627 22569 22622 22550 22500 23009 

20953 20332 22699 19846 21663 22480 22767 22592 
24042 22211 23024 23272 22908 22815 22500 22772 

20061 21706 22562 21919 20811 21704 22575 22408 
23613 23515 22822 22569 23054 22702 22936 23295 

20061 21706 22562 21919 20811 21704 19938 22408 
23907 23515 22822 22569 23054 22702 22936 23295 

22759 23030 23089 21239 23233 23134 23314 21344 
23348 22829 23188 22933 23330 25027 23089 23392 

22759 23030 23089 21239 23233 23134 20941 21344 
23348 22829 23188 22933 23330 25220 23089 23392 

22759 23030 23089 21239 24070 23134 20941 21344 
23348 22829 23188 22933 23330 27149 23089 23392 

22759 23030 23089 21239 22238 23134 20941 21344 
23348 22829 23188 22933 23330 27158 23089 23392 

29910 29884 31794 30834 30755 31117 31264 28328 
31131 31484 31450 31879 30517 31663 30605 33341 

29910 29884 31171 30834 30755 31117 31264 28328 
31131 31484 31450 31879 30517 32875 30605 35474 

22759 23030 23089 21239 22238 22023 20941 21344 
23348 22829 23188 22933 23330 27062 23089 23392 

22759 23030 20375 21239 22238 22023 20941 21344 
23348 22829 23188 22933 23330 26766 23089 23392 

29910 30441 31909 32413 30755 31999 29512 28328 
31536 31783 31920 31879 30517 32947 31412 34568 

29910 30441 31909 28978 30755 32364 30549 28328 
31536 31783 31920 31879 30517 32947 31577 34332 

29910 30441 31909 28978 30755 28590 31141 28328 
31536 31783 31920 31879 30517 32947 31422 34242 

29910 30441 33866 28978 30755 28590 26469 28328 
31536 31783 31920 31879 30517 32947 31379 35586 

29910 30441 33866 28978 30755 28590 26469 28328 
31536 31783 31920 31879 30517 32947 31379 35586 

29910 30441 30329 28978 30755 28590 27882 28328 
31536 31783 31920 31879 30517 32947 30642 36083 

29910 30441 30329 28978 27041 28590 27882 28328 
31536 31783 31920 31879 30517 32947 30642 36183 

29910 26412 30329 30191 27041 28590 27882 28328 
31536 31783 31920 31879 30517 32947 30642 34120 

31655 26412 36413 30191 29758 29743 27882 29697 
32665 33148 34102 31879 30517 35043 31453 41542 

28106 23988 29307 27840 28885 29003 29594 29623 
29609 29094 29690 29493 29473 29609 29533 29662 

28106 23988 30073 27840 28885 29003 30667 28678 
29609 29094 33549 29493 29473 29609 29533 29662 

31655 28536 38943 32039 29758 29743 30166 32911 
32665 34424 35462 31879 30517 36061 31453 43764 

23054 23013 23016 23053 22954 22979 22936 19597 
23048 23054 23027 23029 23012 23050 23044 23034 

29157 32240 34035 34150 32720 33681 33515 34146 
34422 33810 33911 34057 33444 34198 33847 33960 

29157 32240 34035 30386 32720 33681 33515 34146 
36796 33810 33911 34057 33444 34198 33847 33960 

29157 32240 34035 30386 32720 33681 34839 33319 
39157 34780 33911 34057 34102 34198 33847 33960 

30306 32826 34035 30386 32720 33681 31318 33319 
36955 34780 33911 34057 34102 34571 34346 33960 

30306 32826 35378 30386 32720 33681 31318 33319 
41668 34780 33911 34057 34102 34571 34346 33960 

20593 20593 17504 20593 20593 20593 20593 20593 
20593 20593 20593 20593 20593 20593 20593 20593 

28106 23988 30073 27840 28885 29003 30493 28678 
29609 29094 36116 29493 29473 29609 29533 29662 

28106 23988 30073 27840 28885 29003 26519 28678 
29609 29094 35872 29493 29473 29609 29533 29662 

28106 23988 25650 27840 28885 29003 26519 28678 
29609 29094 35302 29493 29473 29609 29533 29662 

28106 23988 25650 27840 28885 25402 26519 28678 
29609 29094 34657 29493 29473 29609 29533 29662 

28106 23988 25650 27840 24820 25402 26519 28678 
29609 29094 34541 29493 29473 29609 29533 29662 

28106 23988 25650 27840 24820 25402 26519 25501 
29609 29094 34111 29493 29473 29609 29533 29662 

25015 23988 25650 27840 24820 25402 26519 25501 
29609 29094 33660 29493 29473 29609 29533 29662 

25015 23988 25650 28211 24820 25402 26519 25501 
29609 29094 33226 29493 29473 29609 29533 29662 

25015 23988 25650 24979 24820 25402 26519 25501 
29609 29094 33073 29493 29473 29609 29533 29662 

25015 23988 25650 24979 24820 25402 22944 25501 
29609 29094 33139 29493 29473 29609 29533 29662 

19996 23413 23244 23064 23224 23195 23244 21117 
23391 23404 23068 23473 23584 23215 23138 23295 

19996 20962 23244 23064 23224 23195 23244 21117 
23391 23404 23068 23473 24346 23215 23138 23295 

23008 23077 23043 22999 23094 23084 19560 23048 
23083 23063 23027 23093 23082 22948 22986 23087 

23008 23077 23043 22999 20382 23084 19560 23048 
23083 23063 23027 23991 23082 22948 22986 23087 

23008 23077 23043 22999 19806 23084 19560 23048 
23083 23063 23027 23366 23082 22948 22986 23087 

23008 23077 23043 22999 19806 19621 19560 23048 
23083 23063 23027 23323 23082 22948 22986 23087 

24487 24956 24484 21496 25153 25222 25243 25165 
24697 25068 24673 25016 24652 24789 23995 25293 

24487 24956 24484 21496 25153 25222 21725 25165 
24697 25068 24673 25381 24652 24789 23995 25293 

24487 24956 24484 21496 25153 22320 21725 25165 
24697 25068 24910 26671 24652 24789 23995 25293 

24487 24956 24484 21496 25153 22320 21725 21890 
24697 25068 24910 26745 24652 24789 23995 25293 

23008 19912 23043 22999 19806 19621 19560 23048 
23083 23063 23042 23488 23082 22948 22986 23087 

23008 19912 23043 22999 19806 19621 19560 20590 
23083 23063 23042 24022 23082 22948 22986 23087 

23008 19912 22469 22999 19806 19621 19560 20590 
23083 23063 23042 26326 23082 22948 22986 23087 

20306 19912 22469 22999 19806 19621 19560 20590 
23083 23063 23042 26278 23082 22948 22986 23087 

24892 25776 25215 23621 22525 24931 22961 23622 
25925 25836 24695 25572 25000 25832 25148 26493 

24892 21909 25215 23621 22525 24931 22961 23622 
25925 25836 24695 25572 25000 25832 25148 26385 

24892 21909 23327 23621 22525 24931 22961 23622 
25925 25836 24695 25572 25000 25832 25148 27927 

24892 21909 23327 23621 22525 23054 22961 23622 
25925 25836 24695 25572 25000 25832 25148 28584 

23034 21909 23327 23621 22525 23054 22961 23622 
25925 25836 24695 25572 25000 25832 25148 28004 

23034 21909 23327 23621 22525 23054 22961 22267 
25925 25836 24695 25572 25000 25832 25148 28352 

23034 21909 23327 23621 22525 23054 22961 22267 
25925 25836 24695 25572 25000 25832 25148 28352 

32728 27830 32742 32720 32742 32725 32742 32742 
32740 32737 32738 32740 32741 32728 32736 32741 

32728 27830 28636 32720 32742 32725 32742 32742 
32740 32737 32738 32740 32741 32728 32736 33735 

24130 23065 24138 21565 23834 23367 23761 23751 
24859 24917 24695 24920 24896 24851 24927 25371 

33655 27830 28636 32868 33288 32725 32742 32742 
32740 32737 32738 32740 32741 32728 32736 39163 

28606 27830 28636 32868 33288 32725 32742 32742 
32740 32737 32738 32740 32741 32728 32736 38336 

28606 32302 28636 32868 49120 32725 32742 36201 
36949 32737 36409 32740 32741 36614 32736 53736 

28606 32302 28636 32868 42877 32725 32742 36201 
36949 32737 36409 32740 32741 36614 32736 53493 

28606 32302 28636 32868 42877 32725 32742 36201 
36949 32737 36409 32740 32741 36614 32736 53493 

28606 32302 28636 32868 40123 32725 32742 36201 
36949 32737 36409 32740 32741 36614 32736 52022 

28606 32302 28636 32868 37067 32725 32742 36201 
36949 32737 37244 32740 32741 36614 32736 46905 

28606 32302 28636 32868 35309 32725 32742 36201 
36949 32737 37244 32740 32741 36614 32736 43960 

27735 27735 27735 27735 23575 27735 27735 27735 
27735 27735 27735 27735 27735 27735 27735 27735 

23962 27735 27735 27735 23575 27735 27735 27735 
27735 27735 27735 27735 27735 29985 27735 27735 

23601 21909 23764 22658 23076 23527 24144 23304 
25839 25470 25709 25892 24847 26677 25738 25875 

23601 21909 23764 22658 23076 23527 21084 23304 
25839 25470 25709 25892 24847 26747 25738 25875 

28606 32302 30247 32868 36061 32725 35308 34030 
37996 32737 37244 32740 32741 36614 33722 39951 

30701 32757 33139 33739 35042 33992 29861 34998 
35044 33812 35040 33549 34255 35128 34386 34865 

30701 32757 33139 33739 30240 34315 29861 34998 
35044 33812 35040 33549 34215 35978 34386 34865 

30701 32757 33868 33739 30240 35004 31130 31952 
34173 33812 35644 34624 34215 37880 34386 34865 

30701 32757 33868 33739 30240 31455 31130 31952 
34173 33812 35644 34624 34215 38526 34386 34865 

30701 32757 35478 34258 30240 32757 31814 32508 
34045 33812 35248 34624 34619 35622 34386 35034 

30701 32757 30189 34258 30240 32757 31814 32508 
34045 33812 35248 34624 34619 36200 34386 35034 

31383 32757 30189 30304 30240 32757 32199 32508 
34045 33812 35907 34624 34619 34346 34761 35034 

31383 32757 30189 30304 30240 29648 32199 32508 
34045 33812 36029 34624 34619 34346 34761 35034 

33765 31519 30189 30304 30240 30719 32583 34603 
34045 33812 37057 35000 34619 34021 35768 35034 

36980 41952 41670 37539 38695 40456 37982 35836 
42141 40667 41520 41789 41668 41762 39242 39728 

36980 36635 41670 37539 38695 40456 37982 35836 
43182 40667 41520 41789 41668 41762 39242 40231 

36980 36635 37048 37539 38695 40456 37982 35836 
45300 40667 41520 41789 41668 41762 39242 40231 

36980 36635 37048 37539 38695 35387 37982 35836 
45173 40667 41520 41789 41668 41762 39242 40231 

34025 33070 31287 31894 31675 32567 28992 34103 
34108 33783 33762 34043 33979 33661 34052 33934 

34025 33070 31287 31894 31675 32567 28992 34103 
34108 33783 33762 34043 33979 33661 34052 33934 

28860 33192 32026 32480 31675 32786 30945 33941 
33864 33758 33793 33434 33798 33754 33886 33784 

30508 36107 35310 30616 36028 35446 35810 36514 
36068 36398 36147 36352 36427 36441 36084 36293 

25094 25635 24491 25345 24571 25242 25562 25257 
27934 25732 25627 25596 25436 25237 25824 25754 

25094 25635 24491 22668 24571 25242 25562 25257 
27995 25732 25627 25596 25436 25237 25824 25754 

25094 25635 24491 20167 24571 25242 25562 25257 
28095 25732 25627 25596 25436 25237 25824 25754 

25094 22389 24491 22267 24571 25242 25562 25257 
27825 25732 25627 25596 25436 25237 25824 25754 

25094 22389 24491 22267 24571 25242 23262 25257 
27800 25732 25627 25596 25436 25237 25824 25754 

25094 22389 24491 22267 24571 25242 23262 22513 
27918 25732 25627 25596 25436 25237 25824 25754 

25094 22389 24491 22267 24571 23863 23262 22513 
28808 25732 25627 25596 25436 25237 25824 25754 

29618 24006 25483 22267 20885 23863 24361 23192 
28607 25732 26287 25596 25436 25137 25824 25754 

25925 24006 25483 22267 20885 23863 24361 23192 
29058 25732 26287 25596 25436 25137 25824 25754 

25175 25175 25174 25175 21398 25175 25175 25175 
25175 25175 25175 25175 25175 25174 25174 25175 

25175 25175 25174 25175 21398 22253 25175 25175 
25175 25175 25175 25175 25616 25316 25174 26441 

25175 25175 25174 25175 21398 22253 25175 22721 
25175 25175 25175 25175 25616 25316 25174 26916 

25175 24424 25174 25175 21398 22253 25175 22721 
25175 25175 25175 25175 25616 25316 25174 28603 

25175 24424 25174 25175 21398 22253 25175 22721 
25175 25175 25175 25175 25616 25316 25174 28603 

21398 24424 25174 25175 21398 22253 28293 24278 
25175 25175 25175 25175 25616 25316 25174 27662 

21398 24424 25174 25175 21398 22253 24949 24278 
25175 25175 25175 25175 25616 25316 25174 28656 

21398 24424 25174 22587 21398 22253 24949 24278 
25175 25175 25175 25175 25616 25316 25174 27716 

22666 26148 28069 25579 21398 22253 24998 25952 
25175 25062 25175 25175 25616 25316 25974 32679 

24553 28034 29770 26425 22695 23246 25864 25952 
26594 25683 25175 25175 27033 25316 25974 33401 

25662 27855 31341 30702 22695 23246 25864 27288 
27611 27800 27328 25175 27033 25316 25974 35164 

21821 25283 25338 25025 25424 25271 25319 25450 
25410 25459 25673 25247 25302 25475 25292 25267 

25662 27855 32280 30702 22695 23246 25864 27288 
27611 27800 27328 25175 27033 25316 25974 37590 

25838 25837 25837 25838 21962 25837 25838 25837 
25838 25838 25838 25838 25837 25838 25824 25838 

34855 29627 34855 34855 34855 34855 34855 34855 
34855 34855 34855 34855 34855 34855 34855 34855 

26430 22891 26347 26925 24427 26357 26296 26321 
26094 26095 26381 26380 26330 26931 26302 26521 

35050 31847 30444 35021 35056 34968 34937 35052 
34647 34986 35146 35187 35151 34990 36086 34942 

35050 31847 30444 35021 36086 30347 34937 35052 
34647 34986 35146 35187 35151 34990 38037 34942 

36340 33249 30444 35021 33840 33104 34937 35052 
34647 34986 35146 34677 35151 34990 39464 34942 

32314 33249 30444 35021 33840 33104 34937 35052 
34647 35692 35146 34677 35151 34990 38549 36142 

27888 33249 30444 35021 33840 33104 34937 36492 
34647 35692 35146 34677 35151 34990 39349 36142 

35486 35487 35494 35494 35494 30170 35494 35494 
35494 35493 35493 35493 35493 35493 35492 35493 

35676 41849 41838 40571 41747 41941 40921 40079 
41835 41260 41655 41907 41308 41796 40792 41844 

35676 41849 41838 40571 41747 36274 40921 40079 
41835 41260 41655 42662 41308 41796 40792 41844 

35676 41849 41838 40571 41747 30919 40921 40079 
41835 41260 41655 42153 41308 41796 40792 41844 

35676 41849 41838 40571 41747 27781 40921 40079 
41835 41260 41655 40767 41308 41796 40792 41844 

35676 41849 41838 40571 41747 23801 40921 40079 
41835 41260 41655 40767 41308 41796 40792 40184 

35676 41849 41838 40571 41747 21355 40921 40079 
39579 41260 41655 40767 41308 41796 40792 40184 

35676 36696 41838 40571 41747 21355 40921 40079 
39579 41260 41655 40767 41308 42253 40792 40184 

35676 36696 36168 40571 41747 21355 40921 40079 
39579 41260 41790 41034 41308 42887 41634 40184 

35676 36696 36168 40571 36484 21355 40921 40079 
39579 41260 41790 41034 41308 43316 41634 40184 

35676 36696 36168 40571 36484 21355 35064 40079 
39579 41260 41790 41034 41308 43406 41634 40184 

38628 32835 38628 38618 38629 38602 38627 38601 
38614 38630 38630 38604 38618 38589 38610 38628 

