0 0 0 0 0 0 0 0 
0 0 0 0 0 0 0 0 

3374 0 0 0 0 0 0 0 
4049 0 0 0 0 0 0 0 

3269 0 0 0 0 0 0 0 
4571 0 0 0 0 0 0 0 

4339 0 0 0 0 0 0 0 
5444 0 0 0 0 0 0 0 

4532 0 0 0 0 0 0 0 
5079 0 0 0 0 0 0 0 

6829 0 0 0 0 0 0 0 
10594 0 0 0 0 0 0 0 

4078 0 0 0 0 0 0 0 
4570 0 0 0 0 0 0 0 

11170 0 0 0 0 0 0 0 
7113 0 0 0 0 0 0 0 

10052 0 0 0 0 0 0 0 
6401 0 0 0 0 0 0 0 

9708 0 0 0 0 0 0 0 
11193 0 0 0 0 0 0 0 

14362 0 0 0 0 0 0 0 
19073 0 0 0 0 0 0 0 

12925 0 0 0 0 0 0 0 
17165 0 0 0 0 0 0 0 

11971 0 0 0 0 0 0 0 
15035 0 0 0 0 0 0 0 

12269 0 0 0 0 0 0 0 
17503 0 0 0 0 0 0 0 

12269 0 0 0 0 0 0 0 
17503 0 0 0 0 0 0 0 

9871 0 0 0 0 0 0 0 
16586 0 0 0 0 0 0 0 

8815 0 0 0 0 0 0 0 
13710 0 0 0 0 0 0 0 

4622 0 0 0 0 0 0 0 
7132 0 0 0 0 0 0 0 

-2 -3 -2 -2 -1 -2 -2 103 
6 92 -1 0 4 -1 0 0 

-2 -3 -2 -2 -1 -2 -2 92 
6 82 -1 0 4 -1 0 0 

5935 -3 32368 -2 4374 -2 -2 35746 
6 40210 8599 0 22097 -1 0 0 

5935 -3 32368 -2 4374 -2 -2 38838 
6 40189 8599 0 22097 -1 0 0 

5935 -3 32368 -2 4374 -2 -2 38838 
6 40189 8599 0 22097 -1 0 0 

5341 -3 32368 -2 4374 -2 -2 39954 
6 41170 7738 0 22097 -1 0 0 

4805 -3 26217 -2 4374 -2 -2 27022 
6 31632 6964 0 19887 -1 0 0 

4324 -3 26217 -2 8311 -2 -2 19698 
6 31921 6267 0 17898 -1 0 0 

448 0 0 0 0 0 0 0 
2036 1044 0 0 0 0 0 0 

2569 0 0 0 0 0 0 0 
14832 1044 0 0 0 0 0 0 

10 -3 -3 -3 -4 1328 -4 -4 
13 3999 0 0 0 -1 -1 0 

10 -3 -3 -3 -4 1328 2496 -4 
13 6599 0 0 0 -1 -1 0 

-3 -3 -6 -3 -4 -3 -4 -3 
-1 -1 -1 -1 -1 -1 -1 -1 

418 -3 -6 -3 -4 -3 -4 -3 
-1 -1 -1 3279 -1 -1 -1 -1 

2551 -3 6423 -2 4385 -2 -2 8293 
5 5662 4384 0 3678 -1 0 0 

8962 -3 6423 -2 4385 -2 -2 8293 
5 5662 7945 0 3678 -1 0 0 

3468 -3 5578 -2 4184 2106 -2 6013 
5 3166 4623 0 4587 -1 0 0 

9787 -3 5297 -2 4184 2106 -2 6013 
5 3166 8160 0 9128 -1 0 0 

4532 -2 3126 -2 2468 1533 -2 3549 
5 1225 2843 0 3955 -1 0 0 

9078 -2 7813 -2 2468 1533 -2 3549 
5 1225 4558 0 6559 -1 0 0 

133 -3 142 -6 168 -2 -2 166 
3 52 63 0 58 -1 0 0 

3235 -2 1258 -2 1212 1116 -2 2191 
4 584 1896 0 1029 -1 0 1938 

2911 -2 1258 -2 5481 1116 -2 2191 
4 584 6035 0 1029 -1 0 1744 

2619 -2 1258 -2 15970 1116 -2 2191 
4 584 9388 0 9433 -1 0 1744 

2619 -2 1258 -2 21039 1116 -2 2191 
4 584 12449 0 9433 -1 0 1744 

2619 -2 1258 -2 28935 1116 -2 2191 
4 584 13204 0 9433 -1 0 1744 

336 -5 -6 -4 -5 -5 -5 -4 
-1 -1 -1 -1 -1 -1 -1 255 

480 -2 389 -2 428 590 -3 444 
4 225 295 0 462 -1 0 357 

480 -2 389 -2 428 8031 -3 444 
3003 225 295 0 462 -1 0 357 

4 -1 -2 0 -1 -2 -1 -3 
102 111 114 0 0 0 0 0 

10003 -1 -2 0 -1 -2 -1 -3 
2091 111 114 0 0 0 0 0 

24460 -1 -2 0 -1 -2 -1 -3 
8717 111 114 0 0 0 0 0 

35031 -1 -2 0 -1 -2 -1 -3 
11774 111 114 0 0 0 0 0 

27609 -1 -2 0 -1 -2 -1 -3 
12203 111 114 0 0 0 0 0 

24755 -1 -2 0 -1 -2 -1 -3 
10982 111 114 0 7199 0 0 0 

4122 -3 -2 0 -1 -2 -1 -3 
6719 4525 1882 0 2787 0 0 0 

13709 -3 -2 0 -1 -2 -1 -3 
8047 4525 1882 0 2787 0 0 0 

1 -4 -7 1 -5 -4 -5 -5 
-1 -1 -1 -1 -1 -1 -1 -1 

0 3308 -7 1 -5 -4 -5 -5 
7975 -1 -1 -1 -1 1618 -1 -1 

0 6062 -7 1 -5 -4 -5 -5 
7988 -1 -1 -1 -1 4456 -1 -1 

0 6062 -7 1 -5 5139 -5 -5 
7988 -1 -1 -1 -1 10809 -1 -1 

0 6062 -7 1 -5 5139 -5 -5 
7988 -1 -1 -1 -1 10809 -1 -1 

0 5455 -7 1 -5 12376 -5 -5 
7189 5668 -1 -1 -1 13729 -1 -1 

0 5455 -7 1 -5 17138 -5 -5 
7189 5668 -1 -1 -1 18356 -1 -1 

0 5455 -7 1 -5 12897 -5 -5 
7189 5668 -1 -1 -1 15001 -1 -1 

0 13283 -7 1 -5 9148 -5 -5 
9278 10782 -1 -1 -1 12757 7499 -1 

-3 -3 -2 -6 -2 -3 -3 -1 
-1 -1 -1 -1 -1 -1 -1 -1 

0 18017 -7 0 4995 3257 -5 -4 
5386 21675 -1 -1 -1 5151 8590 -1 

-3 -3 -2 -6 -4 9770 -3 -1 
5322 -1 -1 -1 -1 -1 -1 1618 

-2 -2 -3 -3 -3 -3 -3 -3 
-1 -1 -1 -1 -1 -1 -1 -1 

0 16599 -7 0 4995 2227 -5 -4 
5386 19356 -1 -1 -1 5151 8590 -1 

0 20710 -7 0 7983 2227 -5 -4 
18462 19356 -1 -1 -1 5151 13257 -1 

0 8147 -7 0 5447 1622 -5 -4 
9837 14207 -1 -1 -1 6635 8902 -1 

0 9804 -6 0 3214 8662 -5 -4 
13769 7071 -1 -1 -1 3525 5851 -1 

0 14298 -6 0 3214 12795 -5 -4 
25052 7071 -1 -1 -1 6172 5851 -1 

-6 -4 -10 -7 -4 -5 -4 -3 
-1 -1 -1 -1 -1 -1 -1 -1 

-2 -3 -2 -2 -2 -2 -2 -2 
-1 -1 -1 -1 -1 -1 -1 -1 

-2 -3 -2 -2 2810 -2 -2 -2 
-1 -1 -1 -1 4498 -1 -1 -1 

-2 -3 -2 -2 3117 -2 -2 -2 
-1 -1 -1 -1 6048 -1 -1 -1 

-2 -3 -2 -2 10305 -2 -2 -2 
-1 -1 -1 -1 8443 -1 -1 -1 

-2 -3 -2 -2 11274 -2 -2 -2 
-1 -1 -1 -1 11598 -1 -1 -1 

-2 -3 -2 -2 17646 -2 -2 -2 
-1 -1 -1 -1 13438 -1 -1 -1 

-2 -3 -2 -2 23381 -2 -2 -2 
-1 -1 -1 -1 15094 -1 -1 -1 

-2 3372 -2 -2 7167 -2 -2 -2 
-1 -1 -1 -1 6259 -1 -1 -1 

-2 3372 -2 -2 13950 -2 -2 -2 
-1 -1 -1 -1 8633 -1 -1 -1 

-2 3372 -2 -2 19163 -2 -2 -2 
-1 -1 -1 -1 21592 -1 -1 -1 

-5 -4 -4 -4 5776 -4 -5 -5 
-1 -1 -1 -1 -1 -1 7090 -1 

-5 4996 -4 -3 4678 -4 -5 -5 
-1 -1 -1 -1 -1 -1 8296 -1 

-5 5607 -4 -3 3788 -4 -5 -5 
-1 -1 -1 -1 -1 -1 7667 -1 

-5 10046 -4 -3 3408 -4 -5 -5 
-1 -1 -1 -1 -1 -1 14310 -1 

45 -4 -7 4 -5 0 689 1 
-1 13 18 16 13 31 -1 526 

45 -4 -7 4 -5 0 619 1 
-1 13 18 16 13 31 -1 473 

45 -4 -7 4 -5 714 402 1 
-1 13 18 16 11 31 -1 2309 

40 -4 -7 4 -5 714 2361 1 
-1 13 18 16 11 31 -1 3670 

2844 -4 -7 4 -5 714 1911 1 
-1 13 18 16 11 31 -1 6457 

9226 -4 -7 4 -5 714 1911 1 
-1 13 18 16 11 31 -1 9811 

-3 -3 -2 -2 -3 -3 -3 -2 
-1 -1 -1 -1 -1 -1 -1 -1 

-3 -3 6664 -2 -3 -3 -3 -2 
-1 -1 -1 3999 -1 -1 -1 -1 

-3 -3 9097 -2 -3 -3 -3 -2 
4048 -1 -1 5539 -1 -1 -1 3598 

-3 -3 13187 -2 -3 -3 -3 -2 
4048 -1 -1 8985 -1 -1 -1 3598 

-8 1365 -5 -4 -9 -4 -6 -5 
-1 1652 -1 -1 -1 -1 -1 -1 

-8 1228 -5 -4 -9 -4 -6 -5 
-1 1486 -1 -1 -1 -1 -1 -1 

-8 13061 -5 -4 -9 -4 -6 -5 
-1 10603 -1 -1 -1 -1 -1 -1 

-8 11546 -5 -4 -9 -4 -6 -5 
-1 13088 -1 -1 -1 -1 -1 -1 

-8 11219 -5 -4 -9 -4 -6 -5 
-1 13590 -1 -1 -1 -1 -1 -1 

-8 15574 -5 -4 -8 -3 -6 -5 
-1 13388 -1 -1 -1 3999 -1 -1 

-8 15574 -5 -4 -8 -3 -6 -5 
-1 13388 -1 -1 -1 3999 -1 -1 

107 -4 -7 232 -5 83 280 0 
-1 6 8 8 4 17 44 58 

107 -4 -7 3168 -4 83 2252 0 
-1 6 8 8 4 1813 1651 58 

1840 -4 -7 3382 -4 66 4396 0 
-1 4352 7 8 2 3314 1657 52 

738 -6 -6 2 -5 -2 6 -4 
-1 0 0 0 0 2257 3 5 

738 -6 -6 2 -5 -2 6 -4 
-1 0 0 0 0 2257 3 5 

3997 -6 -6 2 -5 20942 6 -4 
-1 0 29596 0 0 2257 3 5 

3997 -6 -6 2 -5 25514 6 -4 
-1 0 30636 0 0 2257 3 5 

3997 -6 -6 2 -5 25514 6 -4 
-1 0 30636 0 0 2257 3 5 

3997 -6 -6 2 -5 30211 6 -4 
-1 0 30572 0 0 7031 3 5 

3997 -6 -6 2 -5 15332 6 -4 
-1 0 18051 0 0 7494 3 5 

3997 -6 -6 2 -5 11923 6 -4 
-1 0 11842 0 0 13744 3 5 

-2 -2 -2 -2 -2 -2 -2 -2 
-1 -1 -1 -1 -1 -1 -1 -1 

-2 7955 -2 -2 -2 -2 -2 -2 
-1 -1 -1 -1 14899 -1 -1 -1 

1687 -6 -6 1 -5 6077 5 -4 
-1 0 3807 0 0 3490 2391 5 

3184 -6 -6 1 -5 7776 5 -4 
-1 0 3807 0 0 3490 14336 5 

84 -4 -10 305 469 721 949 0 
-1 564 6 6 2 262 139 524 

-8 -5 15 -6 9 20902 -5 246 
-1 -1 -1 15 -1 -1 -1 18710 

-8 -5 15 -6 7 16891 -5 1888 
-1 -1 -1 15 -1 -1 -1 15834 

-8 -5 15 -6 7 16891 -5 8365 
-1 -1 -1 15 -1 -1 -1 18250 

-3 -4 -4 -4 -8 -2 -2 -3 
-1 -1 0 -1 -1 0 -1 -1 

-3 -4 -4 -4 -8 -2 -2 326 
-1 -1 0 -1 -1 6000 -1 -1 

-7 -5 15 -6 7 1786 -5 623 
-1 -1 -1 15 -1 -1 -1 710 

-3 -4 -4 -4 -8 -2 -2 1634 
-1 -1 955 -1 -1 385 -1 -1 

-7 -5 15 -6 7 10946 -5 623 
-1 -1 -1 15 -1 -1 -1 6175 

-9 -5 15 -6 7 1628 -5 1144 
-1 -1 -1 15 -1 -1 -1 253 

-9 -5 15 -6 7 5236 -5 6029 
-1 -1 -1 15 -1 -1 -1 5592 

-9 -5 15 -6 7 5236 -5 9517 
-1 -1 -1 15 -1 -1 -1 14032 

-9 -5 15 -6 7 5236 -5 15231 
-1 -1 -1 15 -1 -1 -1 16628 

-9 -5 15 -6 7 5236 -5 13707 
-1 -1 -1 15 -1 -1 -1 14965 

-7 -5 11 936 7 754 -4 366 
-1 298 -1 15 -1 -1 -1 485 

-9 -5 3 -6 5 178 -4 93 
-1 -1 -1 5 -1 -1 -1 11 

-9 -5 3 -6 5 7660 -4 93 
-1 -1 -1 5 -1 -1 -1 3009 

-7 -4 23 49 1 21 -7 27 
-1 1 -1 0 -1 -1 -1 0 

-7 -4 23 49 1 21 -7 5024 
-1 1 -1 0 -1 -1 -1 5000 

-7 -4 23 49 1 21 -7 20519 
-1 1 -1 0 -1 -1 3999 11694 

-7 -4 23 49 1 21 -7 25758 
-1 1 -1 0 -1 -1 3598 15172 

-7 -4 23 49 1 21 -7 22592 
-1 1 -1 0 -1 -1 6238 16089 

-7 -4 23 49 1 11826 -7 29162 
-1 1 -1 0 -1 -1 12452 24808 

-7 -4 1366 840 1 9733 -7 7030 
-1 1 -1 0 1456 -1 3535 8684 

-7 -4 1366 5756 1 9733 -7 7030 
-1 1 -1 0 1456 -1 3535 9815 

350 -6 389 -4 -5 -5 -3 -4 
-1 94 -1 2 4 -1 1 -1 

2307 -6 314 -4 -5 -5 -3 -4 
-1 5143 -1 2 4 -1 1 -1 

7085 -6 314 -4 -5 -5 -3 -4 
-1 9140 -1 2 4 -1 1 -1 

10881 -6 314 -4 -5 -5 -3 -4 
-1 14603 -1 2 4 -1 1 -1 

10881 -6 314 -4 -5 -5 -3 -4 
-1 14603 -1 2 4 -1 1 -1 

20624 -6 314 -4 -5 -5 -3 -4 
-1 16800 -1 2 4 -1 1 -1 

24394 -6 314 -4 -5 -5 -3 -4 
-1 22120 -1 2 4 -1 1 -1 

17217 -6 314 -4 -5 -5 -3 -4 
-1 16699 -1 2 4 -1 1 -1 

-7 -5 -3 -5 -3 -2 -6 -2 
-1 0 -1 0 -1 -1 -1 0 

17810 -6 670 -4 -5 572 -2 -3 
-1 16739 -1 1 2702 -1 955 -1 

6892 -6 541 -4 -5 6100 -2 -3 
-1 4690 -1 0 2188 -1 773 -1 

-7 1093 -2 963 13506 -2 -6 -2 
5262 2999 -1 10411 -1 -1 -1 0 

-3 -3 -3 -3 -2 -3 -3 -3 
-1 -1 -1 -1 -1 -1 -1 -1 

-2 -2 -2 -2 -2 -2 -2 -2 
-1 -1 -1 -1 -1 -1 -1 -1 

-4 -3 -4 -5 -5 -4 -8 -4 
-1 -1 -1 -1 -1 -1 -1 -1 

-2 -2 -2 5623 -2 -2 -2 -2 
-1 -1 -1 -1 -1 -1 -1 14184 

-2 -2 -2 8721 21021 -2 -2 -2 
-1 -1 -1 -1 -1 -1 -1 17739 

-2 -2 -2 8721 20142 -2 -2 -2 
-1 -1 -1 -1 -1 -1 -1 30568 

-2 -2 -2 14825 6168 3998 8860 -2 
5601 12985 -1 -1 -1 -1 -1 10068 

6217 -6 541 -4 -5 6100 -2 -3 
-1 4690 -1 20000 2188 -1 773 -1 

5595 -6 541 -4 -5 8490 -2 -3 
-1 4220 -1 21000 2188 -1 773 -1 

5623 -6 541 -4 -5 8490 -2 -3 
-1 4220 -1 21000 2188 -1 2695 -1 

10060 -6 541 -4 -5 8490 -2 -3 
-1 4220 -1 21000 2188 -1 5425 -1 

12387 -6 541 -4 -5 8490 -2 -3 
-1 4220 -1 21000 2188 -1 8882 -1 

18648 -6 541 -4 -5 8490 -2 -3 
-1 4220 -1 21000 2188 -1 10993 -1 

24283 -6 541 -4 -5 8490 -2 -3 
-1 4220 -1 21000 2188 -1 12893 -1 

16697 -6 541 -4 -5 6875 -2 -3 
-1 3797 -1 16075 2188 -1 14632 -1 

21693 -6 541 -4 -5 6875 -2 -3 
-1 3797 -1 16075 2188 -1 17168 -1 

23690 -6 541 -4 -5 6875 -2 -3 
-1 3797 -1 16075 2188 -1 20451 -1 

-7 -4 -4 -3 -4 -4 -3 305 
-1 0 -1 563 -1 0 -1 368 

-7 -4 4496 -3 -4 -4 -3 3621 
-1 0 -1 4986 -1 0 -1 368 

-7 -4 4641 -3 -4 -4 -3 3258 
-1 0 -1 5254 -1 0 -1 368 

-7 -4 8258 -3 -4 -4 -3 2932 
-1 0 -1 8689 -1 0 -1 368 

-2 -3 -3 -3 -2 -2 -3 -3 
-1 -1 -1 -1 -1 -1 -1 -1 

-2 -3 -3 -2 -2 -2 -3 -3 
-1 -1 -1 -1 -1 -1 -1 -1 

-2 -3 -3 2801 -2 -2 -3 -3 
-1 -1 -1 5719 -1 -1 -1 -1 

-2 -3 -3 4068 -2 -2 -3 -3 
-1 -1 -1 6432 -1 -1 -1 -1 

-2 -3 -3 6139 -2 -2 -3 -3 
-1 -1 -1 9079 -1 -1 -1 -1 

-2 -3 -3 13025 -2 -2 -3 -3 
-1 -1 -1 11171 -1 -1 -1 -1 

-3 115 -3 125 -2 -3 -4 96 
-1 -1 215 129 -1 183 -1 -1 

-3 115 -3 7612 -2 -3 -4 96 
-1 -1 215 129 -1 3164 -1 -1 

-3 115 -3 9448 -2 -3 -4 96 
-1 -1 215 129 -1 10262 -1 -1 

-3 115 -3 18052 -2 -3 -4 96 
-1 -1 215 129 -1 17712 -1 -1 

-6 -4 -2 -3 2 -5 -6 4 
-1 38 48 -1 51 -1 4 45 

-6 -4 -2 -3 2 -5 -6 3 
-1 38 48 -1 45 -1 4 45 

-6 -4 -2 -3 2 -5 -6 5558 
-1 38 48 -1 10040 -1 4 45 

-6 -4 -2 -3 2 -5 -6 6076 
-1 38 48 -1 12418 -1 4 45 

-6 -4 -2 -3 2 -5 -6 10769 
-1 38 48 -1 12764 -1 4 45 

-6 -4 -2 -3 2 -5 -6 13139 
-1 38 48 -1 15613 -1 4 45 

-6 -4 -2 -3 2 -5 -6 13139 
-1 38 48 -1 15613 -1 4 45 

-7 -7 1165 -4 -4 -6 -8 -2 
-1 2705 5 -1 6 -1 1241 5 

-7 -7 848 -4 -4 -6 -8 -2 
-1 2190 5 -1 6 -1 1116 5 

-2 -2 -2 -2 -2 -2 -2 -2 
-1 -1 -1 -1 -1 -1 -1 -1 

1766 -7 3315 1578 1590 -4 -8 1432 
-1 2041 4 -1 6 -1 1210 5 

1766 -7 3315 1420 1590 -4 -8 1432 
-1 1836 4 -1 6 -1 1210 5 

1766 -7 10483 1420 13534 -4 -8 1432 
-1 15787 4 -1 6 -1 11532 5 

1766 -7 10483 1420 17180 -4 -8 1432 
-1 16208 4 -1 6 -1 11532 5 

1766 -7 10483 1420 17180 -4 -8 1432 
-1 16208 4 -1 6 -1 11532 5 

4922 -7 10483 1420 17180 7496 -8 1432 
-1 20587 4 -1 6 -1 13378 5 

5429 -7 7641 1420 13915 5828 -8 1432 
-1 13467 4 -1 6 -1 11372 4 

8897 -7 6876 1420 12523 5245 -8 1432 
-1 17107 4 -1 6 -1 9210 4 

-2 -2 -2 -2 -2 -2 -2 -3 
-1 -1 -1 -1 -1 -1 -1 -1 

-2 -2 8593 -2 -2 -2 -2 -3 
-1 -1 -1 -1 3999 -1 11999 -1 

5665 2424 2660 1033 3926 2506 7516 1288 
-1 4049 4 4162 6 -1 3746 4 

5665 2424 2660 1033 3926 2506 8907 1288 
-1 4049 4 6745 6 -1 3746 4 

-6 -4 55 -3 -2 -5 -8 88 
-1 24 24 517 450 -1 241 40 

-6 -4 49 6365 -2 495 -8 88 
-1 24 24 8116 6551 -1 241 40 

45 34 35 35 30 52 21 45 
-1 -1 -1 0 0 -1 -1 -1 

-5 -4 39 4346 -2 2648 -8 78 
3115 15 19 3634 4855 -1 4315 32 

-5 -4 39 5022 -2 7383 -8 78 
3115 15 19 3634 8369 -1 6883 32 

-5 -4 39 5022 -2 11367 -8 78 
3115 15 19 3634 15532 -1 9194 32 

-4 -4 39 1572 -2 5189 -8 70 
2043 15 16 2943 4417 -1 3204 28 

-4 -4 39 1572 -2 9670 -8 70 
2043 15 16 2943 6975 -1 3204 28 

-7 -4 39 395 -2 293 -7 390 
1673 13 15 1265 1169 -1 1095 25 

-4 -4 39 2268 -2 2792 -8 62 
1205 15 14 2464 1849 1310 1891 25 

-4 -4 39 6336 -2 7512 -8 62 
3084 15 14 4217 1849 1310 1701 25 

-4 -4 39 8881 -2 13459 -8 62 
5775 15 14 8795 1849 1310 5377 25 

-4 -4 39 14659 -2 13459 -8 62 
5775 15 14 11915 1849 1310 5377 25 

-4 -4 39 14659 -2 13459 -8 62 
5775 15 14 11915 1849 1310 5377 25 

-4 -4 30 238 -2 264 -8 49 
1068 11 14 843 421 409 898 22 

18 2 6 -5 10 -5 0 2340 
-1 -1 -1 17 1640 18 9 -1 

18 2 6 -5 10 -5 0 8772 
-1 -1 -1 17 5476 18 9 -1 

-3 -4 0 7 179 1 -9 2 
8 3 3 244 17 20 13 4 

-3 -4 0 7 7661 1 -9 2 
8 3 3 3219 17 20 13 4 

-3 -4 0 7 24109 1 -9 2 
8 3 3 11207 17 3018 13 4 

-3 -4 0 7 34775 1 -9 2 
8 3 3 12877 17 4716 13 4 

-3 -4 0 7 29279 1 -9 2 
8 3 3 15230 17 6244 13 4 

-3 -4 0 7 25394 1 -9 2 
8 3 3 18636 17 5619 13 4 

-4 -4 -2 13617 -4 -5 -3 -5 
-1 0 -1 -1 -1 -1 -1 10650 

-4 -4 -2 13617 -4 -5 -3 -5 
-1 0 -1 -1 -1 -1 -1 10650 

-3 -4 0 7 4393 0 -9 2 
7 3 3 4067 3632 3132 10 4 

-3 -4 1111 7 5048 4499 -9 2 
7 3 2 8864 6541 5746 10 4 

-3 -4 1111 7 8981 4499 -9 2 
7 3 2 9977 5297 7171 10 4 

-3 -4 1111 7 11131 4499 -9 2 
7 3 2 14979 5297 6453 10 4 

-3 -4 1111 7 11131 4499 -9 2 
7 3 2 14979 5297 6453 10 4 

-3 -4 1111 7 13068 4499 -9 2 
7 3 1 18314 4767 7026 10 4 

-3 -4 1111 7 17761 4499 -9 2 
7 3 1 22482 4767 7026 10 4 

-3 -4 1111 7 13545 4499 -9 2 
7 3 1 18189 4767 7026 10 4 

-4 -3 -2 -3 -3 -2 -6 -2 
7 5 9 7 8 -1 7 3 

-3 -4 1111 5404 22611 9579 7323 15180 
6 3 1 12817 17033 11178 10 4 

-4 -3 -2 -3 -2 16461 -5 -2 
13720 5 9 7 5406 -1 7 3 

4185 -4 588 4376 14366 10308 5931 8670 
6 3 2000 5203 9281 8442 10 4 

-3 -3 -2 -3 -2 -3 -3 -3 
-1 -1 -1 -1 -1 -1 -1 -1 

-2 -2 -2 -2 -2 -2 -2 -2 
-1 -1 -1 -1 -1 -1 -1 -1 

-2 -2 -2 -2 -2 -2 -2 4494 
5398 8098 -1 -1 -1 -1 -1 -1 

-2 -2 -2 13076 -2 -2 -2 8315 
7027 14874 12866 6230 1999 -1 -1 2698 

-2 -2 -2 9085 -2 -2 -2 7444 
6742 11791 9378 6846 1798 -1 -1 2428 

-2 -2 -2 16553 -2 -2 -2 11742 
11067 28715 9378 14161 1798 -1 -1 2428 

-4 -3 -3 -4 -2 -6 -4 -3 
-1 -1 -1 -1 -1 -1 -1 -1 

-4 -3 -2 -3 -2 14829 -5 -2 
32348 5 9 7 5406 -1 7 3 

-4 -3 -2 -3 -2 16679 -5 -2 
32348 5 9 7 6865 -1 7 3 

-4 -3 -2 -3 -2 20011 -5 -2 
32348 5 9 7 8178 -1 7 3 

-4 -3 -2 -3 -2 23009 -5 -2 
32348 5 9 7 10360 -1 7 3 

-4 -3 -2 -3 -2 24041 -5 -2 
32348 5 9 7 13324 -1 7 3 

-4 -3 -2 -3 -2 28303 -5 -2 
32348 5 9 7 15991 -1 7 3 

-4 -3 -2 -3 -2 32972 -5 -2 
32348 5 9 7 17391 -1 7 3 

-4 -3 -2 -3 -2 15762 -5 -2 
17512 5 4507 7 14693 -1 7 3 

-4 -3 -2 -3 -2 20852 -5 -2 
17512 5 4507 7 17223 -1 7 3 

-4 -3 -2 -3 -2 21544 -5 -2 
17512 5 4507 7 20500 -1 7 3 

50 4 22 58 -4 6 8 -5 
-1 52 7 52 -1 9 -1 8 

50 4 22 6274 -4 6 8 -5 
-1 52 7 52 4615 9 -1 8 

50 4 22 5079 -4 6 8 -5 
-1 52 7 52 4983 9 -1 8 

50 4 5019 4570 -4 5 8 -5 
-1 52 7 52 8536 7 -1 8 

-4 -3 -7 -8 -8 -4 -4 -4 
-1 -1 -1 -1 -1 -1 -1 -1 

-4 -3 -7 -8 -7 -4 -4 -4 
-1 -1 -1 -1 -1 -1 -1 -1 

-3 -3 -3 -3 -3 -3 -2 4 
-1 -1 1 -1 -1 -1 -1 -1 

-3 -3 -3 1797 -3 -3 -2 4 
-1 -1 1 -1 -1 -1 1798 -1 

-3 -3 -2 3878 -3 -3 -2 4 
-1 -1 1 -1 -1 -1 6170 -1 

-3 -3 -2 10990 -3 -3 -2 4 
-1 -1 1 -1 -1 -1 8553 -1 

-4 -4 -7 -7 -7 4147 -4 1207 
-1 -1 -1 -1 -1 5677 -1 -1 

-4 -4 -7 -7 -7 11232 -4 1207 
-1 -1 -1 -1 -1 8109 -1 -1 

-4 -4 -7 -7 -7 27005 -4 1207 
-1 -1 -1 -1 -1 15208 -1 -1 

-4 -4 -7 -7 -7 31804 -4 1207 
-1 -1 -1 -1 -1 16687 -1 -1 

25 -3 33 34 -3 -2 -2 32 
-1 -1 1 -1 -1 -1 2 -1 

25 -3 33 30 -3 -2 -2 32 
-1 -1 1 -1 -1 -1 2 -1 

25 -3 33 5652 -3 -2 -2 32 
-1 8999 1 -1 -1 -1 2 -1 

25 -3 33 5670 -3 -2 -2 32 
-1 11006 1 -1 -1 -1 2 -1 

25 -3 33 9956 -3 -2 -2 32 
-1 11837 1 -1 -1 -1 2 -1 

25 -3 33 10295 -3 -2 -2 32 
-1 15918 1 -1 -1 -1 2 -1 

25 -3 33 10295 -3 -2 -2 32 
-1 15918 1 -1 -1 -1 2 -1 

0 -6 -1 2 -5 -4 -5 -1 
-1 0 -1 -1 -1 -1 0 -1 

0 -6 -1 2 -5 -4 10209 -1 
-1 0 -1 -1 -1 -1 9216 -1 

-2 -2 -2 -2 -2 -2 -2 -2 
-1 -1 -1 -1 -1 -1 -1 -1 

-1 -5 -1 1 -5 -4 2752 -1 
-1 0 -1 -1 -1 -1 1812 -1 

-1 -5 -1 1 -5 -4 2476 -1 
-1 0 -1 -1 -1 -1 1630 -1 

-1 -5 -1 1 -5 -4 5561 -1 
-1 0 -1 -1 -1 -1 13467 -1 

-1 -5 -1 1 -5 -4 8338 -1 
-1 0 -1 -1 -1 -1 14120 -1 

-2 -2 -2 -2 -2 -2 -2 -2 
-1 -1 -1 -1 -1 -1 -1 -1 

-2 4498 -2 -2 -2 -2 -2 -2 
-1 -1 4999 -1 -1 -1 -1 -1 

-2 3477 -2 -2 -2 -2 -2 -2 
-1 -1 5466 -1 -1 -1 -1 -1 

-2 6381 -2 -2 -2 -2 -2 -2 
-1 -1 12527 -1 -1 -1 -1 -1 

-2 6381 -2 -2 -2 -2 -2 -2 
-1 -1 12527 -1 -1 -1 -1 -1 

-2 13763 -2 -2 -2 -2 -2 -2 
3999 -1 23274 -1 -1 -1 -1 -1 

1891 2481 -2 -2 -2 -2 -2 -2 
1015 -1 2488 -1 -1 -1 -1 -1 

1891 2481 -2 1998 -2 -2 -2 -2 
1015 -1 4239 -1 -1 -1 -1 -1 

0 0 -2 -1 -2 -2 -2 -2 
-1 -1 -1 -1 -1 -1 -1 -1 

0 5449 -2 -1 -2 -2 -2 -2 
-1 -1 -1 -1 -1 -1 -1 8324 

13 -2 10 118 -3 83 -2 11 
-1 41 1 -1 43 -1 1 -1 

13 -2 10 10106 -3 83 -2 11 
-1 41 1 -1 2038 -1 1 -1 

2857 7093 993 -1 -2 -2 -2 -2 
-1 2873 -1 -1 -1 -1 -1 2430 

2857 6661 993 -1 -2 -2 -2 -2 
-1 2873 -1 -1 -1 -1 -1 7187 

1103 1413 649 -1 4047 -2 -2 -2 
-1 1434 -1 -1 -1 -1 -1 1142 

1103 1413 649 -1 8642 -2 -2 -2 
-1 1434 -1 -1 -1 -1 -1 4027 

1845 2132 713 -1 -2 -2 -2 -2 
-1 1000 -1 -1 -1 -1 -1 1243 

721 2623 524 1591 2175 -2 -2 -2 
-1 921 563 -1 -1 -1 -1 882 

721 6624 524 1591 1957 -2 -2 -2 
-1 921 4955 -1 -1 -1 -1 793 

721 9533 524 1591 11085 3748 -2 -2 
-1 921 16213 -1 -1 -1 8399 793 

721 9533 524 1591 16643 3748 -2 -2 
-1 921 18591 -1 -1 -1 8399 793 

721 9533 524 1591 24978 3748 -2 -2 
-1 921 18731 -1 -1 -1 8399 793 

422 838 306 613 762 765 -2 -2 
-1 563 579 -1 -1 -1 786 340 

0 2 0 2 -3 -4 -3 -3 
2 -1 11 -1 10 -1 -1 4 

0 2 0 2 -3 -4 -3 7497 
2 -1 11 -1 3009 -1 -1 4 

6 2 8 8 7 7 -4 -3 
-1 0 0 -1 -1 -1 0 0 

6 2 8 5007 7 7 -4 -3 
-1 0 0 -1 -1 -1 0 7000 

6 2 8 23300 7 7 6663 -3 
-1 3000 0 -1 -1 -1 0 15043 

6 2 8 29373 7 7 5996 -3 
-1 2699 0 1999 -1 -1 0 16538 

6 2 8 33253 7 7 15285 -3 
-1 4429 0 3799 -1 -1 0 18457 

6 2 8 33369 7 7 13756 -3 
-1 3985 0 11049 -1 -1 0 18457 

4 2 8 6323 7 6 9044 -3 
-1 2904 0 6149 -1 -1 0 5589 

4 2 8 6323 7 6 9044 -3 
-1 2904 0 6149 -1 -1 0 5589 

-6 12673 -5 -4 -4 -4 -5 10095 
-1 -1 -1 18257 -1 -1 167 -1 

-6 9822 -5 -4 -4 -4 -5 6700 
-1 -1 -1 9536 -1 -1 167 -1 

-6 10655 -5 -4 -4 -4 -5 4883 
-1 -1 -1 7598 -1 -1 167 -1 

-6 13130 -5 -4 -4 -4 -5 4883 
-1 -1 -1 12454 -1 -1 167 -1 

-6 13130 -5 -4 -4 -4 -5 4883 
-1 -1 -1 12454 -1 -1 167 -1 

-6 15397 -5 -4 -4 -4 -5 3558 
-1 -1 -1 11683 -1 -1 167 -1 

-6 15397 5995 -4 -4 -4 -5 3558 
-1 -1 -1 16514 -1 -1 167 -1 

-6 12470 6506 -4 -4 -4 -5 3558 
-1 -1 -1 15278 -1 -1 167 -1 

-4 -2 -2 -2 -2 -3 -3 -3 
-1 -1 -1 -1 -1 -1 -1 -1 

-6 15861 5269 13532 -4 1281 -5 5363 
-1 -1 -1 13884 -1 -1 17568 -1 

-6 7692 4754 4751 -4 1033 -4 3907 
-1 -1 1798 4144 -1 -1 5169 -1 

-4 -2 19077 2275 -2 16143 4997 -3 
-1 24194 -1 -1 -1 -1 -1 -1 

-3 -3 -3 -2 -3 -2 -2 -3 
-1 -1 -1 -1 -1 -1 -1 -1 

-2 -2 -2 -2 -2 -2 -2 -2 
-1 -1 -1 -1 -1 -1 -1 -1 

-2 -2 -2 -2 -2 5785 -2 -2 
-1 -1 16339 -1 -1 -1 -1 -1 

-6 7307 4754 3572 -4 1033 -4 3907 
-1 -1 3618 3729 -1 -1 5169 -1 

6750 -2 1759 898 -2 5534 -2 -2 
-1 -1 9110 -1 1310 4308 -1 -1 

-6 5612 12798 4364 -4 1033 -4 14305 
-1 -1 17100 4981 -1 -1 3979 -1 

6750 -2 1759 898 -2 6659 -2 -2 
-1 -1 20878 -1 1310 4308 -1 -1 

-3 -3 -6 106 -5 -6 -4 -4 
-1 -1 194 -1 -1 -1 -1 -1 

-3 -3 -6 3845 -5 -6 -4 -4 
-1 -1 3174 -1 -1 -1 -1 -1 

-3 -3 -6 4037 -5 -6 -4 -4 
-1 -1 5856 -1 -1 -1 -1 -1 

-3 -3 -6 8633 -5 -6 -4 -4 
-1 -1 8270 -1 -1 -1 -1 -1 

-3 -3 -6 10269 -5 -6 -4 -4 
-1 -1 10443 -1 -1 -1 -1 -1 

-3 -3 -6 16742 -5 -6 -4 -4 
-1 -1 12398 -1 -1 -1 -1 -1 

-3 -3 -6 22567 -5 -6 -4 -4 
-1 -1 14158 -1 -1 -1 -1 -1 

-3 -3 -6 12712 -5 -6 -4 -4 
-1 -1 13209 -1 -1 -1 -1 -1 

-3 -3 -6 18940 -5 -6 -4 -4 
-1 -1 14888 -1 -1 -1 -1 -1 

-3 -3 -6 19188 -5 -6 -4 -4 
-1 -1 16399 -1 -1 -1 -1 -1 

-6 -3 -3 -3 -3 -4 23 -2 
-1 33 -1 -1 -1 0 0 1 

-6 4047 -3 -3 -3 -4 23 -2 
-1 33 -1 3598 -1 0 0 1 

-6 3884 -3 -3 -3 -4 23 -2 
-1 33 -1 5614 -1 0 0 1 

-6 6895 -3 -3 -3 -4 23 -2 
-1 33 -1 10052 -1 0 0 1 

-3 -2 -2 -2 -3 -2 -2 -2 
-1 -1 -1 -1 -1 -1 -1 -1 

-3 -2 -2 -2 -3 -2 -2 -2 
-1 -1 -1 -1 -1 -1 -1 -1 

-3 -5 419 -2 -3 -2 -2 -2 
1310 -1 -1 -1 -1 -1 -1 -1 

-3 -5 2139 -2 -3 -2 -2 -2 
2860 -1 -1 -1 -1 -1 -1 -1 

-3 -5 6626 -2 -3 -2 -2 -2 
11677 -1 -1 -1 -1 -1 -1 -1 

-3 -5 13463 -2 -3 -2 -2 -2 
13509 -1 -1 -1 -1 -1 -1 -1 

-4 -6 -8 -4 -5 3703 -8 -5 
-1 -1 -1 -1 0 3257 0 -1 

-4 -6 -8 -4 -5 10832 -8 -5 
-1 -1 -1 -1 0 5931 0 -1 

-4 -5 -7 -4 -5 14025 -8 -5 
-1 -1 -1 -1 0 10459 0 -1 

-4 -5 -7 -4 -5 18872 -8 -5 
-1 -1 -1 -1 0 14413 0 -1 

-4 111 25 -3 -3 -2 34 -2 
6 -1 30 -1 -1 -1 -1 -1 

-4 99 25 -3 -3 -2 34 -2 
6 -1 26 -1 -1 -1 -1 -1 

-4 99 6689 -3 5830 -2 34 -2 
6 -1 10621 -1 -1 -1 -1 -1 

-4 99 5417 -3 15884 -2 34 -2 
6 -1 13675 -1 -1 -1 -1 1999 

-4 99 4875 -3 17365 -2 34 -2 
6 -1 13208 -1 -1 -1 -1 1999 

-4 99 9387 -3 15493 -2 34 -2 
6 -1 16468 -1 -1 -1 -1 1999 

-4 99 9387 -3 15493 -2 34 -2 
6 -1 16468 -1 -1 -1 -1 1999 

-4 104 74 66 65 -2 114 -3 
4 -1 113 -1 -1 -1 -1 176 

-4 4125 59 66 65 -2 101 -3 
4 -1 1371 -1 -1 -1 -1 176 

-2 -2 -2 -2 -2 -2 -2 0 
-1 -1 -1 -1 -1 0 -1 -1 

-2 -2 -3 -3 -2 -2 -2 -2 
-1 -1 -1 -1 -1 -1 -1 -1 

-2 -2 -3 -3 -2 -2 -2 -2 
-1 -1 -1 -1 -1 -1 -1 -1 

-2 3569 4997 -3 -2 37986 -2 -2 
-1 -1 -1 -1 -1 37046 -1 -1 

-2 3569 4997 -3 -2 41687 -2 -2 
-1 -1 -1 -1 -1 36341 -1 -1 

-2 3569 4997 -3 -2 41687 -2 -2 
-1 -1 -1 -1 -1 36341 -1 -1 

-2 3569 4997 -3 -2 44033 -2 -2 
-1 -1 -1 -1 -1 40636 -1 -1 

-2 3211 4046 -3 -2 32532 -2 -2 
-1 -1 -1 -1 -1 23994 2698 -1 

-2 2889 3641 -3 -2 31413 -2 -2 
-1 -1 -1 -1 -1 17491 11428 -1 

-4 2795 949 59 57 -2 101 -2 
3 -1 2667 -1 -1 -1 -1 142 

-4 10859 949 59 57 -2 101 -2 
3 -1 16960 -1 -1 -1 -1 142 

-3 49 185 1781 167 -2 34 -2 
4 -1 57 -1 -1 -1 -1 1105 

-3 49 185 5673 167 -2 34 -2 
4 -1 57 -1 -1 -1 -1 7395 

-3 -1 -1 0 0 -3 -1 -2 
-1 -1 -1 -1 -1 -1 -1 -1 

-3 -1 -1 4011 0 -3 332 -2 
9253 -1 -1 -1 -1 -1 -1 -1 

2731 2038 4154 -3 -2 7053 -2 -2 
-1 -1 3419 -1 -1 4235 3032 -1 

2731 2038 14423 -3 -2 7053 -2 -2 
-1 -1 8369 -1 -1 4235 3032 -1 

2457 2038 7452 -3 -2 5708 -2 -2 
-1 -1 6741 -1 -1 2777 2728 -1 

2457 2160 7452 -3 -2 12637 -2 -2 
-1 -1 12066 -1 -1 5499 2728 -1 

1789 1273 2337 -3 -2 4761 -2 -2 
-1 -1 1928 -1 -1 2714 1789 -1 

-3 -1 -1 757 0 -3 194 -2 
1218 -1 2185 -1 1310 -1 -1 -1 

-3 -1 -1 10113 0 -3 194 -2 
1218 -1 6469 -1 1310 -1 -1 -1 

-3 -1 -1 744 0 -3 4199 -2 
3264 -1 546 -1 695 -1 -1 -1 

-2 -1 -1 10102 0 -3 3778 -2 
3264 -1 4042 -1 3262 -1 -1 -1 

-2 -1 -1 11396 0 -3 9233 -2 
3264 -1 10273 -1 7935 -1 -1 -1 

-2 -1 -1 11396 0 -3 13309 -2 
3264 -1 12245 -1 7935 -1 -1 -1 

-2 -1 -1 11396 0 -3 21978 -2 
3264 -1 13020 -1 7935 -1 -1 -1 

-3 299 -1 421 0 -3 495 -2 
355 -1 396 -1 334 -1 -1 -1 

3 -3 3 -2 -3 -4 -1 -3 
2 -1 2 -1 2 8 1 -1 

6669 -3 3 -2 -3 -4 -1 -3 
2 -1 2 -1 2 4007 1 -1 

-7 -5 -7 -5 -5 132 -5 22941 
-1 -1 4097 -1 -1 -1 9928 -1 

-7 -5 -7 -5 -5 132 -5 26646 
-1 -1 4097 -1 -1 -1 14935 -1 

-7 -5 -7 -5 -5 132 -5 41227 
-1 -1 5687 -1 -1 -1 18927 -1 

-7 -5 -7 -5 -5 132 -5 40854 
-1 -1 5118 -1 -1 -1 21030 -1 

-7 -5 -7 -5 -5 132 -5 31780 
-1 -1 7606 -1 -1 -1 20750 -1 

-7 -5 -7 -5 -5 132 4995 25741 
-1 -1 13360 -1 -1 -1 20750 -1 

84 8 9 16 6 15 9 -5 
0 7 6 9 4 101 -1 8 

84 8 9 16 6 15 9 -5 
0 7 6 9 4 101 -1 8 

-7 -5 -7 -5 -5 132 1931 8872 
-1 -1 7613 5354 -1 -1 6618 -1 

-7 -5 -7 -5 -5 132 4350 6661 
-1 -1 6166 7699 -1 -1 10224 -1 

-7 -5 -7 -5 -5 132 5870 11254 
-1 -1 4994 8042 -1 -1 13881 -1 

-7 -5 -7 -5 -5 132 5282 20282 
-1 -1 4994 13237 -1 -1 14843 -1 

-7 -5 -7 -5 -5 132 5282 20282 
-1 -1 4994 13237 -1 -1 14843 -1 

-7 -5 -7 -5 -5 132 4277 18901 
-1 -1 4044 12889 -1 -1 18322 -1 

-7 -5 -7 -5 -5 132 4277 23010 
-1 -1 4044 17600 -1 -1 18322 -1 

-7 -5 -7 -5 -5 132 4277 20563 
-1 -1 4044 18840 -1 -1 16489 -1 

-7 -5 -7 -5 -5 132 3053 12148 
-1 -1 9041 15396 -1 2698 14779 -1 

-3 -3 -2 -3 -2 -3 -2 -2 
-1 -1 -1 -1 -1 -1 -1 -1 

-7 -5 -7 -5 -4 95 12654 4822 
-1 2999 5171 7830 -1 1769 6723 -1 

-4 -3 7579 -3 -2 -3 -2 -3 
3756 3950 -1 -1 -1 -1 -1 -1 

-3 -4 -3 -3 -3 -3 14 -4 
-1 -1 10 -1 -1 -1 -1 -1 

-4 -7 -6 -5 60 -4 -8 -3 
-1 -1 -1 175 -1 -1 -1 -1 

-4 -7 -6 -5 5830 -4 -8 -3 
12598 -1 4999 175 -1 -1 -1 -1 

-3 -7 -6 -5 6183 -4 -8 671 
6564 4049 7074 141 -1 -1 -1 -1 

-3 -6 -6 -5 21490 -4 -8 10543 
16043 11202 2624 126 -1 1999 -1 -1 

-3 -6 -6 -5 23656 -4 -8 11688 
19438 10081 13361 126 -1 1999 -1 -1 

-2 -2 -2 -2 -2 -2 -2 -3 
-1 -1 -1 -1 -1 -1 -1 -1 

-4 -3 6836 -3 -2 -3 -2 -3 
3756 23555 -1 -1 -1 -1 -1 -1 

-4 -3 9485 -3 -2 -3 -2 -3 
5380 23555 -1 -1 -1 -1 -1 -1 

-4 -3 9062 -3 -2 -3 -2 -3 
6842 23555 -1 -1 -1 -1 -1 -1 

-4 -3 8155 -3 -2 -3 -2 -3 
6157 23555 -1 -1 -1 -1 -1 -1 

-4 -3 10672 -3 -2 -3 -2 -3 
9541 23555 -1 -1 -1 -1 -1 -1 

-4 -3 17104 -3 -2 -3 -2 -3 
11586 23555 -1 -1 -1 -1 -1 -1 

-4 -3 22893 -3 -2 -3 -2 -3 
13427 23555 -1 -1 -1 -1 -1 -1 

-4 2568 11904 -3 -2 -3 -2 -3 
13302 17171 -1 1798 -1 -1 -1 -1 

-4 2568 18213 -3 -2 -3 -2 -3 
14971 17171 -1 1798 -1 -1 -1 -1 

-4 2568 19391 -3 -2 -3 -2 -3 
19473 17171 -1 1798 -1 -1 -1 -1 

-6 -4 -5 -6 -4 -5 334 -4 
-1 -1 -1 -1 -1 195 -1 -1 

-6 -4 -5 -6 -4 8109 334 -4 
-1 -1 -1 -1 -1 5462 -1 -1 

-6 -4 -5 -6 -4 6489 334 -4 
-1 -1 -1 -1 -1 5601 -1 -1 

-6 -4 -5 -6 -4 9755 334 -4 
-1 -1 -1 -1 -1 10836 -1 -1 

-2 -3 -2 -2 -3 -2 -2 -2 
-1 -1 -1 -1 -1 -1 -1 -1 

-2 -3 -2 -2 -3 -2 -2 -2 
-1 -1 -1 -1 -1 -1 -1 -1 

-2 -3 -3 -2 -3 -2 -3 2655 
-1 -1 1179 -1 -1 -1 -1 -1 

-2 -3 -3 -2 -3 -2 -3 3950 
-1 -1 2754 -1 -1 -1 -1 -1 

-2 -3 -3 -2 -3 -2 -3 13629 
-1 -1 13101 -1 -1 -1 -1 -1 

-2 -3 -3 -2 -3 -2 -3 18932 
-1 -1 15790 -1 -1 -1 -1 -1 

-5 1 3 -6 -4 0 -3 -6 
-1 7 0 -1 5 -1 -1 -1 

-5 1 15627 -6 -4 0 -3 -6 
6499 7 0 -1 5 -1 -1 -1 

-5 1 17745 -6 -4 0 -3 -6 
14432 7 0 -1 5 -1 -1 -1 

-5 1 20970 -6 -4 0 -3 -6 
17988 7 0 -1 5 -1 -1 -1 

491 -3 -3 -2 -4 -3 8 9 
-1 17 18 216 -1 -1 21 -1 

441 -3 -3 -2 -4 -3 8 9 
-1 17 18 216 -1 -1 18 -1 

5896 -3 -3 -2 -4 -3 8 9 
-1 17 18 11194 -1 -1 18 -1 

6322 -3 -2 -2 -4 -3 8 9 
-1 17 18 10988 -1 -1 18 -1 

9869 -3 -2 -2 -4 -3 8 9 
-1 17 18 12700 -1 -1 18 -1 

7845 -3 -2 -2 -4 -3 8 9 
-1 17 18 12747 -1 -1 18 -1 

7845 -3 -2 -2 -4 -3 8 9 
-1 17 18 12747 -1 -1 18 -1 

-4 -5 -6 -6 -10 140 -7 -7 
-1 326 0 1 -1 -1 0 -1 

-4 -5 -6 -6 -10 112 -7 -7 
-1 237 0 1 -1 -1 0 -1 

-2 -2 -2 -2 -2 -2 -2 -2 
-1 -1 -1 -1 -1 -1 -1 -1 

714 -5 -5 -5 -10 100 -6 -7 
-1 987 0 0 -1 -1 0 -1 

642 -5 -5 -5 -10 100 -6 -7 
-1 888 0 0 -1 -1 0 -1 

3270 -5 -5 -5 -10 100 -6 -7 
-1 7799 0 0 -1 -1 0 -1 

8943 -5 -5 -5 -10 100 -6 -7 
-1 13019 0 0 -1 -1 0 -1 

8943 -5 -5 -5 -10 100 -6 -7 
-1 13019 0 0 -1 -1 0 -1 

17958 -5 -5 -5 -10 100 -6 -7 
-1 18045 0 0 -1 -1 0 -1 

10648 -5 -5 -5 -10 100 -6 -7 
-1 11360 0 0 -1 -1 0 -1 

10961 -5 -5 -5 -10 100 -6 -7 
-1 16200 0 0 -1 -1 0 -1 

-2 -2 -2 -2 -2 -2 -2 -2 
-1 -1 -1 -1 -1 -1 -1 -1 

-2 -2 -2 -2 -2 3033 -2 -2 
-1 16999 -1 -1 -1 -1 -1 -1 

4535 -5 -2 -2 -4 -2 2 1 
-1 11 11 1651 -1 -1 14 -1 

1395 -4 -4 -5 -9 89 -5 -6 
-1 1257 0 0 -1 -1 0 -1 

3398 -4 -4 -5 -9 89 -5 -6 
-1 4131 0 0 -1 -1 0 -1 

2245 -4 -4 -5 -9 89 -5 -6 
-1 5441 0 0 -1 -1 0 -1 

3401 -4 -4 -5 -9 3255 3133 -5 
-1 1543 0 0 -1 1720 0 -1 

3401 -4 -4 -5 -9 3255 3133 7495 
-1 4388 0 0 -1 1720 0 -1 

2457 -4 -5 -5 -9 2366 2818 6003 
-1 2194 0 0 -1 1392 0 -1 

2457 -4 -5 -5 -9 2366 2818 5624 
-1 5974 0 0 -1 1392 0 -1 

1055 -4 -4 -5 -8 1255 1495 6419 
-1 1840 0 0 -1 538 0 -1 

5949 -4 -4 -5 -8 6129 1495 6419 
-1 4656 0 0 -1 2484 0 -1 

-5 -5 -3 -3 -17 -3 -5 -11 
-1 -1 -1 -1 -1 -1 -1 -1 

1416 -4 -4 -4 -7 1398 1975 1235 
-1 970 0 0 -1 449 0 -1 

5081 -4 -4 -4 -7 1258 1975 1235 
-1 970 0 0 -1 3939 0 -1 

15717 -4 -4 -4 -7 1258 1975 1235 
-1 970 0 0 -1 15518 0 -1 

19145 -4 -4 -4 -7 1258 1975 1235 
-1 970 0 0 -1 16966 0 -1 

19145 -4 -4 -4 -7 1258 1975 1235 
-1 970 0 0 -1 16966 0 -1 

452 -4 -4 -4 -7 313 383 308 
-1 60 0 0 -1 80 0 -1 

13 -4 -5 -4 -6 -2 -1 -1 
-1 -1 -1 24 -1 0 -1 -1 

13 -4 -5 -4 -6 6664 -1 -1 
-1 -1 -1 4021 -1 0 -1 -1 

87 180 983 628 93 188 63 393 
-1 718 670 135 -1 53 -1 -1 

87 180 6884 628 93 188 63 393 
-1 6646 670 135 -1 53 -1 -1 

87 6828 17918 628 93 188 63 393 
-1 13876 670 135 -1 53 -1 -1 

87 12280 19459 628 93 188 63 393 
-1 14435 670 135 -1 53 -1 -1 

87 12193 25908 628 93 188 63 393 
-1 18633 670 135 -1 53 -1 -1 

87 21105 29585 628 93 188 63 393 
-1 24163 670 135 -1 53 -1 -1 

69 7567 5236 507 2575 188 56 4785 
-1 5561 542 121 -1 53 -1 -1 

69 16810 5236 507 2575 188 56 4785 
-1 7004 542 121 -1 53 -1 -1 

-3 -3 -2 -3 -11 -3 -5 -6 
-1 -1 -1 -1 -1 -1 -1 -1 

-3 -3 3439 1151 -11 -3 -5 -6 
-1 -1 -1 -1 -1 -1 -1 6159 

-3 -3 5900 4307 -11 -3 -5 -6 
-1 -1 -1 -1 -1 -1 -1 7012 

-3 -3 17350 8876 -11 -3 -5 -6 
-1 -1 -1 -1 -1 -1 -1 14014 

-3 -3 17350 8876 -11 -3 -5 -6 
-1 -1 -1 -1 -1 -1 -1 14014 

-3 -3 20420 7189 -11 -3 -5 -6 
-1 -1 -1 -1 -1 -1 -1 13639 

-3 -3 24628 7189 -11 -3 -5 -6 
-1 -1 -1 -1 -1 -1 -1 17275 

-3 -3 19496 7189 -11 -3 -5 -6 
-1 -1 -1 -1 -1 -1 -1 16013 

-3 -3 9172 16914 3906 15265 -5 4994 
-1 -1 -1 -1 9065 -1 -1 15434 

-2 -3 10763 3149 6600 15372 -4 13348 
-1 -1 -1 5722 5011 -1 -1 16394 

-2 -3 6984 2833 7817 12275 -3 12076 
-1 -1 -1 4735 2871 -1 -1 9508 

-4 -3 -3 21 -3 -4 -2 -3 
17 -1 -1 -1 -1 -1 -1 -1 

-2 -2 -2 -2 -2 -2 -2 -2 
-1 -1 -1 -1 -1 -1 -1 -1 

-6 -5 -5 -4 13956 -4 20 -4 
-1 -1 7785 -1 12 -1 -1 6 

-6 -5 -5 -4 13719 -4 20 -4 
-1 11338 11305 -1 12 -1 -1 6 

-4 -5 -3 -7 -2 -6 -3 -5 
-1 -1 -1 -1 -1 -1 -1 -1 

4622 -5 -3 -7 -2 -6 -3 -5 
-1 8904 -1 -1 -1 -1 -1 -1 

7493 -5 -3 -7 -2 2994 -3 -5 
-1 31212 -1 -1 -1 -1 -1 -1 

2462 -5 -4 -4 14228 -3 20 14941 
-1 10803 7447 -1 12 -1 -1 5 

-2 -3 6984 2833 7050 12275 -3 12076 
-1 -1 -1 4735 2871 -1 -1 28557 

-2 -3 6984 2833 7050 16047 -3 12076 
-1 -1 -1 4735 2871 -1 -1 28701 

-2 -3 6984 2833 7050 15030 -3 12076 
-1 -1 -1 4735 2871 -1 -1 27830 

-2 -3 6984 2833 7050 15030 -3 20868 
-1 -1 -1 6261 2871 -1 -1 27830 

-2 -3 6984 2833 7050 15030 -3 20251 
-1 -1 -1 10634 2871 -1 -1 27830 

-2 -3 6984 2833 7050 15030 -3 24892 
-1 -1 -1 13570 2871 -1 -1 27830 

-2 -3 6984 2833 7050 15030 -3 29902 
-1 -1 -1 15213 2871 -1 -1 27830 

-2 -3 6984 5669 7050 13612 -3 20879 
-1 -1 -1 15662 2092 -1 -1 21907 

-2 -3 6984 5669 7050 13612 -3 26291 
-1 -1 -1 17095 2092 -1 -1 21907 

-2 -3 6984 5669 7050 13612 -3 27233 
-1 -1 -1 20385 2092 -1 -1 21907 

2 -2 -3 -3 -2 -3 -3 -2 
-1 -1 -1 -1 -1 -1 12 17 

5161 -2 -3 -3 -2 -3 -3 -2 
-1 -1 -1 -1 -1 -1 6181 17 

4661 -2 -3 -3 -2 -3 -3 -2 
-1 -1 -1 -1 -1 -1 6125 17 

6637 -2 -3 -3 -2 -3 -3 -2 
-1 -1 -1 -1 -1 -1 10944 17 

-4 41 -6 -4 -5 -3 -4 -4 
39 0 0 -1 -1 -1 -1 0 

-4 41 -6 -4 -5 -3 -4 -4 
39 0 0 -1 -1 -1 -1 0 

-4 619 -6 -4 -5 -4 -4 -4 
27 0 0 -1 -1 -1 -1 2000 

-4 2751 -6 -4 -5 -4 -4 -4 
27 0 0 -1 -1 -1 -1 3419 

-4 9776 -6 -4 -5 -4 -4 -3 
27 0 0 -1 -1 1999 -1 10323 

-4 15465 -6 -4 -5 -4 -4 -3 
27 0 0 -1 -1 5799 -1 10323 

12 11 10 -3 -5 -3 -3 -3 
42 0 0 -1 24 25 -1 43 

7510 11 10 -3 -5 -3 -3 -3 
3037 0 0 -1 24 25 -1 43 

5251 11 10 -3 -5 -3 -3 -3 
6766 0 0 -1 24 25 -1 43 

9725 11 10 -3 -5 -3 -3 -3 
6766 0 0 -1 24 25 2999 43 

-4 -7 -5 -6 -6 -5 -5 -3 
0 1 -1 -1 -1 -1 0 -1 

-4 -7 -5 -6 -6 -5 -5 -2 
0 1 -1 -1 -1 -1 0 -1 

-4 -7 -5 -6 -6 -5 -5 11915 
0 1 -1 -1 -1 -1 10300 -1 

-4 -7 -5 -6 -6 -5 -5 10003 
0 1 -1 -1 -1 -1 13742 -1 

-3 -7 -5 2494 -6 -5 -5 13686 
2000 1 -1 1999 -1 -1 13389 -1 

-3 -7 -5 2494 -6 -5 -5 12676 
2000 1 -1 1999 -1 -1 16244 -1 

-3 -7 -5 2494 -6 -5 -5 12676 
2000 1 -1 1999 -1 -1 16244 -1 

-3 -7 -7 1255 -6 -4 -6 14 
92 0 -1 1249 -1 -1 58 1911 

1283 -7 -7 4987 -6 -4 -6 14 
92 0 6478 1249 -1 -1 2052 1719 

-3 19495 16754 -5 -5 390 -5 13005 
8 20097 -1 -1 -1 -1 2 93 

-2 -2 -2 -2 -2 -2 -2 -2 
-1 -1 -1 -1 -1 -1 -1 -1 

-2 -2 -2 -2 -2 -2 -2 -2 
-1 -1 -1 -1 -1 -1 -1 -1 

-2 -2 -2 -2 -2 -2 -2 -2 
-1 -1 -1 -1 -1 -1 -1 -1 

-2 13220 10548 -2 -2 2141 -2 -2 
-1 -1 24746 -1 -1 -1 -1 -1 

-2 16898 10548 -2 -2 2141 -2 -2 
-1 -1 25271 -1 -1 -1 -1 -1 

-2 21458 10548 -2 -2 1926 -2 -2 
-1 -1 24969 -1 -1 -1 -1 -1 

-2 16991 8543 -2 -2 1731 -2 -2 
-1 -1 14449 -1 -1 -1 -1 -1 

-2 15929 7688 -2 -2 6557 -2 -2 
-1 -1 16040 -1 -1 -1 -1 -1 

-2 15929 7688 -2 -2 6557 -2 -2 
-1 -1 16040 -1 -1 -1 -1 -1 

-2 17220 7688 -2 -2 12567 -2 -2 
-1 -1 30492 -1 -1 -1 -1 -1 

2763 -7 -7 1718 -6 -3 -5 11 
82 0 5062 2705 1999 -1 2413 2448 

2763 -7 -7 5546 -6 -3 -5 11 
82 0 5062 2705 5799 -1 2413 2448 

-2 -4 -5 -2 -4 -3 -3 -2 
38 0 33 47 49 -1 37 42 

-2 -4 -5 2998 -4 -3 -3 5371 
38 0 33 47 11999 -1 37 42 

-2 -4 -5 3705 -4 4745 -3 4868 
38 0 29 47 2931 1637 33 30 

-2 -4 -5 13704 -4 4745 -3 4868 
38 0 29 47 4637 6473 33 30 

-5 116 -8 117 137 75 -3 101 
11 0 10 10 27 28 7 10 

-5 116 -8 117 398 75 -3 6757 
11 0 10 10 27 8522 7 10 

-4 116 -8 93 2543 75 -3 934 
9 1311 8 10 21 769 7 8 

-4 116 -8 93 7288 75 -3 934 
9 1311 8 10 21 3692 7 8 

-4 116 -8 1331 1830 67 -3 321 
7 703 8 8 18 1671 7 7 

-2 6423 3607 -2 -2 7558 -3 -2 
-1 -1 1696 2317 1310 -1 -1 -1 

-2 6423 3607 -2 -2 12653 -3 -2 
-1 -1 4073 5085 1178 -1 -1 -1 

-2 6423 3607 -2 -2 19717 -3 -2 
-1 -1 3665 18318 5060 -1 -1 -1 

-2 6423 3607 6664 -2 19717 -3 -2 
-1 -1 3665 18318 8554 -1 -1 -1 

-2 6423 3607 6664 -2 19717 -3 -2 
-1 -1 3665 18318 8554 -1 -1 -1 

-2 -6 -5 53 134 -4 -7 79 
175 0 -1 224 -1 -1 214 -1 

-2 958 596 767 -2 604 -3 -2 
-1 -1 609 627 517 -1 -1 563 

-2 958 5536 767 -2 604 -3 -2 
-1 -1 3548 627 517 -1 -1 563 

-3 -4 10 14 23 -5 13 18 
5 0 -1 4 -1 -1 4 13 

117 15 12 -2 -4 14 32 69 
5 11 7 -1 31 -1 99 -1 

7605 15 12 -2 -4 14 32 69 
5 11 7 -1 31 -1 3089 -1 

17993 15 12 -2 -4 14 32 69 
5 11 7 -1 31 -1 13102 -1 

24074 15 12 -2 -4 14 32 69 
5 11 7 -1 31 -1 15312 -1 

23999 15 12 -2 -4 14 32 69 
5 11 7 -1 31 -1 18702 -1 

20249 15 12 -2 -4 14 1695 69 
5 11 7 -1 31 -1 15782 -1 

23224 15 12 -2 -4 14 1695 69 
5 11 7 -1 31 -1 16203 -1 

2804 13 12 -2 -4 14 22 69 
5 11 7 -1 27 1592 3983 -1 

5097 11 12 932 -4 14 22 69 
5 11 7 -1 27 8870 2903 -1 

7128 11 12 5254 -4 14 22 69 
5 11 7 -1 27 10086 2612 -1 

10835 11 12 5254 -4 14 22 69 
5 11 7 -1 27 16269 2612 -1 

10835 11 12 5254 -4 14 22 69 
5 11 7 -1 27 16269 2612 -1 

10328 11 12 8689 -4 14 22 69 
5 11 7 -1 27 16434 2350 -1 

15295 11 12 8689 -4 14 22 69 
5 11 7 -1 27 20790 2350 -1 

13886 11 12 8689 -4 14 19 69 
5 11 7 -1 27 16839 2350 1999 

-6 23 -5 8 26 8 -3 7 
36 35 5 28 27 51 1 1 

-6 20 2416 4914 26 6 -3 18607 
36 6728 4 6659 27 51 0 0 

19093 11 844 4128 1799 14 663 69 
5 4396 8344 2999 5145 19810 6419 10218 

-6 20 1582 3455 26 1825 -3 6738 
32 3287 3 4751 3095 51 0 0 

-3 -3 -3 -4 -3 -3 -3 -1 
-1 -1 -1 -1 -1 -1 -1 -1 

-5 -11 -4 -7 -4 -5 -4 123 
-1 -1 -1 -1 -1 -1 -1 194 

-5 -11 -4 -7 -4 -5 -4 4576 
-1 -1 -1 -1 -1 -1 -1 11547 

25439 -11 3329 5507 -3 13156 -4 19349 
-1 -1 1310 -1 -1 -1 -1 13104 

18584 -11 2995 4460 -3 9589 -3 14104 
-1 5101 1178 -1 3836 -1 -1 7736 

19047 -11 2995 4460 -3 9589 -3 12693 
-1 5101 1178 -1 14806 -1 -1 7736 

-2 -2 -2 -2 -2 -2 -2 -2 
-1 -1 -1 -1 -1 -1 -1 -1 

19093 11 844 4128 1634 14 663 69 
5 4396 8344 2999 5145 19810 25777 10218 

21183 11 844 4128 1634 14 663 69 
5 4396 8344 2999 5145 19810 27199 10218 

19652 11 844 4128 1634 14 663 69 
5 4396 8344 2999 5145 19810 26479 10218 

22686 11 844 4128 1634 14 663 69 
5 4396 8344 2999 5145 19810 25831 10218 

22203 11 844 4128 1634 14 663 69 
5 4396 8344 2999 5145 19810 28247 10218 

27482 11 844 4128 1634 14 663 69 
5 4396 8344 2999 5145 19810 28422 10218 

31400 11 844 4128 1634 14 663 69 
5 4396 8344 2999 5145 19810 29579 10218 

16278 9 844 4128 1470 14 663 69 
5 3956 7509 2999 4630 14616 25612 15476 

21316 9 844 4128 1470 14 663 69 
5 3956 7509 2999 4630 14616 27050 15476 

21876 9 844 4128 1470 14 663 69 
5 3956 7509 2999 4630 14616 31345 15476 

-2 -2 -2 -2 -2 -2 -2 -2 
-1 -1 -1 -1 -1 -1 -1 -1 

7698 -2 -2 -2 -2 -2 -2 -2 
-1 -1 -1 -1 -1 3619 -1 -1 

158 -4 -4 -3 -4 -3 -1 -3 
-1 0 0 0 -1 244 -1 4 

6421 -2 -2 -2 -2 -2 -2 -2 
-1 -1 -1 -1 -1 4257 -1 -1 

8730 -2 -2 -2 -2 -2 -2 -2 
-1 -1 -1 -1 -1 7962 -1 -1 

7856 -2 -2 -2 -2 -2 -2 -2 
-1 -1 -1 -1 -1 7165 -1 -1 

3104 -2 -2 -2 -2 -2 -2 -2 
-1 -1 -1 -1 -1 4247 -1 -1 

4314 -2 -2 -2 -2 -2 -2 -2 
-1 -1 -1 -1 -1 3822 1999 -1 

7568 -2 -2 -2 -2 -2 -2 -2 
-1 -1 -1 -1 -1 3822 7595 -1 

-5 -7 -6 -5 -5 -9 -7 -8 
-1 -1 -1 -1 -1 -1 -1 -1 

-5 -7 3327 -5 -5 -9 -7 -8 
-1 -1 -1 -1 -1 -1 1999 -1 

-5 -7 9660 -5 -5 -9 -7 -8 
-1 -1 -1 -1 -1 -1 5799 -1 

-5 -7 10313 -5 -5 -9 -7 -8 
-1 -1 -1 -1 -1 -1 11581 -1 

-5 -7 14281 -5 -5 -9 -7 -8 
-1 -1 -1 -1 -1 -1 13422 -1 

-4 -7 0 -4 -4 -6 -5 -7 
114 102 72 -1 -1 -1 72 -1 

-4 -7 0 -4 -4 -6 -5 -6 
114 102 72 -1 -1 -1 64 -1 

-4 -7 0 -4 -4 -6 -5 11453 
114 102 72 -1 -1 -1 11551 -1 

-4 -7 0 -4 -4 -6 -5 13213 
114 102 72 -1 -1 -1 13896 -1 

-4 -7 0 -4 -4 -6 -5 18681 
114 102 72 1999 -1 -1 11929 -1 

-4 -7 0 -4 -4 -6 -5 20675 
114 102 72 13619 -1 -1 10735 -1 

-4 -7 0 -4 -4 -6 -5 20675 
114 102 72 13619 -1 -1 10735 -1 

-5 -6 -9 268 -5 -6 -5 -8 
828 1400 14 43 -1 -1 30 -1 

-5 -6 -9 4850 -5 -6 -5 -8 
670 7722 14 43 -1 -1 30 -1 

-5 -6 -9 4236 -5 -6 692 -7 
906 2165 12 43 -1 -1 30 -1 

-2 -2 -2 -2 -2 -2 -2 -2 
-1 -1 -1 -1 -1 -1 -1 -1 

-2 -2 -2 -2 -2 -2 -2 -2 
-1 -1 -1 -1 -1 -1 -1 -1 

-2 -2 -2 -2 -2 17831 2855 -2 
28520 -1 -1 -1 -1 -1 -1 -1 

-2 -2 -2 -2 -2 23547 2855 -2 
28668 -1 -1 -1 -1 -1 -1 -1 

-2 -2 -2 -2 -2 23547 2855 -2 
28668 -1 -1 -1 -1 -1 -1 -1 

-2 -2 -2 -2 -2 26135 2855 -2 
33408 -1 -1 -1 -1 -1 -1 -1 

-2 -2 -2 -2 -2 18549 2569 -2 
20392 -1 -1 -1 -1 -1 -1 -1 

-2 -2 -2 -2 -2 16219 2569 -2 
18601 -1 -1 -1 -1 -1 -1 -1 

-6 1403 0 -4 -4 92 -5 551 
66 380 64 1730 -1 -1 253 -1 

-2 -2 -2 -3 -3 -2 -3 -2 
-1 -1 -1 -1 -1 -1 -1 -1 

-2 -2 -2 -3 2583 -2 -3 -2 
-1 14999 -1 -1 -1 -1 -1 -1 

-2 -2 -2 -3 6074 -2 -3 -2 
-1 16499 -1 -1 -1 -1 -1 -1 

-3 -2 -2 -2 -2 2691 1153 -2 
1660 -1 -1 -1 -1 -1 -1 -1 

-4 -3 -3 -4 -3 -3 -3 -3 
-1 -1 -1 -1 -1 -1 -1 -1 

-3 -2 -2 -2 -2 2421 1650 -2 
6191 -1 -1 -1 -1 -1 -1 -1 

-3 -2 -2 -2 -2 7178 1650 -2 
8571 -1 -1 -1 -1 -1 -1 -1 

-4 -2 1386 700 -3 -3 -2 -3 
1297 -1 -1 859 -1 -1 -1 -1 

-4 -2 1469 700 -3 -3 -2 -3 
5167 -1 -1 859 -1 -1 -1 -1 

-4 -3 783 1671 -3 -3 -2 -3 
1185 -1 -1 868 -1 -1 -1 -1 

-4 -3 10134 1671 -3 -3 -2 -3 
1185 -1 -1 6303 -1 -1 -1 -1 

-3 942 -2 -2 -2 1309 542 -4 
1806 -1 1179 -1 -1 -1 -1 -1 

-4 -4 -5 -4 -5 -4 -4 5892 
-1 -1 -1 4495 -1 -1 -1 -1 

-4 -4 -5 -4 -5 -4 -4 11560 
-1 3238 -1 7045 -1 -1 -1 -1 

-4 -4 -5 -4 -5 -4 -4 18363 
-1 11914 -1 14340 -1 -1 -1 -1 

-4 -3 1696 1676 -3 -3 -2 -3 
1447 -1 -1 837 -1 -1 -1 -1 

-4 -3 1696 8175 -3 -3 -2 -3 
5302 -1 -1 837 -1 -1 -1 -1 

-4 -3 1696 8175 -3 -3 -2 -3 
5302 -1 -1 837 -1 -1 -1 -1 

-4 -5 90 101 -4 -3 -3 -3 
29 -1 -1 37 -1 -1 -1 -1 

-4 -5 90 7590 -4 -3 -3 -3 
3026 -1 -1 37 -1 -1 -1 -1 

-5 -4 -2 -2 -4 -3 -3 -5 
12 7 -1 5 -1 8 6 9 

-5 -4 -2 5998 -4 -3 -3 -5 
12 7 -1 5 -1 8 6 6008 

-5 -4 -2 11231 -4 -3 -3 -5 
12 7 -1 5 -1 8 6 12407 

-5 4996 -2 12096 -4 -3 -3 -5 
12 7 -1 5 -1 8 2005 11849 

-5 8380 -2 13739 -4 -3 -3 -5 
12 7 -1 5 -1 8 6324 14652 

-4 23838 -2 28990 -4 -3 -3 -5 
12 7 -1 5 -1 8 12622 18674 

-3 -2 -2 -3 -2 -2 -2 -3 
-1 -1 -1 -1 -1 -1 -1 -1 

-4 -2 -2 -3 5917 -2 2820 -3 
-1 1615 -1 -1 -1 -1 -1 -1 

-4 -2 -2 4997 5917 -2 2820 -3 
-1 3453 -1 -1 -1 -1 -1 -1 

-5 -3 -4 -4 -3 7137 -5 -6 
-1 -1 3801 -1 -1 -1 -1 -1 

-3 -3 -3 -4 -2 -4 -3 -3 
-1 -1 -1 -1 -1 -1 -1 -1 

-3 -3 -3 2936 -2 -4 997 -3 
-1 6737 -1 -1 -1 -1 -1 -1 

-3 -3 -3 6838 -2 -4 997 -3 
-1 8431 -1 -1 -1 -1 -1 -1 

-3 -3 -3 10038 -2 -4 997 -3 
-1 13128 -1 -1 -1 -1 -1 -1 

-3 -3 -3 10038 -2 -4 997 -3 
-1 13128 -1 -1 -1 -1 -1 -1 

-3 -3 -3 10831 -2 -4 997 -3 
-1 13127 -1 -1 -1 -1 -1 -1 

-2 -2 -2 -2 -2 -2 -3 -2 
-1 -1 -1 -1 -1 -1 -1 -1 

-2 -2 -2 -2 -2 5998 -3 -2 
-1 -1 -1 -1 -1 5999 -1 -1 

-2 -2 -2 -2 -2 6105 -3 -2 
-1 -1 -1 -1 -1 6802 -1 -1 

-2 -2 1297 13272 -2 8165 -2 407 
-1 -1 -1 -1 -1 14190 4619 -1 

-2 -2 848 12802 2676 11275 -2 1195 
-1 9574 -1 -1 -1 9592 2469 -1 

-2 -2 848 12401 3940 11302 -2 967 
-1 7686 -1 -1 -1 9891 2769 -1 

-2 -2 -3 -2 65 -3 -3 -3 
-1 157 -1 82 -1 -1 -1 -1 

-4 -8 -3 -4 2995 -3 -13 -4 
-1 -1 1798 -1 -1 -1 -1 -1 

-2 -2 848 12401 3561 11302 -2 967 
-1 26917 -1 -1 -1 9891 2769 -1 

-5 -7 -7 -9 -4 -6 -9 -7 
-1 -1 3 -1 -1 -1 2 2 

-5 -7 -7 -9 5476 -6 -9 -7 
-1 -1 3 -1 -1 -1 2 14186 

-5 -6 -7 -9 10657 4187 8682 7353 
-1 8026 2 -1 -1 -1 3143 8451 

-5 -6 -7 -9 7931 3768 7750 7476 
-1 6050 1621 -1 -1 -1 3823 12862 

-5 -6 -7 -9 9169 3768 6974 7476 
-1 5444 1621 -1 -1 -1 3823 24575 

-2 -2 -2 -2 -2 -2 -2 -2 
-1 -1 -1 -1 -1 -1 -1 -1 

-2 -2 -2 -2 -2 -2 -2 -2 
-1 -1 -1 -1 -1 -1 -1 -1 

-3 -3 -6 -3 -2 -4 -3 1472 
0 -1 0 0 -1 1433 -1 -1 

-3 -3 -6 -3 -2 -4 -3 5491 
0 -1 0 0 -1 1433 4999 -1 

-3 -3 -6 -3 -2 -4 -3 5518 
0 -1 0 0 -1 1433 7499 -1 

-3 -3 -6 -3 9998 -4 -3 5518 
0 -1 0 0 -1 1433 8749 -1 

-3 -3 -6 -3 10248 -4 -3 5518 
0 -1 0 0 -1 1433 10874 -1 

-3 -3 -6 -3 16723 -4 -3 5518 
0 -1 0 0 -1 1433 12786 -1 

-3 -3 -6 -3 21717 -4 -3 5518 
0 -1 0 0 -1 1433 15507 -1 

-3 -3 -6 -3 14117 -4 -3 4965 
1799 -1 0 0 -1 2960 12964 -1 

-3 -3 -6 -3 19371 -4 -3 4965 
1799 -1 0 0 -1 2960 15667 -1 

-3 -3 -6 -3 19308 -4 -3 4965 
1799 -1 0 0 -1 2960 17100 -1 

-2 -2 -2 -2 -2 -2 -2 -2 
-1 -1 -1 -1 -1 -1 -1 -1 

