0 -23 52361 0 -21 0 3587 0 
56893 0 0 1978 6476 0 0 13759 

1085 0 1515 1986 5722 0 1987 570 
6452 0 1876 1983 863 2562 0 4872 

6778 6848 7650 5893 6518 9150 5899 5896 
5902 6353 6752 5902 5894 6739 5842 9907 

14417 14442 14446 14412 14314 14282 13011 14439 
14296 14457 14432 14254 14369 14325 14415 14449 

23091 38045 59224 53054 46430 36509 50788 53740 
62630 65615 61879 52444 32058 26837 62212 44308 

53302 54746 54898 51100 54741 55081 54234 54762 
54856 54704 54600 54715 56508 56265 54254 55007 

67980 62958 63464 51547 69809 135420 54234 60528 
58374 62948 54600 57149 139582 55432 64436 55007 

9479 9480 9480 9480 9477 8531 9480 9480 
9451 9467 9480 9480 9480 9480 9480 9480 

10024 10023 9021 10023 10023 10024 10024 10024 
10024 10024 10024 10024 10024 10023 10024 10023 

10466 10023 9021 10023 10023 10308 10024 10236 
12096 10152 10024 10024 10024 10023 10024 10023 

87137 87064 87137 87046 78423 87137 86944 87134 
87108 87137 87126 87133 87112 87131 86897 87137 

117006 132274 127424 145611 115662 136289 131181 88418 
107998 135634 134089 134098 108010 147536 134014 149743 

137001 127651 136584 137710 136397 137299 135824 135716 
136717 138235 137505 141689 137396 135636 136682 137654 

137289 127651 136934 160391 136397 137213 139432 142395 
137684 138235 137505 139693 144386 136911 176057 137654 

150832 150778 150716 150488 150796 150535 150520 135155 
150558 150854 150787 150855 150342 150242 150804 150639 

88730 88729 88730 88730 88730 79857 88730 88730 
88730 88730 88730 88730 88730 88730 88730 88730 

89961 88729 88730 88730 89288 79857 88730 88730 
91154 89567 89625 88730 89562 88730 102027 88730 

89890 89890 89890 89890 89890 89890 89890 80901 
89890 89890 89890 89891 89890 89890 89890 89890 

104290 97852 94333 94125 95884 94855 97429 88625 
91519 105501 94843 104571 93108 99408 102450 102484 

105371 105258 105365 105370 105371 105193 94834 105371 
105352 105365 105232 105364 105371 105370 105272 105360 

119905 105258 105521 105370 108656 105193 98740 204263 
105352 117063 105232 125886 233572 105370 118203 125983 

89199 89199 89199 89199 89199 89199 80279 89199 
89200 89200 89200 89200 89200 89200 89200 89200 

91778 91778 91778 91778 82600 91778 91778 91778 
91778 91778 91778 91778 91778 91778 91778 91778 

92402 91778 91778 91778 83925 92585 91778 86825 
91922 91778 93634 91778 91778 92037 96024 92252 

140747 141086 141087 141038 140728 140981 126990 141085 
141104 141104 140990 140922 140948 140930 140875 141103 

149980 155820 162684 157865 157193 148886 132175 148185 
164751 162429 148694 154454 161645 155644 156593 162571 

160229 160831 160613 160615 160798 146182 160533 160559 
160616 160589 160792 160809 160612 160615 162668 160613 

160229 163797 160613 162845 160798 146182 166307 160559 
160616 160589 170254 160809 160612 162403 189065 160613 

144128 144128 129715 144128 144128 144128 144128 144128 
144128 144128 144128 144128 144128 144128 144128 144128 

179297 179289 161367 179297 179181 179283 179297 179280 
179297 179297 179185 179297 179115 179297 179237 179293 

179297 179289 164563 175881 179181 179283 179297 179280 
179297 179297 179185 179297 179115 199572 179237 179293 

127599 141777 141776 141777 141777 141777 141777 141777 
141777 141777 141777 141777 141777 141777 141777 141777 

140560 159217 169938 160023 169269 168512 163177 162802 
168163 166397 157752 155233 177962 171977 176086 158992 

170799 154302 171551 171366 172303 171448 171435 171258 
171252 171330 170836 170846 172351 171582 171624 171422 

178281 154302 176701 172022 207067 180402 171707 176419 
180814 171623 177651 181227 225284 175628 171680 171422 

141432 141617 141604 141432 141633 141432 129023 141614 
141433 141433 141433 143215 141433 141433 141658 141433 

195736 195533 180395 195720 195838 195698 195533 195714 
200016 195534 196147 195915 195534 195534 195534 196066 

196641 195533 180395 195720 185524 195698 195533 197679 
206325 195534 196959 200404 195534 195534 198368 196066 

142326 142326 142326 142326 142325 142326 128093 142326 
142326 142326 142326 142326 142326 142326 142326 142326 

165432 157050 154411 163448 165393 166215 152615 163953 
160153 156147 163239 177185 177982 182542 164633 153047 

172528 173963 174009 172234 172302 171709 171744 155541 
172600 173665 171235 172487 172044 172335 171978 172334 

179630 397178 225894 245630 185670 188014 229550 186678 
188080 463359 181504 173284 220338 215776 188416 182050 

143852 143268 142919 142886 142910 143114 129584 143735 
143257 143978 143194 143193 143068 143937 143324 143884 

146138 146138 146138 146138 146138 146138 131524 146138 
146138 146138 146138 146138 146138 146138 146138 146138 

146138 150444 148940 148518 149150 150397 142683 146138 
146138 146138 146138 148884 148138 168064 148591 147997 

249303 249840 249303 249303 249303 249303 226987 249557 
249304 249304 249594 249304 249683 249304 252208 249304 

268761 245297 261449 265352 263490 256908 247549 269015 
265777 264858 263682 258018 261895 256434 272649 265781 

266028 265955 239425 266027 266027 265822 265844 266027 
266018 266026 266007 266018 266008 265941 266014 266017 

264853 265955 245313 266027 266027 265822 265844 266027 
266018 296420 266007 264748 267725 265941 266014 266017 

253254 253254 253254 227929 253254 253254 253254 253254 
253254 253254 253254 253254 253254 253254 253254 253254 

248881 248880 248881 223993 248879 248881 248879 248881 
248853 248882 248882 248882 248882 248882 248882 248882 

223992 248880 248881 223993 248879 248880 248879 251533 
248853 249121 248882 248958 250919 248882 252198 248922 

293055 293055 293055 293055 293055 293055 266905 293055 
293056 293056 296536 293412 293056 293056 293056 293056 

272942 296860 294148 300488 298342 300885 290372 299631 
301110 298917 303401 303388 303139 299595 300226 303400 

306079 305868 305918 305424 275482 305901 306087 305955 
306069 306092 306028 305978 305770 306092 306093 306082 

306079 305868 305918 305424 280903 308882 306102 305955 
306069 306092 306028 305978 317467 315040 336011 306082 

322354 322442 290198 322409 322442 322442 322350 322442 
322441 322334 322438 322442 322436 322441 322413 322442 

292366 292366 292365 292366 263129 292366 292366 292366 
292366 292366 292366 292366 292366 292366 292366 292366 

292366 292366 292365 292366 263129 292366 264779 292366 
292366 292366 292366 292366 294914 292366 292366 292366 

296410 266769 296410 296410 296410 296410 296410 296410 
296410 296410 296410 296410 296410 296410 296410 296410 

335382 296437 336667 291851 340509 318546 308964 337754 
322546 320155 322722 339089 329930 317873 338107 340719 

333072 333283 332878 299963 333292 333255 333272 333293 
333295 332862 333295 333281 332694 333294 333228 333277 

333072 333283 332878 303269 333292 340271 329695 334789 
368048 332862 333910 333281 332694 333294 333228 340917 

297203 297203 297203 297202 297203 297202 297203 267482 
297203 297203 297203 297203 297203 297203 297203 297203 

267479 297199 297199 297198 297199 297198 297199 297199 
297199 297198 297198 297199 297199 297199 297199 297199 

267479 297199 271483 297798 297199 297198 297285 297199 
302475 297198 297198 297199 297444 297469 297199 297199 

317173 351464 351345 351654 351982 351348 351906 351549 
351952 351356 351811 351632 351925 351873 351581 352433 

337604 364425 361457 363240 332078 364374 361112 356181 
368736 365675 361215 360835 362264 360932 363137 361187 

365437 367685 365885 365940 365114 365479 330916 365190 
365557 367585 365193 365582 365393 365472 365740 365498 

365437 399933 365885 365940 365114 365479 330916 365190 
445772 367585 367507 365582 365393 374722 365740 365498 

352796 352845 353336 318215 352845 352830 352830 352945 
352920 353533 352919 352825 352815 352959 353008 353134 

352898 352898 352898 352898 317608 352898 352898 352898 
352898 352898 352898 352898 352898 352898 352898 352898 

353634 352898 352898 352898 317608 352898 352898 319840 
352898 352898 355989 352898 352898 353021 352898 352898 

379037 378630 378637 378793 341274 378717 378722 378755 
378707 378647 378725 378569 378968 379189 378706 378765 

348173 384518 385233 383633 367371 384513 384230 382326 
385151 384751 386781 380921 384893 385587 385075 386601 

388376 389077 388583 388801 388967 350571 388681 388831 
388810 388728 388534 388590 388668 389500 388665 388830 

388376 381622 391629 388801 392729 350571 390338 393024 
427248 392657 388534 401608 388668 392517 388665 392349 

376295 376294 376295 338665 376294 376295 376294 376295 
376295 376295 376295 376295 376295 376295 376295 376295 

401116 401555 401201 401444 361722 401486 401546 401329 
401155 401282 401887 401474 401117 401487 401117 401218 

379169 341252 379169 379169 379169 379169 379169 379169 
379169 379169 379169 379169 379169 379169 379169 379169 

404699 373068 406381 401444 367008 403535 403524 403811 
409699 404412 415313 406910 408821 404348 410526 405333 

425853 405880 390007 426856 403051 415429 420718 420381 
423109 425216 434809 413817 427399 414881 424950 406182 

423476 384125 423106 423203 423389 423204 424033 423610 
423206 423172 423078 426723 423208 423910 423324 423641 

423476 390821 380795 423203 423389 423204 457856 423610 
423206 423172 431279 452314 423208 423910 423324 423641 

363055 403297 403358 403395 403394 403392 403394 403341 
403394 403394 403394 403351 403394 403373 403394 403386 

411036 411036 411036 369933 411036 411036 411036 411036 
411036 411036 411036 411036 411036 411036 411036 411036 

411036 411036 411036 369933 369932 411376 412701 411036 
411036 411036 411036 411036 413204 411035 411036 411036 

432443 432443 391868 432721 432443 432442 432435 432351 
432863 432444 432444 435409 433071 432444 432363 432444 

453703 448902 406726 420375 464568 463870 453771 447040 
463532 440811 466838 463361 448269 453968 458937 457600 

460257 459883 459515 414994 459218 459793 459740 461047 
459660 459553 460027 459729 461009 460040 460224 460267 

460257 459883 459515 435040 483686 459793 484374 608846 
494222 459553 460027 483676 675745 504355 486464 468197 

389838 433153 433153 433153 433153 433153 433153 433153 
433153 433153 433153 433153 433153 433153 433149 433153 

435723 435723 392151 435723 435723 435723 435723 435723 
435723 435723 435723 435723 435723 435723 435723 435723 

501326 451193 501326 501326 501508 501326 502907 501326 
501327 501327 502892 501327 501498 501475 501657 501327 

437928 437353 407759 438113 438140 402340 438011 437574 
441197 446258 441561 439165 436926 438233 445284 437178 

444504 447838 439237 454576 411822 433459 448852 457535 
456932 455009 451420 453903 448883 449997 454788 451543 

451973 452463 452400 452276 451982 451599 451972 409225 
452379 454811 451968 452880 452154 452282 451880 452263 

436177 455676 452400 452276 454916 451599 451972 409225 
452379 483743 451968 452880 452154 452282 451880 457011 

436782 437110 437149 437016 436894 437065 393457 436863 
436839 437162 437047 436843 437109 436747 437176 437183 

473318 472765 473314 473345 473046 426011 473105 473184 
473141 473349 473349 473338 473247 473323 473343 473344 

443658 443658 399292 443658 443658 443658 443658 443658 
443658 443658 443658 443658 443658 443658 443658 443658 

473318 473335 473314 430851 474075 431067 473220 473184 
476762 475179 478147 473338 473247 473323 473496 474099 

485286 479468 487145 474799 486976 454441 439041 484723 
484490 485464 482785 479662 484154 485662 485078 487660 

486672 487042 486697 487089 487119 487112 486932 438410 
487107 487114 487127 486411 487128 486935 487048 487083 

496312 487035 486717 487033 487025 498206 498966 438410 
556475 487100 493708 486517 487084 509155 492940 492986 

425832 473147 473147 473147 473146 473147 473147 473147 
473147 473147 473147 473147 473147 473147 473147 473147 

504898 504720 504892 504759 504993 504986 454508 504910 
504585 504817 504665 504988 504997 504730 504674 504966 

504898 504720 504892 504759 467273 504986 454508 504910 
504585 504817 504665 504988 522604 504730 507778 504966 

425737 473042 473042 473042 473042 473042 473042 473042 
473042 473042 473042 473042 473042 473042 473042 473042 

510915 479950 526954 529916 514135 507828 501459 510299 
503726 509094 531527 482729 521331 521183 496105 496106 

515036 515127 514915 514954 515378 514953 465969 514954 
515084 514955 514957 514975 514957 517509 514956 514956 

520685 515127 528383 514954 510375 514953 474145 522822 
517331 514955 514957 514975 514957 562341 514956 514956 

470444 470444 470444 470444 423399 470444 470444 470444 
470444 470444 470444 470444 470444 470444 470444 470444 

470662 470662 470662 423596 470662 470662 470662 470662 
470662 470662 470662 470662 470662 470662 470662 470662 

528134 528134 528131 475321 528134 528134 528134 528134 
528135 528135 528135 528135 528075 528135 528135 528135 

470662 473988 472346 430860 452544 470662 471416 473116 
473188 470662 470662 498778 470662 478315 470662 475424 

502135 473394 502670 483372 481417 519936 503530 485554 
510178 512896 506999 522959 524505 496556 514365 503652 

512353 512771 513011 513011 512981 461710 513008 513011 
513000 513002 512947 513009 513009 513013 513013 512878 

512353 521836 522958 513011 520454 461710 513001 511084 
513000 519823 518466 518495 513009 519042 573005 512878 

471388 471388 471388 471388 471389 424249 471388 471389 
471389 471389 471389 471389 471389 471389 471389 471389 

528037 528036 528037 528037 528037 475233 528037 528037 
528038 528037 528037 528037 528037 528038 528037 528037 

528695 484912 529762 532245 532068 495146 531149 529734 
532514 532399 530514 529777 539151 528918 529157 529541 

477161 477161 477161 429445 477161 477161 477159 477160 
477161 477161 477161 477159 477161 477161 477161 477161 

475436 475436 475436 475436 475436 475435 475435 427892 
475436 475436 475436 475436 475436 475436 475436 475436 

491065 485970 503109 454438 488293 496792 503823 457476 
494195 488622 486342 488812 504600 498294 499024 495974 

430598 478442 478442 478442 478442 478442 478442 478442 
478442 478442 478442 478442 478442 478442 478442 478442 

440371 483458 488796 478417 478418 490062 482911 478418 
542693 478439 478441 478441 487125 485749 478441 478441 

494044 447347 493884 493917 494058 493905 494083 492976 
494106 493473 494093 496867 493586 493194 493789 493609 

447437 447347 493884 493917 494058 494281 494083 492976 
494106 493473 494093 497570 493586 493194 493789 493609 

502248 502232 502251 502251 502232 502251 502251 452026 
502252 502252 502252 502252 502252 502252 502252 502250 

501703 501721 501700 501721 451548 501720 501721 501721 
501719 501720 501721 501721 501702 501721 501721 501721 

507715 466354 512729 505936 490505 511600 510945 512513 
509184 511086 517308 517911 514673 510253 517498 510430 

514635 514576 514635 514640 514216 514638 514540 463176 
514642 514642 514642 514599 514588 514642 514568 514642 

514610 522812 514635 518253 514402 514613 501555 463176 
514642 514641 525232 517512 520194 558518 514568 514641 

498710 498710 448839 498710 498710 498710 498709 498710 
498710 498710 498710 498710 498710 498710 498710 498710 

474705 527450 527450 527450 527450 527450 527450 527450 
527451 527451 527451 527451 527451 527451 527451 527451 

474705 527450 527450 528565 527450 484651 528646 528857 
539587 527451 527451 527451 528555 527451 527451 527451 

525235 525450 525018 525237 472919 525111 525458 525360 
525149 525437 525443 525450 525282 525295 525426 525466 

523840 523841 523840 523841 523841 471456 523840 523841 
523841 523841 523840 523841 523841 523841 523841 523840 

536633 531657 536525 492076 529596 500920 528613 525857 
535436 527723 528100 531666 536880 533937 546778 535698 

