0 0 0 0 0 0 0 0 
0 0 0 0 0 0 0 0 

0 0 0 0 0 4949 0 0 
0 0 0 5049 0 0 0 0 

0 459 0 0 0 5390 0 0 
0 598 0 4800 0 0 0 0 

0 0 0 0 0 1271 0 0 
0 0 0 1727 0 0 0 0 

0 0 0 0 0 6442 0 0 
0 0 0 7050 0 0 0 0 

0 0 0 0 0 5797 0 0 
0 0 0 6989 0 0 0 0 

0 0 0 0 0 12717 0 0 
0 0 0 9869 0 0 0 0 

0 0 0 0 0 11445 0 0 
0 0 0 10153 0 0 0 0 

0 5168 0 0 0 12913 0 0 
0 5118 0 15360 1406 0 0 0 

0 2161 0 0 0 18542 0 0 
0 4850 0 21333 2040 0 0 0 

0 2161 0 0 0 22312 0 0 
0 4850 0 30053 2040 0 0 0 

0 2161 0 0 0 20080 0 0 
0 4850 0 29278 2040 0 0 0 

0 2161 0 0 0 20976 0 0 
0 4850 0 31452 2040 0 0 0 

0 4910 0 0 0 23305 0 0 
0 6954 0 29519 2040 0 0 0 

0 4910 0 0 0 23305 0 0 
0 6954 0 29519 2040 0 0 0 

0 12131 0 0 0 25624 0 0 
0 6954 0 34762 2040 0 0 0 

0 12131 0 7717 0 23545 3444 0 
0 6954 0 30526 2040 0 2562 0 

0 3805 0 0 0 10334 0 0 
0 1203 0 13089 3082 0 0 0 

9021 4321 6230 0 0 18833 2172 7066 
10425 5472 9904 20509 3471 4860 10138 8842 

9021 4321 6230 0 0 16949 2172 7066 
10425 5472 9904 20341 3471 4860 10138 8842 

9021 4321 6230 0 0 52429 2172 7066 
10425 5472 9904 59397 3471 4860 10138 8842 

9021 4321 6230 0 0 52186 2172 7066 
10425 5472 9904 61700 3471 4860 10138 8842 

9021 4321 6230 0 0 52186 2172 7066 
10425 5472 9904 61700 3471 4860 10138 8842 

9021 14985 6230 0 0 46967 2172 7066 
10425 5472 9904 60084 3471 4860 10138 8842 

9021 20355 6230 0 0 37124 2172 7066 
10425 5472 9904 54957 3471 4860 13249 12428 

9021 28354 6230 0 0 33876 2172 7066 
10425 5472 9904 52472 3471 4860 13249 14949 

2369 14272 3239 15917 2256 31366 9306 9305 
0 6954 5151 35712 2040 5570 11894 0 

2369 14272 3239 15917 2256 30396 9306 9305 
0 6954 5151 48277 2040 5570 11894 0 

3490 15920 2765 12031 1745 11026 8164 7544 
2568 8340 4102 15017 3099 1761 8886 0 

3490 16828 2765 12031 1745 11026 8164 7544 
2568 8340 4102 18107 3099 1761 8886 0 

17499 28354 6230 11557 12051 41364 2172 10872 
15374 8928 9904 43409 7190 4860 16421 17680 

17499 28354 6230 11557 12051 46218 2172 10872 
15374 8928 9904 55187 13160 4860 16421 17680 

3490 9111 6437 9737 2579 10105 9780 8366 
6512 9117 7297 9587 4964 1761 9946 2474 

3490 9111 6437 9737 2579 15761 9780 8366 
6512 9117 7297 9587 4964 1761 13961 2474 

17499 34667 6230 11557 12051 52127 9620 10872 
15374 18807 15096 63366 20298 4860 16421 29971 

17499 34667 6230 11557 12051 56161 9620 10872 
15374 18807 15096 69824 20298 4860 16421 29971 

17499 37103 10981 11557 13978 54224 13710 18877 
19260 18807 15096 48952 20298 4860 16421 32176 

17499 37103 10981 11557 13978 53801 13710 26883 
19260 18807 15096 51472 20298 4860 16421 32176 

3490 11740 6437 9737 3784 14038 9780 8366 
6512 9117 8117 9587 6728 1761 14882 3578 

17390 41284 23269 11557 29700 51855 18371 30205 
26713 18807 15828 58171 24014 4860 21456 35110 

17390 41284 23269 11557 29700 55358 18371 30205 
26713 18807 15828 62182 24014 4860 21456 35110 

17390 41284 23269 11557 29700 64393 18371 30205 
26713 18807 15828 74094 24014 4860 21456 35110 

17390 41284 23269 11557 29700 64620 18371 30205 
26713 18807 15828 77123 24014 4860 21456 35110 

17390 41284 23269 11557 29700 68158 18371 30205 
26713 18807 15828 77872 24014 4860 21456 35110 

17390 42363 31864 14947 38068 38742 22767 34466 
29640 26252 15828 43193 30096 12582 23978 39038 

35283 54542 46503 51015 48825 64767 45540 49197 
33075 50157 53784 61901 45537 34297 46551 43930 

35283 54542 46503 51015 51442 64767 45540 49197 
33075 50157 53784 63593 45537 34297 46551 43930 

23802 48248 35178 27882 41310 48653 44509 36508 
36953 43792 27484 49473 35373 39370 44569 49475 

23802 48248 35178 27882 41310 53787 44509 36508 
36953 43792 27484 49473 35373 39370 44569 51392 

23802 48248 35178 27882 41310 54241 44509 36508 
36953 43792 27484 49473 35373 39370 44569 58631 

23802 48248 35178 27882 41310 59536 44509 36508 
36953 43792 27484 49473 35373 39370 44569 63305 

23802 48248 35178 27882 41310 57511 44509 36508 
36953 43792 27484 49473 40087 39370 44569 69082 

23802 48248 35178 27882 41310 76478 44509 36508 
36953 43792 27484 49473 46551 39370 44569 85741 

23802 48248 39711 27882 41310 69741 48689 36508 
44601 43792 29186 52188 51380 39370 47515 79337 

23802 48248 39711 27882 41310 72766 48689 36508 
44601 43792 29186 52188 51380 39370 47515 80377 

6247 11320 11010 10010 8853 10270 10595 9781 
9814 9646 8963 11115 8459 2810 11391 5756 

7732 19645 11010 10010 8853 10270 10595 9781 
9814 9646 8963 11115 8459 2810 22936 5756 

7732 30063 11010 10010 8853 10270 10595 9781 
9814 9646 8963 11115 8459 2810 33680 5756 

7732 36921 11010 10010 8853 10270 10595 8802 
9814 9646 8963 11115 8459 2810 37264 5756 

7732 36921 11010 10010 8853 10270 10595 8802 
9814 9646 8963 11115 8459 2810 37264 5756 

7732 38930 11010 10010 8853 10270 10595 12170 
9814 9646 8963 11115 8459 2810 42782 5756 

7732 41037 11010 10010 8853 10270 10595 12170 
9814 9646 8963 11115 8459 2810 48396 5756 

9021 28354 8843 7549 3934 29653 12089 7066 
17008 16760 12972 33353 3471 10122 15812 14949 

7732 38159 11010 10010 8853 10270 10595 15543 
9814 9646 8963 11115 8459 2810 45559 5756 

12680 34496 12807 7549 3934 57670 12089 12561 
17008 16760 12972 60193 12327 10122 15812 14949 

14137 34496 17098 7549 3934 51337 16415 12561 
21295 16760 21296 55859 15968 14343 19778 19344 

10855 75901 23336 10010 8853 10270 17485 15543 
14873 9646 20727 11115 13520 8677 68821 26061 

45457 43177 47946 45877 47824 47975 47972 47961 
47820 47964 46573 47704 47702 47796 47769 47707 

20538 25728 25730 25738 21984 24932 25752 23248 
23957 21185 25557 24250 24582 20571 25822 25570 

20538 26995 25730 25738 21984 24932 30409 23248 
23957 21185 25557 24250 24582 20571 42481 25570 

6696 6750 6621 7055 7175 6732 6784 6642 
6966 7289 6863 7163 7195 7357 7117 6642 

6696 6750 7140 7055 23748 19491 8511 6642 
6966 7289 6863 7163 7195 24528 7117 6642 

26397 28459 27325 25738 24037 24932 44081 23248 
25573 24819 25054 24250 27828 20571 49219 25570 

6696 6750 7140 7055 25216 19491 8511 6642 
6966 7289 6863 7163 7195 37406 7117 6642 

14137 34496 17098 7549 3934 53758 16415 12561 
21295 16760 21296 75406 15968 14343 19778 19344 

14137 34496 17098 7549 13991 48382 16415 12561 
21295 16760 21296 71308 15968 14343 19778 19344 

41074 20891 18179 17344 20673 23388 15416 20834 
19153 49260 23269 22232 22403 16400 23041 21594 

14137 34496 17098 7549 13180 48382 16415 12561 
21295 16760 21296 67576 15968 14343 19778 19344 

14137 34496 17098 7549 19362 48382 16415 12561 
21295 16760 21296 65136 15968 14343 19778 19344 

14137 34496 17098 7549 13862 48382 16415 12561 
21295 16760 21296 66136 15968 14343 19778 19344 

14137 34496 17098 7549 19975 48382 16415 12561 
21295 16760 21296 63908 15968 14343 19778 19344 

14137 34496 17098 7549 25477 48382 16415 12561 
21295 16760 21296 62514 15968 14343 19778 19344 

14137 34496 17098 7549 30429 48382 16415 12561 
21295 16760 21296 61810 15968 14343 19778 19344 

18846 34496 22034 7549 32110 47102 25791 12561 
21295 20091 21296 57207 15968 14343 22869 19344 

18846 34496 22034 7549 38950 47391 25791 12561 
21295 20091 21296 68537 15968 14343 22869 19344 

23572 34496 26966 7549 47012 44944 25791 12561 
21295 20091 21296 64490 15968 14343 22785 19344 

23572 34496 26966 7549 46108 44944 25791 12561 
21295 20091 21296 62054 15968 14343 22785 19344 

23572 34496 26966 7549 48098 44944 25791 12561 
21295 20091 21296 67857 15968 14343 22785 19344 

33781 34569 37072 31398 35800 35308 31178 34993 
30335 39046 34200 36671 35175 37936 35175 30231 

33781 34569 33364 31398 35800 35308 31178 34993 
30335 38848 34200 36671 35175 37936 35175 30231 

33781 34569 33364 31398 34490 35574 31178 34993 
30335 37702 34200 36671 35175 38873 35435 30231 

33781 34569 33364 31398 34490 34263 31178 34993 
30335 37702 34200 36671 35175 40295 35435 30231 

33781 34569 33364 31398 34490 34263 31178 51922 
30335 37702 34200 36671 35175 56334 35435 30231 

33781 34569 33364 31398 34490 34263 31178 53396 
30335 37702 34200 36671 35175 59892 35435 30231 

53891 53296 53061 48612 52261 52830 53177 52647 
53482 52782 52725 53577 53064 52261 54074 53505 

56001 53296 53061 48612 52261 52830 53177 52647 
53482 52782 52725 53577 53064 52261 57055 53505 

56647 53296 53061 50200 52261 52830 53177 52647 
53482 52782 52725 53577 53064 52261 64040 53505 

55982 53296 53061 50200 52261 52830 53177 52647 
53482 52782 52725 53577 53064 52261 67300 53505 

49784 48541 52004 48650 51874 51390 50547 49936 
52112 57991 50984 50923 50659 51484 50067 54575 

49784 48541 46803 48650 51874 51390 50547 49936 
52112 57991 50984 50923 50659 51484 50067 54317 

49784 48541 46803 48650 52311 51390 50547 49936 
52112 57991 50984 50923 50659 51484 50067 63072 

49784 48541 46803 48650 51519 51390 50547 49936 
52112 57991 50984 50923 50659 51484 50067 65055 

49784 48541 46803 48650 55473 51390 50547 49936 
52112 57991 50984 50923 50659 51484 50067 66593 

49784 48541 46803 48650 64602 51390 50547 49936 
52112 57991 50984 50923 50659 51484 50067 79053 

46752 42097 43618 47637 36303 39306 38541 46638 
46791 50347 44751 44393 39323 51108 47089 41540 

46752 42097 43618 47637 36303 39306 38541 46638 
46791 50347 44751 44393 39323 51108 47089 41540 

46752 42097 43618 46142 36303 39306 38541 46638 
46791 50347 44751 44393 39323 51169 47089 46149 

69829 44281 54450 48706 36303 39306 38541 51246 
49563 49673 44751 44393 43154 76041 47043 46149 

47004 43765 44985 47251 36303 40606 42063 47973 
48101 51767 45621 44393 40317 48273 47043 46905 

47004 43765 44985 47251 36303 40606 42063 43175 
48101 51387 45621 44393 40317 48273 47043 46905 

47004 43765 44985 190013 61958 40606 42063 56507 
48101 184567 45621 44393 50810 48273 58422 57116 

47004 43765 44985 177678 61958 40606 42063 56507 
48101 189111 45621 44393 50810 48273 58422 57116 

47004 43765 44985 177678 61958 40606 42063 56507 
48101 189111 45621 44393 50810 48273 58422 57116 

47004 43765 44985 170831 61958 40606 42063 56507 
48101 194818 45621 44393 50810 48273 58422 57116 

47004 43765 44985 161752 61958 40606 42063 56507 
48101 187521 45621 44393 50810 48273 58422 57116 

47004 43765 44985 156784 61958 40606 42063 56507 
48101 185109 45621 44393 50810 48273 58422 57116 

59570 56482 44985 137329 61958 52502 53662 56507 
59899 165384 55723 44393 61358 48273 58422 57116 

59570 56482 44985 125596 61958 52502 53662 56507 
59899 174578 55723 44393 61358 48273 58422 57116 

28156 29133 28536 28530 28666 28424 28950 28871 
28790 28643 28314 28639 28638 28644 31377 29143 

28156 28719 28536 28530 28666 28424 28950 28871 
28790 28643 28314 28639 28638 28644 34152 29143 

28287 26434 29036 29175 29104 28759 29341 29113 
29182 29135 28784 28804 29228 29221 29302 29320 

28287 26434 29036 29175 44723 28759 29341 29113 
31226 29135 28784 31113 29228 29221 29302 50198 

37963 37939 37617 37831 38081 39546 36278 30085 
36970 38046 37253 39353 45495 38099 37766 34665 

37963 37939 37617 37831 38081 42258 36278 30085 
36970 38046 37253 39353 45495 38099 37766 39153 

28287 30156 29036 29175 72489 33943 36621 29113 
31226 32889 28784 31113 34304 29221 38931 80604 

28287 30156 29036 29175 74234 33943 36621 29113 
31226 32889 28784 31113 34304 29221 38931 87628 

28287 30156 33156 34058 64079 38243 36621 33478 
35204 37163 28784 30919 34304 29221 42096 71603 

28287 30156 33156 34058 62671 38243 36621 33478 
35204 37163 28784 30919 34304 29221 42096 73850 

37963 37939 37617 37831 38081 49851 36278 30085 
36970 40511 37253 39353 51423 38099 37766 39463 

28287 36791 39848 38528 63644 41664 36621 37526 
38567 42996 28784 31232 34304 29221 45123 66193 

28287 36791 39848 38528 65276 41664 36621 37526 
38567 42996 28784 31232 34304 29221 45123 71273 

28287 36791 39848 38528 89374 41664 36621 37526 
38567 42996 28784 31232 34304 29221 45123 87046 

28287 36791 39848 38528 87103 41664 36621 37526 
38567 42996 28784 31232 34304 29221 45123 91278 

28287 36791 39848 38528 78392 41664 36621 37526 
38567 42996 28784 31232 34304 29221 45123 90860 

33035 36791 46698 39187 59199 45988 44234 42197 
41737 49102 35523 31232 34626 34316 51002 62132 

54075 43613 46215 46142 43594 44444 42593 47866 
47845 52262 48825 44393 43176 56760 48036 46149 

56167 43613 46215 46142 43594 44444 42593 47866 
47845 52262 48825 44393 43176 59491 48036 46149 

52088 51004 53564 48445 56135 52826 50390 61318 
53926 58164 49156 42532 52196 53332 57808 62226 

52088 51004 53564 48445 56135 52826 50390 60186 
53926 58164 49156 42532 52196 53332 57808 67135 

52088 51004 53564 48445 56135 52826 50390 72681 
59153 58164 49156 42532 52196 53332 57808 75281 

52088 51004 53564 48445 56135 52826 50390 75427 
61618 58164 49156 42532 52196 53332 57808 81040 

52088 51004 53564 48445 56135 52826 50390 93200 
61618 58164 49156 42532 52196 53332 57808 101950 

52088 51004 53564 48445 56135 52826 50390 108660 
61618 58164 49156 42532 52196 53332 57808 118459 

63417 51004 63919 48445 56135 52826 56233 101386 
66812 58164 55731 42532 52196 53332 57808 111730 

63417 51004 63919 48445 56135 52826 56233 96247 
66812 58164 55731 42532 52196 53332 57808 112695 

68187 93679 89717 93054 88747 80804 85241 83893 
87381 93836 89891 75224 90988 94412 93545 93945 

76926 94112 89717 93054 93654 80804 85241 83893 
88507 93836 89891 75224 90988 103229 93545 93945 

76926 94010 89717 93054 93654 80804 85241 83893 
88507 93836 89891 75224 90988 106340 93545 93945 

76926 101644 89717 93054 93654 72723 85241 83893 
88507 93836 89891 75224 90988 110776 93545 93945 

76926 101644 89717 93054 93654 72723 85241 83893 
88507 93836 89891 75224 90988 110776 93545 93945 

76926 97290 89717 93054 93654 82115 85241 86840 
88507 95107 89891 75224 90988 111437 93545 93945 

76926 93394 89717 93054 93654 82115 85241 86840 
88507 95107 89891 75224 90988 117022 93545 93945 

76926 87737 89717 93054 93654 85311 85241 89293 
88507 95107 89891 75224 90988 109988 93545 93945 

38982 42994 44396 44970 39282 47770 37377 40391 
46040 46918 37253 45017 47756 39539 45257 43175 

42064 42994 44396 54212 39282 92585 37377 48958 
51063 54794 47642 48853 101607 43916 48033 44562 

51592 42994 49723 63357 45882 102977 37377 58248 
51063 54794 47642 48853 106203 43916 48033 44562 

82773 87737 89717 110242 173990 112732 85241 97481 
93536 110362 102744 81871 114895 194332 102365 95458 

64325 64471 64398 59615 63954 58242 64279 63840 
64113 64717 63540 62737 64127 64268 64505 64390 

54298 54309 54309 54279 54309 54309 48878 54309 
54309 54309 54309 54308 54309 54289 54309 54309 

54298 55320 54309 54279 54309 54309 48878 54309 
54309 54309 54309 54308 54309 54289 67922 54944 

57210 70801 54309 54279 61214 54309 48878 54309 
62510 54309 54309 59349 54309 59106 81529 54944 

98295 104379 114747 114519 114686 103293 104586 114767 
111352 112325 113375 111152 113934 114569 113084 113482 

57210 92492 54309 54279 61214 54309 48878 54309 
64822 54309 54309 59349 54309 63167 99072 54944 

57210 105292 54309 54279 61214 54309 48878 54309 
64822 54309 54309 59349 54309 72129 125374 54944 

51592 42994 49723 63357 45882 105282 37377 58248 
51063 54794 47642 48853 125880 43916 48033 44562 

51592 42994 49723 63357 45882 99392 37377 58248 
51063 54794 47642 48853 125181 43916 48033 44562 

51592 42994 49723 63357 45882 90041 37377 58248 
51063 54794 47642 48853 124602 43916 48033 44562 

51592 42994 49723 63357 45882 86036 37377 58248 
51063 54794 47642 48853 124145 43916 48033 44562 

51592 42994 49723 63357 45882 80765 37377 58248 
51063 54794 47642 48853 124334 43916 48033 44562 

51592 42994 49723 63357 45882 80188 37377 58248 
51063 54794 47642 48853 122977 43916 48033 44562 

51592 42994 49723 63357 45882 79669 37377 58248 
51063 54794 47642 48853 121698 43916 48033 44562 

51592 42994 49723 63357 45882 89080 37377 58248 
51063 54794 54402 53361 109840 43916 48033 44562 

51592 42994 49723 63357 45882 86838 37377 58248 
51063 54794 54402 53361 111764 43916 48033 44562 

51592 42994 49723 63357 45882 82320 37377 58248 
51063 54794 54402 53361 114271 43916 48033 44562 

83661 96521 96476 79666 86893 86578 85629 92759 
96205 87804 95564 95802 94800 95745 96171 96548 

83661 94337 96476 79666 86893 86578 85629 92759 
96205 87804 95564 95802 94800 95745 97035 102961 

83661 94337 89014 79666 86893 86578 85629 92759 
96205 87804 95564 95802 94800 95745 97035 103236 

83661 91279 89014 79666 86893 86578 85629 92759 
96205 87804 95564 95802 94800 95745 97035 106968 

53047 53094 53054 52858 52953 47802 52945 52537 
52583 52980 53108 53116 53116 53117 52710 53020 

53047 47784 53054 52858 52953 47802 52945 52537 
52583 52980 53108 53116 53116 53114 52710 53020 

53047 47784 57187 52858 52953 47802 52945 52537 
52583 52980 53108 63069 53116 53114 53340 53020 

53047 47784 53924 52858 52953 47802 52945 52537 
52583 52980 53108 64024 53116 53114 53340 53020 

53047 47784 55035 52858 52953 47802 52945 52537 
52583 52980 53108 66794 53116 53114 53340 53020 

53047 47784 57031 52858 52953 47802 52945 52537 
52583 52980 53108 68618 53116 53114 53340 53020 

70370 63771 68585 66093 70423 61731 70161 68121 
66381 70671 67113 68985 67287 64631 67663 68237 

70370 63771 68585 66093 70047 61731 70161 68121 
66381 74646 67113 68985 67287 64631 67663 68237 

66264 63771 68585 66093 70047 61731 70161 68121 
66381 76160 67113 68985 67287 64631 67663 68237 

66264 63771 68585 66093 70047 61731 68144 68121 
66381 80560 67113 68985 67287 64631 67663 68237 

61332 54406 68775 54170 58543 56707 58842 59177 
59760 59557 55904 75989 60631 54712 60359 57140 

61332 54406 61897 54170 58543 56707 58842 59177 
59760 59557 55904 75267 60631 54712 60359 57140 

61332 54406 61262 54170 58543 56707 58842 59177 
59760 59557 55904 83930 60631 54712 60359 57140 

68999 54406 61262 54170 58543 56707 58842 59177 
59760 59557 55904 86202 60631 54712 60359 57140 

73719 54406 61262 54170 58543 56707 58842 59177 
59760 59557 55904 86763 60631 54712 60359 57140 

75957 54406 61262 54170 58543 56707 58842 59177 
59760 59557 55904 89416 60631 54712 60359 57140 

75957 54406 61262 54170 58543 56707 58842 59177 
59760 59557 55904 89416 60631 54712 60359 57140 

65980 54406 62328 57778 60089 61045 58842 64352 
60920 63694 55904 76301 62004 66949 60359 62571 

60216 55000 62328 57778 60089 61045 58842 64352 
60920 63694 55904 73182 62004 66949 61013 62571 

62303 55000 62328 57778 63720 61045 58842 86262 
60920 66909 55904 98602 67530 66949 63628 65909 

58922 58948 59053 53156 59028 59054 58995 58995 
59065 59065 59065 59059 58974 58945 59017 58922 

58922 58948 59053 53156 59028 53148 58995 58995 
59063 59065 59065 59059 58974 58945 59017 58922 

70430 58948 106788 53156 59028 53148 58995 58995 
68682 59065 108795 59059 58974 58945 59017 63729 

70430 58948 101109 53156 59028 53148 58995 58995 
68682 59065 110594 59059 58974 58945 59017 63729 

70430 58948 101109 53156 59028 53148 58995 58995 
68682 59065 110594 59059 58974 58945 59017 63729 

70430 58948 97706 53156 59028 53148 58995 58995 
68682 59065 114937 59059 58974 58945 59017 63729 

75880 63292 92627 53156 59028 53148 58995 63818 
68682 59065 102599 59059 62119 58945 59017 63729 

83551 63292 94839 53156 59028 53148 58995 57436 
68682 59065 96506 59059 72495 58945 59017 63729 

31143 28112 31147 31229 31025 31197 31158 31229 
31086 31234 31237 31199 31150 31028 31237 30957 

31143 28112 31147 30248 31025 31197 31158 31229 
31086 31234 43236 31199 31150 31028 31237 30957 

68641 54406 64918 57171 61803 58513 58842 65688 
61423 61896 59664 77258 61932 60128 62385 65737 

63919 54406 64918 57171 61803 58513 58842 65688 
61423 61896 59664 79396 61932 60128 62385 65737 

64457 54406 59317 57171 62269 61554 60064 65304 
62718 62309 60897 65385 63921 61897 64963 65862 

64457 54406 59317 59873 62269 61554 60064 69296 
62718 62309 60897 65385 63921 61897 64963 78646 

80046 63176 68111 69782 66226 61554 64796 95142 
66418 62309 60897 73311 69833 61897 64963 102981 

80046 63176 68111 69782 66226 61554 64796 89794 
66418 62309 60897 73311 69833 61897 64963 107197 

81327 65666 68111 73796 66226 64378 67013 89345 
66418 65213 64310 77157 72179 61897 64963 87510 

81327 65666 68111 73796 66226 64378 66978 89491 
74710 65213 64310 77157 72179 61897 64963 89460 

81327 65666 68111 76112 66226 66475 70741 78846 
78188 65213 64310 77157 72179 61897 69228 86523 

78194 65666 68111 76112 66226 66475 70741 78846 
81501 65213 64310 77157 72179 61897 69228 86523 

79690 65666 70337 79763 66226 71072 75959 81130 
84912 65213 64310 76846 72179 61897 74961 90659 

83551 63292 93448 57693 59028 53148 66005 60654 
68682 65722 102652 63267 79014 74182 63434 63729 

83551 63292 89012 57693 59028 53148 66005 60654 
68682 65722 103571 63267 79014 74182 63434 63729 

83551 63292 94990 57693 69191 53148 66005 60654 
68682 65722 110540 63267 79014 74182 63434 65258 

83551 63292 92157 57693 69191 53148 66005 60654 
68682 65722 112985 63267 79014 74182 63434 65258 

83551 63292 92157 57693 69191 53148 66005 60654 
68682 65722 112985 63267 79014 74182 63434 65258 

85610 63292 81236 62782 75515 53148 71158 64212 
70944 65722 88987 63267 80733 77150 71599 65911 

111350 113594 116052 113404 114995 115867 114105 113936 
127119 111609 113724 114730 113068 112760 105696 113218 

111350 113594 111113 113404 114995 115867 114105 113936 
130012 111609 113724 114730 113068 112760 105696 113218 

81087 67705 74748 73678 78387 65822 79680 73628 
75868 74299 80636 74782 78493 83072 78973 73059 

80478 67705 74748 73678 78387 65822 79680 73628 
75868 74299 80636 74782 78493 85873 78973 73059 

92907 67705 74748 73678 78387 65822 79680 73628 
75868 74299 80636 74782 78493 97272 78973 73059 

101992 67705 74748 73678 78387 65822 79680 73628 
75868 74299 80636 74782 78493 102793 78973 73059 

93813 67705 74748 73678 78387 65822 79680 73628 
75868 74299 80636 74782 78493 106341 78973 73059 

91503 67705 74748 73678 78387 65822 79680 73628 
75868 74299 80636 74782 78493 110015 78973 73059 

105183 67705 77754 73678 78387 65822 84248 77185 
75868 74299 80636 74782 78493 114122 78973 73059 

105183 67705 77754 73678 78387 65822 84248 77185 
75868 74299 80636 74782 78493 114122 78973 73059 

99302 121615 136905 87565 143725 134706 118098 146163 
90544 150206 146259 84966 150916 145548 113409 111300 

99302 121615 141375 87565 143725 134706 118098 147831 
90544 150206 146259 84966 165421 145548 113409 111300 

80368 73050 75898 73258 73380 75008 77065 81215 
81424 71743 72551 78757 77425 69963 80987 80353 

99302 121615 141375 87565 143725 134706 118098 143145 
90544 150206 146259 84966 165063 145548 113409 111300 

99302 121615 141375 87565 135477 134706 118098 143145 
90544 150206 146259 84966 167089 145548 113409 111300 

99302 121615 141375 87565 135477 134706 118098 143145 
90544 150206 146259 84966 167089 145548 113409 111300 

99302 121615 141375 87565 135477 134706 118098 144953 
90544 150206 146259 84966 167319 145548 113409 111300 

99302 121615 141375 87565 135477 134706 118098 136457 
90544 150206 146259 84966 171082 145548 113409 111300 

99302 121615 132370 87565 135477 134706 118098 136457 
90544 150206 146259 84966 165642 145548 113409 111300 

116906 126450 186989 87565 135477 141199 118098 136457 
98793 150206 146259 84966 203123 145548 113409 111300 

114601 121615 137470 87565 136949 134706 123039 183879 
90544 151590 146259 100159 204718 154117 113409 111300 

125293 126450 189280 104020 135477 141199 118098 136457 
98793 155651 146259 95933 208176 145548 113409 125811 

82182 81856 74136 82186 82015 79272 82314 82368 
82174 82397 81895 81058 82281 81681 82193 81719 

142290 141598 143105 123686 141142 142679 128082 128795 
121889 142303 142049 130382 141559 143024 125519 142309 

142290 141598 144431 123686 141142 139351 128082 128795 
121889 156816 142049 130382 141559 143024 125519 149346 

160090 141598 230636 141253 154493 152918 154362 133759 
121889 265402 166495 157733 141559 159661 150642 164684 

144080 141598 247142 141253 170526 152918 154362 148143 
121889 231275 166495 157733 141559 159661 150642 164684 

144080 141598 254240 141253 170526 152918 154362 163224 
121889 269183 166495 157733 141559 159661 150642 164684 

69313 69313 69313 69313 62381 69313 69313 69313 
69313 69313 69313 69313 69313 69313 69313 69313 

125293 126450 191184 104020 135477 141199 118098 136457 
98793 155651 146259 95933 208176 145548 113409 152157 

125293 126450 175398 104020 135477 141199 118098 136457 
98793 155651 146259 95933 208476 145548 113409 152157 

125293 126450 162858 104020 135477 141199 118098 136457 
98793 155651 146259 95933 207168 145548 113409 152157 

125293 126450 151572 104020 135477 141199 118098 136457 
98793 155651 146259 95933 205737 145548 113409 152157 

125293 126450 137977 104020 135477 141199 118098 136457 
98793 155651 146259 95933 205320 145548 113409 152157 

125293 126450 137977 104020 135477 133745 118098 136457 
98793 155651 146259 95933 202907 145548 113409 152157 

125293 126450 131679 104020 135477 133745 118098 136457 
98793 155651 146259 95933 199414 145548 113409 152157 

130839 126450 131679 104020 135477 133745 129980 158578 
98793 155651 146259 95933 179752 145548 117144 152157 

130839 126450 131679 104020 135477 133745 129980 149386 
98793 155651 146259 95933 181634 145548 117144 152157 

130839 126450 131679 104020 135477 133745 129980 153747 
98793 155651 146259 95933 191594 145548 117144 152157 

117291 117288 117089 117284 117270 117286 117163 105561 
117065 117282 117290 117269 117129 117280 117285 117228 

106402 106330 106501 101054 105790 95319 102464 98792 
103484 95803 102579 105591 104821 109376 103768 100445 

111052 117288 117089 117284 117270 117286 117163 105561 
117065 117282 124524 117269 117129 117280 117285 117228 

106402 106330 97109 101054 105790 95319 102464 98792 
103484 95803 102579 105591 104821 110453 103768 100445 

100582 106330 97109 101054 105790 95319 102464 98792 
103484 95803 102579 105591 104821 114393 103768 100445 

100582 95696 97109 101054 105790 95319 102464 98792 
103484 95803 102579 105591 104821 113586 103768 100445 

100582 95696 97109 101054 104564 95319 102464 98792 
103484 95803 102579 105591 105522 117608 103768 100445 

100582 95696 97109 101054 97081 95319 102464 98792 
103484 95803 104777 105591 105522 116633 103768 100445 

100582 95696 97109 101054 97081 95319 99882 98792 
103484 95803 104545 105591 105522 118300 103768 100445 

100582 95696 97109 98448 97081 95319 99882 98792 
103484 95803 104545 105591 105522 119575 103768 100445 

84615 83581 78629 85454 86298 83218 87489 78843 
85123 87600 84490 83174 85580 84381 86061 84781 

84615 83581 78629 85454 86298 83218 84990 78843 
85123 92588 84490 83174 85580 84381 86061 84781 

84615 83581 78629 85454 89180 83218 84990 78843 
85123 99380 84490 83174 91894 84381 86061 84781 

84615 83581 78629 85454 87762 83218 84990 78843 
85123 101360 84490 83174 91894 84381 86061 84781 

101131 98941 104331 102299 101065 104796 106806 104501 
105651 102975 105279 108859 108031 112431 106463 104220 

101131 98941 104331 102299 101065 104796 96125 104501 
105651 102975 105279 108859 108031 111868 106463 104220 

101131 98941 104331 102299 101065 99941 96125 104501 
105651 102975 105279 108859 108031 120160 106463 104220 

101131 98941 104331 102299 101065 99941 96125 100760 
105651 102975 105279 108859 108031 121575 106463 104220 

101131 98941 104851 102299 101065 99941 96125 100760 
105651 102975 105279 108859 108031 122895 106463 104220 

101131 98941 101548 102299 101065 99941 96125 100760 
105651 102975 105279 108859 108031 126657 106463 104220 

101131 98941 101548 102299 101065 99941 96125 100760 
105651 102975 105279 108859 108031 126657 106463 104220 

67151 67151 67151 67151 67151 67151 60436 67151 
67152 67152 67152 67151 67152 67151 67152 67152 

67151 67151 65696 67151 67151 67780 60436 67151 
67152 67152 67736 67151 67152 67151 73508 67152 

106024 98941 103110 102221 101065 99941 99406 103224 
108234 103794 106211 110045 114879 111966 107164 106524 

136817 123135 136817 136817 136817 136817 136817 136817 
136783 136817 136817 136817 136817 136817 136817 136817 

136817 110821 136817 136817 136817 136817 136817 136817 
136783 136817 136817 135448 136817 136817 136817 136817 

136817 119260 136817 136817 136817 136817 136817 159704 
136783 170016 136817 135448 136817 136817 136817 136817 

136817 110667 136817 136817 136817 136817 136817 159704 
136783 166940 136817 135448 136817 136817 136817 136817 

136817 110667 136817 136817 136817 136817 136817 159704 
136783 166940 136817 135448 136817 136817 136817 136817 

136817 110667 136817 136817 123135 136817 136817 165855 
136783 167776 136817 135448 136817 136817 136817 136817 

136817 110667 136817 136817 127403 136817 136817 146544 
136783 166053 136817 135448 139417 139697 136817 136817 

136817 110667 136817 136817 131515 136817 136817 137980 
136783 167161 136817 135448 139417 141058 136817 136817 

68434 69149 65696 72602 67151 80159 63374 67151 
67152 67152 72814 69443 67152 67151 88628 67152 

68434 69149 65696 72602 67151 74285 63374 67151 
67152 67152 72814 69443 67152 67151 99781 67152 

136817 115270 138918 136817 140106 141160 141972 142732 
138597 159360 136817 135448 144422 144892 139027 138769 

136817 115270 138918 136817 140106 141160 141972 130458 
138597 159697 136817 135448 144422 144892 139027 138769 

106180 100297 101548 102078 101065 104655 102037 100760 
106530 107790 108114 109988 109565 113043 108306 105830 

99160 100297 101548 102078 101065 104655 102037 100760 
106530 107790 108114 109988 109565 112856 112093 105830 

100834 100297 101548 102078 104410 114908 104177 102811 
108589 112153 108980 116016 109565 119534 113212 111085 

100834 100297 101548 102078 104410 113417 104177 102811 
108589 112153 108980 116016 109565 121071 113212 111085 

140145 122914 139924 139287 141093 141023 127193 135405 
139943 141320 138450 136758 141327 139597 140412 140268 

140145 122914 139924 139287 127261 141023 127193 135405 
139943 141320 138450 136758 146303 139597 140412 140268 

140907 122914 140437 139287 128770 131002 128830 135405 
140358 141320 138450 137637 145354 140027 140412 140268 

131816 122914 140437 139287 128770 131002 128830 135405 
140358 141320 138450 137637 147909 140027 140412 140268 

131816 126159 143899 144110 135952 139892 133509 137501 
141518 143513 138450 137190 160657 144739 147744 143771 

102778 100297 108382 105631 105931 122689 109320 105738 
112392 112153 110109 120601 111240 117443 113212 111105 

102778 100297 108382 105631 105931 119182 109320 105738 
112392 112153 110109 129047 111240 117443 113212 111105 

102778 100297 108382 105631 105931 124504 109320 105738 
112392 112153 110109 142819 111240 117443 113212 111105 

102778 100297 108382 105631 105931 118720 109320 105738 
112392 112153 110109 144987 111240 117443 113212 111105 

102778 100297 108382 105631 105931 116848 109320 105738 
112392 112153 110109 144360 111240 117443 113212 111105 

106778 100297 109557 108549 105931 107365 110872 110158 
115677 113159 112048 119335 114669 117703 113212 111105 

115635 109929 114525 119498 112086 111565 112828 117140 
118999 118301 118733 125376 117262 121192 118120 115153 

115635 106436 114525 119498 112086 111565 112828 117140 
118999 118301 118733 126831 117262 121192 118120 115153 

106088 89297 94652 106774 84761 111193 84741 97845 
109574 99337 94568 103580 93637 121223 107955 84272 

106088 89297 94652 106774 84761 105073 84741 97845 
109574 99337 94568 103580 93637 127220 107955 84272 

106088 89297 94652 110362 84761 105073 84741 97845 
109574 99337 94568 103580 93637 132825 107955 84272 

106088 89297 94652 116903 84761 105073 84741 97845 
109574 99337 98989 103580 93637 132912 107955 84272 

106088 89297 94652 122071 84761 105073 84741 97845 
109574 99337 103018 103580 93637 138206 107955 84272 

106088 89297 94652 123588 84761 105073 84741 97845 
109574 99337 103018 103580 93637 143581 107955 84272 

135040 133257 146602 132169 141113 142985 138498 142631 
144361 145694 141868 141511 146088 146469 146231 146631 

135040 133257 146602 132169 141113 142985 138498 142631 
144361 145694 141868 141511 146088 146469 146231 146631 

106088 89297 94652 126514 84761 105073 84741 102173 
109574 111166 105917 103580 107085 149709 107955 90138 

100687 89297 94652 141853 84761 105073 91152 106401 
109574 111166 107984 103580 107085 139793 107955 90138 

108108 89297 94652 131773 84761 105073 95851 106401 
109574 111166 115532 103580 107085 138306 107955 90138 

108108 89297 94652 121633 84761 105073 95851 106401 
109574 111166 117493 103580 107085 144652 107955 90138 

108108 89297 94652 121633 84761 105073 95851 106401 
109574 111166 117493 103580 107085 144652 107955 90138 

110905 89297 94652 133466 84761 105073 100185 95760 
109574 111166 125240 103580 107085 132861 107955 90138 

110905 89297 94652 126119 84761 105073 100185 95760 
109574 111166 125240 103580 107085 138921 107955 90138 

110905 89297 94652 116944 84761 105073 100185 95760 
109574 111166 125240 103580 107085 139312 107955 90138 

110905 102019 94652 133765 84761 108715 109715 105893 
120177 114393 127181 117893 109886 145915 107955 90138 

114881 111230 94652 154433 95817 111565 109715 116465 
144182 118441 134067 115894 114389 175817 118262 103482 

112238 117180 114838 115813 125520 114814 116674 115665 
115118 116775 116089 116961 127692 119065 117062 118469 

114881 116567 94652 151504 101514 119076 119482 116643 
144182 118441 134067 115894 114389 165465 125352 111347 

144068 142947 144419 143560 144091 144476 130032 144196 
144374 144363 144376 144482 144313 144244 144329 144234 

108790 108865 98065 108954 108957 108739 108866 108958 
108808 108975 108974 108931 108974 108564 108975 108975 

108790 108865 98065 108954 108957 108739 108866 105609 
108808 108975 108974 108931 108974 108564 122117 108975 

108790 108865 98065 111114 115824 108739 114342 108595 
108813 108975 113277 110907 111142 111043 132747 113365 

108790 118693 98065 111114 137183 108739 114342 108595 
111078 108975 113277 111882 113492 111043 152469 113365 

108790 118693 98065 111114 128230 108739 114342 108595 
111078 108975 113277 111882 113492 111043 163593 113365 

128072 126041 118822 117892 124349 129773 129892 127084 
128998 127432 130905 125020 124760 129878 129947 129581 

112238 117180 114838 115813 127730 114814 116674 115665 
115118 116775 116089 116961 147474 119065 117062 118469 

112238 117180 114838 115813 118707 114814 116674 115665 
115118 116775 116089 116961 148499 119065 117062 118469 

112238 117180 114838 115813 107413 114814 116674 115665 
115118 116775 116089 116961 148519 119065 117062 118469 

112238 110462 114838 115813 107413 114814 116674 115665 
115118 116775 116089 116961 148385 119065 117062 118469 

112238 110462 114838 115813 107413 114814 107506 115665 
115118 116775 116089 116961 148213 119065 117062 118469 

112238 110462 114838 111731 107413 114814 107506 115665 
115118 116775 116089 116961 147973 119065 117062 118469 

112238 110462 114838 111731 107413 114814 107506 111598 
115118 116775 116089 116961 147742 119065 117062 118469 

112238 110462 120901 111731 107413 114814 110951 111598 
115118 116775 116374 116961 141022 119084 118789 120116 

112238 110462 116310 111731 107413 114814 110951 111598 
115118 116775 116374 116961 142009 119084 118789 120116 

112238 110462 106821 111731 107413 114814 110951 111598 
115118 116775 116374 116961 142439 119084 118789 120116 

132873 133034 135448 130580 129833 137200 124862 136462 
136094 136048 138827 136734 134055 135817 135483 135303 

132873 133034 135448 130580 129833 128464 124862 136462 
136094 136048 142678 136734 134055 135817 135483 135303 

132873 133034 135448 117521 129833 128464 124862 138636 
136094 136048 141068 139706 134055 135817 135483 135303 

132873 133034 135448 117521 129833 128464 124862 129058 
136094 136048 141068 144478 134055 135817 135483 135303 

118617 118549 118617 118615 118614 106756 118616 118595 
118618 118527 118580 118568 118585 118564 118592 118619 

118617 118549 106755 118615 118614 106756 118616 118595 
118618 118527 118580 118568 118585 118564 118594 118619 

147554 146400 147283 146988 147260 134269 135352 144196 
146318 148851 146400 149221 145523 145853 147928 149089 

118613 118549 106755 118614 118614 107941 107253 118595 
120616 118527 118580 118568 118585 118564 118596 117432 

134913 146400 147283 146988 147260 134269 135352 144196 
146318 148851 146400 150939 145523 145853 147928 149089 

134913 146400 140054 146988 147260 134269 135352 144196 
146318 148851 146400 153573 145523 145853 147928 149089 

134913 146400 141271 146988 147260 134269 135352 144196 
146318 148851 146400 161650 145523 145853 147928 149089 

134913 146400 141271 146988 140034 134269 135352 144196 
146318 148851 146400 163211 145523 145853 147928 149089 

134913 146400 141271 149342 140034 141452 135352 144196 
148176 148851 146400 171931 145523 147787 147928 149089 

134913 146400 141271 140657 140034 141452 135352 144196 
148176 148851 146400 174672 145523 147787 147928 149089 

138578 154598 145386 151668 144108 137487 144852 147514 
157303 150964 152549 160991 149227 155387 154496 150643 

138578 139138 145386 151668 144108 137487 144852 147514 
157303 150964 152549 160351 149227 155387 154496 150643 

138578 139138 145386 142056 144108 137487 144852 147514 
157303 150964 152549 169482 149227 155387 154496 150643 

138578 139138 145386 142056 144108 137487 144852 145264 
157303 150964 157095 170734 149227 155387 154496 150643 

138578 142113 137760 142056 144108 137487 144852 145264 
157303 150964 157095 167310 149227 155387 154496 150643 

138578 144992 137760 142056 144108 137487 144852 138011 
157303 150964 157095 167412 149227 155387 154496 150643 

138578 144992 137760 142056 144108 137487 144852 138011 
157303 150964 157095 167412 149227 155387 154496 150643 

138126 140973 141629 140831 134028 142953 137419 170517 
139218 141261 140234 185055 143547 140389 139265 146656 

138126 140973 141629 140831 134028 142953 137419 157271 
139218 141261 143565 184461 143547 140389 139265 146656 

145593 140973 141629 140831 140478 142953 137419 185412 
139218 145695 149738 206551 143547 140389 150105 151392 

175561 158065 175591 175593 175380 175627 175627 175427 
175555 175613 175605 175530 175621 175626 175608 175621 

144370 141960 144130 142056 144108 143960 146532 139130 
153448 152312 154573 157843 150357 154043 154126 151512 

144370 141960 144130 142056 144108 143960 135628 139130 
153448 152312 154573 168711 150357 154043 154126 151512 

144370 141960 144130 142056 144108 143960 131878 139130 
153448 152312 154573 156711 150357 154043 154126 151512 

137433 141960 144130 142056 144108 143960 131878 139130 
153448 152312 154573 158476 150357 154043 154126 151512 

137433 141960 136818 142056 144108 143960 131878 139130 
153448 152312 154573 161939 150357 154043 154126 151512 

137433 141960 136818 142056 138483 143960 131878 139130 
153448 152311 154573 159547 150357 154043 153943 151512 

137433 141960 136818 142056 138483 137984 131878 139130 
153448 152311 154573 164254 150357 154043 153880 151512 

137433 141960 136818 142056 138483 137984 131878 139130 
153448 152311 154573 164254 150357 154043 153880 151512 

137433 141960 136818 129993 138483 137984 131878 139130 
153448 152311 154573 174034 150357 154043 153880 151512 

109817 119877 119964 120074 120712 120088 120115 120154 
119860 119866 121990 119878 120172 120114 119855 120140 

109817 119877 119964 120074 113425 120088 120115 120154 
119860 119866 128500 119878 120172 120114 119855 120140 

112737 120154 120442 120431 116277 120199 120614 108691 
120086 120640 120092 120780 120455 119541 120040 120478 

114229 120154 120442 120431 116277 120199 111883 108691 
120086 120640 120092 126999 120455 119541 120040 120769 

137433 174609 136818 129993 138483 137984 137306 144441 
153448 157115 158411 192929 150357 154043 156754 155771 

133193 120154 138154 120431 119978 120199 114322 108691 
120086 124210 124142 153581 123661 119541 123376 127038 

133193 113138 138154 120431 119978 120199 114322 108691 
120086 124210 124142 153581 123661 119541 126053 127038 

133193 113257 138154 120431 119978 120199 114322 108691 
120086 124210 124142 152973 123661 119541 130761 127038 

133551 123974 126387 120431 119978 121897 114322 112272 
123522 125271 125328 138540 125971 119541 131010 127038 

125195 123974 126387 120431 119978 121897 114322 112272 
123522 125271 125328 141041 125971 119541 131010 127038 

125195 126480 128850 123111 122595 123564 119447 112272 
123522 125271 127502 142332 125971 122036 131010 127038 

135559 130483 138282 120431 123859 124606 117780 115173 
127016 129535 127900 138029 129282 121641 123053 128215 

135559 130483 129344 127314 123859 124606 117780 115173 
127016 129535 127900 143278 129282 121641 123053 128215 

136157 130483 129344 132822 123859 124606 117780 115173 
127016 129535 127900 154663 129282 121641 123053 128215 

136157 130483 129344 124539 123859 124606 117780 115173 
127016 129535 127900 155478 129282 121641 123053 128215 

136157 130483 129344 122085 123859 124606 117780 115173 
127016 129535 127900 154384 129282 121641 123053 128215 

127687 131760 129344 128669 123859 126786 122594 117889 
127016 129535 127900 142569 132241 121641 125186 131316 

144552 143220 143661 143464 141921 145991 142353 143792 
141618 146159 152825 156779 145781 145225 148688 146656 

144552 143220 143661 143464 141921 145991 134784 143792 
141618 146159 152825 159336 145781 145225 148688 146656 

127168 128385 116268 127430 125379 126268 127244 115850 
123522 127649 128320 129182 127241 129062 129226 129125 

127168 121546 116268 127430 125379 126268 127244 115850 
123522 127649 128320 129182 127241 129062 135141 129125 

127168 121546 116268 134200 125379 126268 127244 115850 
123522 127649 128320 129182 127241 129062 146606 129125 

127168 121546 116268 141862 125379 126268 127244 115850 
123522 127649 128320 129182 127241 129062 151282 129125 

127168 121546 116268 131311 128914 126268 127244 115850 
123522 127649 128320 129182 127241 129062 152847 129125 

127168 121546 116268 127321 136894 126268 127244 115850 
123522 127649 128320 129182 127241 129062 155284 129125 

127168 126734 116268 127321 143982 126268 127244 115850 
123522 132057 128320 129182 129957 129062 159241 131570 

127168 126734 116268 127321 143982 126268 127244 115850 
123522 132057 128320 129182 129957 129062 159241 131570 

156982 142840 147688 145086 133405 144226 145830 151465 
146102 138857 142895 155624 155687 142700 158615 156622 

146062 142840 147688 145086 133405 146974 145830 151465 
146102 138857 144655 155624 155687 142700 165897 156622 

146062 142840 147688 145086 133405 146974 145830 151600 
146102 138857 144655 155624 155687 142700 170503 156622 

146062 142840 147688 145086 133405 146974 145830 150643 
146102 138857 144655 155624 155687 142700 176075 156622 

146062 142840 147688 145086 133405 146974 145830 150643 
146102 138857 144655 155624 155687 142700 176075 156622 

146062 142840 147688 145086 133405 146974 145830 153274 
146102 138857 144655 155624 155687 142700 176833 156622 

146062 142840 147688 145086 133405 146974 145830 143946 
146102 138857 144655 155624 155687 142700 180477 156622 

228513 232839 239596 222191 188881 225608 224478 222674 
242069 223568 213671 258203 245247 242079 242135 232142 

228513 232839 219338 222191 188881 225608 224478 222674 
242069 223568 213671 257779 245247 242079 242135 232142 

228513 232839 276997 222191 188881 225608 231662 227691 
242069 223568 213671 306826 249562 242079 242135 238817 

228513 268730 225133 235943 188881 225608 232047 222674 
246564 228861 223436 293584 254307 245827 242135 235854 

228513 232839 285126 222191 188881 231647 239587 227691 
247699 223568 213671 316008 267955 242079 242135 238817 

132804 132816 128555 132844 121841 134187 132259 127943 
132753 135334 133777 132447 132146 132741 132365 132909 

239310 245925 225541 236080 215655 249386 249213 246712 
248591 246592 240279 248790 245548 247241 246689 250935 

239310 245925 225541 236080 215655 234166 249213 246712 
248591 246592 240279 248790 245548 247241 246689 266225 

243249 245925 230496 236080 215655 238599 242069 246712 
248591 246592 245943 248708 247646 247241 246689 267745 

243249 247656 230496 236080 215655 238599 242069 242021 
248591 246592 245943 248708 247646 247241 246689 268822 

243249 233625 230496 236080 215655 238599 242069 242021 
248591 246592 245943 248708 247866 247241 246689 280198 

228513 232839 277995 222191 188881 231647 239587 227691 
247699 223568 213671 332919 267955 242079 242135 238817 

155119 155048 155103 154998 154937 139608 155113 154909 
154954 155116 155060 154996 155122 155053 154970 155111 

142940 155048 155103 154998 154937 139608 155113 154909 
154954 155116 155060 154996 157121 155053 154970 155111 

142940 155048 155103 154998 154937 139608 140128 154909 
154954 155116 155060 154996 158920 155053 154970 155111 

142940 155048 139592 154998 154937 139608 140128 154909 
154954 155116 155060 154996 158538 155053 154970 155111 

142940 142876 139592 154998 154937 139608 140128 154909 
154954 155116 155060 154996 162189 155053 154970 155111 

142940 142876 139592 146998 154937 139608 140128 154909 
154954 155116 155060 154996 164469 155053 154970 155111 

142940 142876 139592 146998 146943 139608 140128 154909 
154954 155116 155060 154996 166515 155053 154970 155111 

142940 142876 146500 146998 146943 139608 140128 158414 
154954 157162 155060 160839 176634 155053 154970 155111 

142940 142876 146500 146998 146943 139608 140128 150072 
154954 157162 155060 160839 177812 155053 154970 155111 

142940 142876 146500 146998 146943 139608 140128 138064 
154954 157162 155060 160839 181038 155053 154970 155111 

148227 148229 148231 148172 148229 148221 148231 133401 
148197 148110 148232 148231 148231 148199 148232 148230 

148227 142873 148231 148172 148229 148221 148231 133401 
148197 148110 159837 148231 150322 148199 148232 148230 

148227 145314 148231 148172 148229 148221 134372 133401 
148197 148110 157984 148231 150322 148199 148232 148230 

148227 145314 139327 148172 148229 148221 134372 133401 
148197 148110 163088 148231 150322 148199 148232 148230 

134502 133411 133802 135527 129378 123592 135467 131592 
133962 136640 135555 136058 135590 135984 135284 136224 

134502 133411 133802 121974 129378 123592 135467 131592 
133962 136528 135555 136058 135590 135984 135284 136224 

252997 257776 236951 254832 261177 260868 261016 257209 
260832 258072 263780 261805 261720 259556 258288 262085 

252997 257776 236951 254832 237249 260868 261016 257209 
260832 258072 265328 261805 261720 259556 258288 262085 

252997 257776 236951 254832 237249 260868 241874 257209 
260832 258072 270125 261805 261720 259556 258288 262085 

252997 257776 236951 254832 237249 241447 241874 257209 
260832 258072 273199 261805 261720 259556 258288 262085 

134502 133411 133802 123395 129378 123592 123066 131592 
133962 138126 135555 136058 134228 135984 135284 136136 

127301 133411 133802 123395 129378 123592 123066 131592 
133962 142763 135555 136058 134228 135984 135284 136136 

127301 133411 134925 123395 129378 123592 123066 131592 
133962 153855 135555 136058 134228 135984 135284 136136 

127301 133411 126432 123395 129378 123592 123066 131592 
133962 156962 135555 136058 134228 135984 135284 136136 

262233 248948 252811 258167 250195 250587 254208 263078 
260469 262005 275608 261729 261720 267137 263735 268905 

262233 248948 252811 258167 250195 250587 254208 236770 
260469 262005 274354 261729 261720 267137 263735 268905 

241509 248948 252811 258167 250195 250587 254208 236770 
260469 262005 284141 261729 261720 267137 263735 268905 

241509 248948 252811 240531 250195 250587 254208 236770 
260469 262005 280861 261729 261720 267137 263735 268905 

241509 248948 252811 240531 250195 250587 243795 236770 
260469 262005 280368 261729 261720 267137 263735 268905 

241509 248948 243783 240531 250195 250587 243795 236770 
260469 262005 283675 261729 261720 267137 263735 268905 

241509 248948 243783 240531 250195 250587 243795 236770 
260469 262005 283675 261729 261720 267137 263735 268905 

243710 255325 247898 245483 251781 238259 248153 244434 
261065 262438 263764 262777 260328 262276 262963 263464 

243710 232167 247898 245483 251781 238259 248153 244434 
261065 262438 262370 262295 260328 262276 262348 262731 

245715 223382 250813 248485 281312 243973 250971 244434 
261065 273909 262370 262295 260876 262527 262529 261768 

154725 154770 154388 140660 154910 154587 154784 154388 
154704 154894 156309 154571 154388 154869 154388 154388 

154725 154770 154388 140660 154910 154587 139305 154388 
154704 154894 156156 154571 154388 154869 154388 154388 

154725 154770 154388 140660 154910 154587 128066 154388 
154704 154894 161470 154571 154388 154869 154388 154388 

154725 154770 154388 140660 154910 154587 121259 154388 
154704 154894 164129 154571 154388 154869 154388 154388 

154725 154770 154388 140660 154910 154587 121259 154388 
154704 154894 164129 154571 154388 154869 154388 154388 

154725 154770 154388 140660 150515 154587 121259 154388 
162724 154894 167699 154571 154388 154869 154388 154388 

154725 145457 154388 140660 150515 155671 124571 154388 
163928 154894 165057 154571 151074 154869 157638 154388 

154725 145457 154388 140660 150515 145637 127877 154388 
172993 154894 165057 154571 148423 154869 158055 154388 

118820 118820 106937 118820 118820 118820 118820 118820 
118820 118820 118820 118820 118820 118820 118820 118820 

113604 118820 112391 118820 118820 118820 118820 118820 
118820 118820 118820 118820 118820 118820 118820 135250 

243632 250734 250631 243171 256830 239990 243795 249366 
262000 262342 266870 261729 263529 266045 264385 265768 

243632 250734 250631 243171 244580 239990 243795 251215 
272514 261044 267130 261729 263529 266045 264385 265768 

149791 145457 155648 140660 150515 145637 132314 155549 
168057 158004 165057 154571 148423 156115 159021 157907 

149791 145457 149438 140660 150515 149217 132314 155549 
171151 158004 165057 154571 148423 156115 159021 157907 

152615 149678 151962 140660 153822 151952 136064 160916 
175093 161240 166337 154571 148423 158135 159021 159943 

152615 149678 151962 140660 153822 151952 136064 152324 
176675 161240 166337 154571 148423 158135 159021 159943 

248668 250734 251942 248320 249000 251687 250150 234595 
260086 260447 259822 259658 259444 259566 260234 260624 

248668 250734 226970 248320 249000 251687 250150 234595 
260086 260447 259822 259658 259444 259566 260234 263755 

248668 251638 233517 248320 250075 236658 250150 237079 
258701 259415 258913 256981 259413 259807 256506 262391 

248668 237115 233517 248320 250075 236658 250150 237079 
258701 259415 258913 256981 259413 259807 256506 265674 

248668 239410 238665 248320 251046 245701 235306 239312 
258983 260235 259209 256981 259413 257784 254488 259069 

152615 149678 151962 140660 165212 151952 138896 155276 
162572 161240 164493 154571 150001 158135 159677 160502 

152615 149678 151962 140660 153423 151952 138896 155276 
162572 161240 169831 154571 150001 158135 159677 160502 

152615 149678 151962 140660 153423 151952 138896 152972 
162572 161240 178873 154571 150001 158135 159677 160502 

152615 149678 151962 140660 143080 151952 138896 152972 
162572 161240 179328 154571 150001 158135 159677 160502 

152615 149678 151962 140660 143080 151952 138896 152972 
162572 161240 179328 154571 150001 158135 159677 160502 

152615 149678 153908 140660 145695 153396 141744 149774 
163045 163104 167073 155890 150001 158309 160671 161093 

124906 132176 137564 132348 129339 137008 140145 136038 
138193 137921 134243 137607 138872 140240 139500 143659 

124906 132176 137564 132348 129339 137008 132797 136038 
138193 137921 138833 137607 138872 140240 139500 143659 

163879 186877 166190 164996 172185 168091 160627 164711 
165898 169043 164213 201630 165296 168217 166926 165731 

163879 174189 166190 164996 172185 168091 160627 164711 
165898 169043 172479 201630 165296 168217 166926 165731 

163879 182021 166190 164996 172185 168091 160627 164711 
165898 169043 172479 205467 165296 168217 166926 165731 

163879 177331 166190 164996 172185 168091 160627 164711 
165898 169043 172479 205442 165296 168217 166926 165731 

163879 184634 166190 164996 172185 168091 160627 164711 
165898 169043 172479 208835 165296 168217 166926 165731 

163879 186592 166190 164996 172185 168091 160627 164711 
165898 169043 172479 216242 165296 168217 166926 165731 

168588 158547 175482 170086 161501 162587 153221 164665 
169444 167592 176256 168978 171817 175290 171159 174996 

163879 181220 173111 168700 172185 168091 164391 168202 
169719 172408 172479 203086 170916 171483 166926 165731 

163879 173098 173111 168700 172185 168091 164391 168202 
169719 172408 172479 202899 170916 171483 166926 165731 

163879 178159 187847 168700 172185 168091 169646 168202 
169719 172408 172479 209610 170916 171483 166926 165731 

163879 178159 182177 168700 172185 168091 169646 168202 
169719 172408 172479 206816 170916 171483 166926 165731 

163879 178159 179912 168700 172185 168091 169646 168202 
169719 172408 172479 210648 170916 171483 166926 165731 

163879 178159 179912 168700 172185 168091 169646 168202 
169719 172408 172479 210648 170916 171483 166926 165731 

163879 178159 181525 168700 172185 168091 169646 168202 
169719 172408 172479 207801 170916 171483 166926 165731 

163879 178159 169622 168700 172185 168091 169646 168202 
169719 172408 172479 210173 170916 171483 166926 165731 

163879 167095 169622 168700 172185 168091 169646 168202 
169719 172408 172479 206044 170916 171483 166926 165731 

258421 251401 252501 260631 236209 249489 246686 255323 
261053 261303 261996 258790 261220 260615 260853 259795 

259311 262171 256242 253586 249690 249489 252942 255323 
262766 262822 272660 281742 259762 262474 260853 261608 

182932 171514 174734 168700 218050 168091 169646 170554 
175697 180544 180511 243179 170916 171132 166926 172316 

259311 266131 269030 257054 253968 249489 252942 255323 
262766 262822 272660 291137 259762 262474 260853 262269 

174220 174346 174340 174347 174355 174314 172385 156922 
173980 174291 174294 174358 174358 174158 174216 173882 

239744 267465 267556 266603 263253 257668 258966 263018 
266653 267170 267493 266910 267399 267472 266610 267439 

239744 267465 247020 266603 263253 257668 258966 263018 
266653 267170 281185 266910 267399 267472 267395 267439 

239744 335453 247020 266603 263253 257668 258966 284029 
268603 278353 379828 271402 288394 277502 267919 287135 

250391 328358 262134 266603 263253 257668 268877 284029 
283671 286170 361615 271402 288394 277502 267919 287135 

250391 302065 262134 266603 263253 257668 268877 284029 
283671 286170 369523 271402 288394 277502 267919 287135 

260065 234086 260083 260085 260096 259942 260094 260076 
260020 260096 259973 259858 260087 260094 260096 260095 

182932 171514 174734 168700 220577 168091 169646 170554 
175697 180544 180511 243179 170916 171132 166926 196889 

182932 171514 174734 168700 203519 168091 169646 170554 
175697 180544 180511 243918 170916 171132 166926 196889 

182932 171514 174734 168700 183755 168091 169646 170554 
175697 180544 180511 241878 170916 171132 166926 196889 

182932 171514 174734 168700 175379 168091 169646 170554 
175697 180544 180511 241878 170916 171132 170608 196889 

167972 171514 174734 168700 175379 168091 169646 170554 
175697 180544 180511 241878 170916 171132 175840 196889 

167972 171514 174734 168700 164507 168091 169646 170554 
175697 180544 180511 241878 170916 171132 179793 196889 

167972 171514 164760 168700 164507 168091 169646 170554 
175697 180544 180511 241878 170916 171132 182287 196889 

167972 218132 164760 151829 164507 168091 169646 170554 
175697 184371 180511 219180 170916 171132 187209 196889 

167972 203818 164760 151829 164507 168091 169646 170554 
175697 184371 180511 219180 170916 171132 193301 196889 

167972 187007 164760 151829 164507 168091 169646 170554 
175697 184371 180511 219180 170916 171132 199352 196889 

138385 138385 124546 138385 138385 138385 138385 138385 
138385 138385 138385 138385 138385 138362 138385 138385 

138385 141210 124546 138385 138385 138385 138385 138924 
138385 138385 138385 149328 140236 138362 138385 138385 

138385 128926 124546 138385 138385 138385 138385 139967 
138385 138385 138385 148746 140236 138362 138385 138385 

138385 128926 124546 138385 138385 138385 138385 131810 
138385 138385 138385 154026 140236 138362 138385 138385 

177029 179100 176174 178078 164907 175218 174254 163287 
178072 177289 176905 176922 182121 177594 175002 176443 

177029 179100 176174 178078 164907 175218 174254 163287 
178072 177289 176905 176922 182121 177594 175002 176443 

299432 279998 263934 292680 295083 292807 291321 295250 
290875 284122 298501 294910 290977 295222 285114 294383 

271843 279998 263934 292680 295083 292807 291321 295250 
290875 284122 300739 294910 290977 295222 285114 294383 

271843 279998 263934 292680 295083 292807 291321 277527 
290875 284122 308376 294910 290977 295222 285114 301225 

271843 279998 263934 292680 272241 292807 291321 277527 
290875 284122 311046 294910 290977 295222 285114 301225 

177029 179100 172006 178078 164907 175964 174254 163287 
178072 177289 176905 176922 191118 177594 175002 176443 

177029 167440 172006 178078 164907 175964 174254 163287 
178072 177289 176905 176922 194916 177594 175002 176443 

177029 167440 172006 189898 164907 175964 174254 170884 
178072 183423 176905 176922 209394 177594 175002 176443 

177029 167440 172006 175908 164907 175964 174254 170884 
178072 183423 176905 176922 210444 177594 175002 176443 

274731 290856 280197 297317 272241 277262 296116 293219 
299526 293324 306901 296397 301179 301561 297780 308149 

274731 290856 280197 267585 272241 277262 296116 293219 
299526 293324 306901 296397 301179 301561 297780 307065 

274731 290856 280197 267585 272241 277262 272129 293219 
299526 293324 306901 296397 301179 301561 297780 314970 

274731 290856 280197 267585 272241 277262 272129 271833 
299526 293324 306901 296397 301179 301561 297780 313857 

274731 282375 280197 267585 272241 277262 272129 271833 
299526 293324 306901 296397 301179 301561 304643 314028 

274731 261744 280197 267585 272241 277262 272129 271833 
299526 293324 306901 296397 301179 301561 306657 311512 

274731 261744 280197 267585 272241 277262 272129 271833 
299526 293324 306901 296397 301179 301561 306657 311512 

281940 272070 269911 273750 275750 286653 275063 271833 
297181 292756 296417 297542 299050 298710 299304 296770 

281940 272070 269911 273750 275750 263670 275063 271833 
297181 292756 296417 297542 298441 298710 298461 296770 

248616 223754 248616 248616 248616 248616 248616 248616 
248616 248616 248616 248616 248616 248616 248616 248616 

182130 181871 182174 163985 182157 182057 182055 182121 
182211 182093 182211 182164 182132 181905 182121 182211 

182130 181871 163956 163985 182157 182057 182055 182121 
182211 182093 182211 182164 182132 181905 182121 182207 

182130 181871 163956 163985 190645 182057 182055 182121 
216195 182093 182211 182164 182132 181905 182121 182207 

182130 181871 163956 163985 176580 182057 182055 182121 
216640 182093 182211 182164 182132 181905 182121 182207 

182130 181871 163956 163985 176580 182057 182055 182121 
216640 182093 182211 182164 182132 181905 182121 182207 

178704 181871 163956 163985 176580 182057 182055 182121 
221992 182093 182211 182164 182132 181905 182121 182207 

178704 181871 163956 163985 176580 182057 182055 176689 
208886 182093 182211 182164 182132 181905 182121 182207 

178704 181871 163956 163985 176580 175754 182055 176689 
206298 182093 182211 182164 182132 181905 182121 182207 

281940 275972 273748 249204 311960 263670 275063 271833 
297181 292756 297245 298942 303096 309336 298461 296371 

281940 275972 273748 249204 283799 263670 275063 271833 
297181 292756 297245 298942 303096 326598 298461 296371 

178704 183898 163956 167992 178880 178618 183788 187095 
204779 184242 184458 182164 182132 187236 182121 182207 

178704 183898 163956 167992 178880 178618 183788 172385 
207010 184242 184458 182164 182132 187236 182121 182207 

179562 183205 173567 177471 181571 180039 164885 179928 
182732 182829 182667 182587 181984 182622 183097 182593 

280182 269347 271119 271007 275238 277262 278171 271833 
300084 295050 301198 293827 301466 301516 299541 299353 

179562 176530 173567 177471 181571 180039 164885 179928 
182732 182829 182667 182587 181984 182622 199165 182593 

179562 176530 173567 177471 167580 180039 164885 179928 
182732 182829 182667 182587 181984 182622 202405 182593 

275500 269347 271119 271007 275238 280099 278171 271833 
301779 295050 306589 293827 300462 299778 303556 303530 

275500 269347 271119 271007 275238 261114 278171 271833 
301779 295050 308940 293827 300462 299778 305472 303530 

275500 269347 271119 273986 275238 235002 303713 271833 
299028 295050 300676 293827 299721 299778 297940 300990 

275500 269347 271119 273986 275238 235002 278341 271833 
299028 295050 300676 293827 299721 299778 297940 304262 

179562 178286 178653 180340 167580 191220 164885 179928 
183598 185050 182667 182587 183161 183692 190862 185225 

280565 274855 274074 276493 277705 247083 272722 276415 
296059 295353 292739 293827 296608 292857 298340 303517 

270716 274855 274074 276493 277705 247083 272722 276415 
296059 295353 292739 293827 296608 292857 298340 306013 

257564 274855 274074 276493 277705 247083 272722 276415 
296059 295353 292739 293827 296608 292857 298340 309728 

238474 274855 274074 276493 277705 247083 272722 276415 
296059 295353 292739 293827 296608 292857 298340 308511 

238474 274855 274074 276493 277705 247083 272722 276415 
296059 295353 292739 293827 296608 292857 298340 308511 

257425 278481 279515 278230 263912 247083 274831 278062 
292259 291738 292739 292303 289608 291599 291057 292997 

141914 151109 154559 176817 148119 145770 146027 147668 
149996 192697 154597 155302 155031 143149 153092 151041 

297145 296531 287292 279049 281887 287954 297423 293735 
305333 309735 298054 309139 308082 313213 303772 302833 

297145 296531 287292 279049 281887 287954 272680 293735 
305333 309735 298054 309139 308082 314634 303772 302833 

274930 296531 287292 279049 281887 287954 272680 293735 
305333 309735 298054 309139 308082 315885 303772 302833 

274930 279893 287292 279049 281887 287954 272680 293735 
305333 309735 298054 309139 307667 322598 303772 302833 

274930 279893 287292 279049 281887 287954 272680 275115 
305333 309735 298054 309139 308913 322711 303772 302833 

279989 279893 287292 279049 281887 272387 272680 275115 
305333 309735 298054 309139 309133 319900 303772 302833 

279989 279893 290803 279049 290809 272387 272680 275115 
305333 309735 298054 309139 314584 323691 303772 302833 

291305 279893 295106 279049 302343 272387 272680 275115 
305333 313857 304768 309139 312710 336498 301856 305564 

291305 279893 295106 279049 277108 272387 272680 275115 
305333 313857 304768 309139 312710 335082 301856 305564 

266773 293240 275858 300757 281446 253378 291564 294913 
294758 302692 305726 298375 303843 295796 304650 304516 

266773 293240 275858 280346 281446 253378 291564 294913 
294758 302692 311909 298375 304161 295796 304883 304516 

266773 275500 275858 283274 281446 253378 291564 294913 
294758 302692 309278 298375 304161 295796 304883 304516 

266773 285073 275858 283274 281446 253378 291564 272818 
294758 302692 315704 298375 304161 295796 304883 304516 

266773 285073 275858 283274 281446 253378 291564 272818 
294758 302692 315704 298375 304161 295796 304883 304516 

266773 267613 275858 293024 281446 253378 291564 272818 
294758 302692 312356 298375 303479 295796 304883 304516 

266773 246851 275858 293024 281446 253378 291564 272818 
294758 302692 313881 298375 303479 295796 304883 304516 

266773 254750 275858 265027 281446 253378 291564 272818 
294758 302692 306253 298375 303479 295796 304883 304516 

270583 254750 275858 265027 281446 253378 286706 280583 
295114 302692 304025 298375 303479 295796 316551 304516 

284918 287503 285366 287381 265498 260111 276322 284150 
291538 293663 293964 291126 295006 290797 294417 294655 

287870 274241 285366 288244 269723 263541 276322 284150 
292077 293782 293964 291126 294255 290472 301521 292119 

279534 274713 279883 269488 284366 259063 300865 280583 
296933 303136 304025 303717 303479 308310 324406 304516 

297956 297342 297968 295871 268999 296985 297077 298387 
297743 297781 298865 298697 298020 297982 297921 298114 

294827 293091 298774 287253 292875 291047 271020 291361 
299469 300117 299875 300113 299964 299717 299683 300979 

294827 293091 276881 287253 292875 291047 271020 291361 
299469 300117 299875 300113 299964 299717 299683 313465 

253732 253732 253732 253732 253732 228358 253732 253732 
253732 253732 253732 253732 253732 253732 253732 253732 

253732 266703 253732 254646 228358 228358 253732 253732 
253732 253732 253732 253732 253732 263671 253732 253732 

280712 294708 280229 289950 299554 291047 277004 291361 
299469 300117 299875 300113 299964 299717 299683 311186 

253732 248636 253732 254646 228358 228358 253732 253732 
253732 253732 253732 253732 253732 290285 253732 253732 

287870 274241 285366 291453 269723 263541 276322 284150 
292077 293782 293964 291126 294255 290472 320193 292119 

287870 274241 285366 266307 269723 263541 276322 284150 
292077 293782 293964 291126 294255 290472 321319 292119 

259671 274241 285366 266307 269723 263541 276322 284150 
292077 293782 293964 291126 294255 290472 319974 292119 

259671 274241 261829 266307 269723 263541 276322 284150 
292077 293782 293964 291126 294255 290472 318513 292119 

259671 274241 261829 266307 269723 263541 276322 256925 
292077 293782 293964 291126 294255 290472 320076 292119 

259671 274241 261829 266307 269723 263541 256189 256925 
292077 293782 293964 291126 294255 290472 318700 292119 

259671 254316 261829 266307 269723 263541 256189 256925 
292077 293782 293964 291126 294255 290472 317254 292119 

259671 254316 261829 266307 267642 263541 256189 256925 
292077 293782 293964 291126 294255 290472 304270 292119 

259671 254316 261829 266307 247544 263541 256189 256925 
292077 293782 293964 291126 294255 290472 304607 292119 

259671 254316 261829 262411 247544 263541 256189 256925 
292077 293782 293964 291126 294255 290472 323912 292119 

276355 275401 276820 254091 266000 266251 273516 273101 
274736 279349 276620 278368 277557 282287 278024 277286 

276355 275401 258436 254091 266000 266251 273516 273101 
274736 279349 276620 278368 277557 283970 278024 279756 

250552 275401 258436 254091 266000 266251 273516 273101 
274736 279349 276620 278368 277557 284511 278024 279619 

250552 253638 258436 254091 266000 266251 273516 273101 
274736 279349 276620 278368 277557 288821 278024 279619 

299352 299204 299614 299476 299624 299375 299494 270372 
299390 299385 299029 299435 300325 299050 299292 299050 

299352 299204 299614 299476 269661 299375 299494 270372 
299390 299385 299029 299435 300254 299050 299292 299050 

299173 299208 298986 297615 282509 297972 298175 274298 
299144 298109 298991 300007 299457 298529 305121 299684 

299173 271745 298986 297615 282509 297972 298175 274298 
299144 298109 298991 300007 299457 298529 306070 299684 

278286 271745 298986 297615 282509 297972 298175 274298 
299144 298109 298991 300007 299457 298529 312570 299684 

278286 271745 272420 297615 282509 297972 298175 274298 
299144 298109 298991 300007 299457 298529 313211 299684 

299352 299204 308239 269528 269661 299375 299494 270372 
300178 299385 299029 299435 310850 299050 299292 299730 

299352 299204 284081 269528 269661 299375 299494 270372 
300178 299385 299029 299435 314588 299050 299292 299730 

299352 299204 284081 269528 269661 299375 281004 270372 
300178 299385 299029 299435 320867 299050 299292 299730 

299352 299204 284081 269528 269661 274437 281004 270372 
300178 299385 299029 299435 321717 299050 299292 299730 

283740 278981 278656 303325 292893 300735 276027 283814 
302027 299633 301583 303876 302453 299513 306438 299684 

283740 251082 278656 303325 292893 300735 276027 283814 
302027 299633 301583 303876 302453 299513 303692 299684 

283740 262593 278656 278825 292893 300735 276027 283814 
302027 299633 301583 303596 302453 299513 310655 299684 

283740 266917 278656 278825 292893 278345 276027 283814 
302027 299633 301583 303596 302453 299513 312319 299684 

283740 276203 278656 278825 270758 278345 276027 283814 
302027 299633 301583 303596 302453 299513 307934 299684 

283740 262231 278656 278825 270758 278345 276027 283814 
302027 299633 301583 303596 302453 299513 312407 299684 

283740 262231 278656 278825 270758 278345 276027 283814 
302027 299633 301583 303596 302453 299513 312407 299684 

294229 294229 294229 294229 294229 294229 264806 294229 
294229 294229 294229 294229 294229 294229 294229 294229 

294229 294229 269748 294229 294229 294229 264806 294229 
294229 300784 294229 294229 294229 294229 294728 294229 

283740 275582 282582 282373 278482 287586 278048 269382 
295841 296743 296314 299413 296964 296889 297027 295059 

285925 275582 287373 283699 278482 277391 287226 269382 
295841 296998 296314 307231 296964 300813 297027 295059 

282363 282114 282114 282441 283101 255600 282114 282114 
284087 282321 282393 282389 282499 282348 282367 282114 

282363 282114 282114 282441 254790 255600 282114 282114 
283988 282321 282393 282389 282499 282348 282367 282114 

282363 282114 282114 286855 254790 255600 282114 288269 
316643 282321 282393 282389 282499 282348 282367 282114 

282363 282114 282114 286855 254790 255600 282114 266942 
316805 282321 282393 282389 282499 282348 282367 282114 

282363 282114 282114 286855 254790 255600 282114 266942 
316805 282321 282393 282389 282499 282348 282367 282114 

282363 282114 282114 273715 254790 255600 282114 266942 
323597 282321 282393 282389 282499 282348 282367 282114 

295297 253902 282114 273715 254790 261060 282114 266942 
305925 282321 282393 282389 282499 282348 282367 282114 

274294 253902 282114 273715 254790 265705 282114 266942 
307243 282321 282393 282389 282499 282348 282367 282114 

283740 266249 290886 285351 274158 283217 278695 278193 
307925 301987 301583 301316 299847 298108 301411 299819 

283740 266249 272764 285351 274158 283217 278695 278193 
321911 301987 301583 301316 299847 298108 301411 299819 

274294 253902 288618 276313 258720 268929 268585 269847 
297139 282321 284088 282389 282741 285636 282367 286874 

274294 253902 263506 276313 258720 268929 268585 269847 
299286 282321 284088 282389 282741 285636 282367 286874 

275080 263519 267054 252878 272679 274807 269844 275477 
279568 280595 280545 280160 280286 280815 279480 279588 

275080 263519 267054 252878 272679 274807 269844 269819 
279568 298994 280545 280160 280286 284281 279480 279588 

275658 263519 267054 268892 277823 283724 273850 276621 
279568 305783 283123 285984 283420 284281 282465 279588 

275658 263519 267054 268892 277823 260351 273850 276621 
279568 306577 283123 285984 283420 284281 282465 279588 

275658 263519 267054 268892 294525 260351 273850 280089 
279568 297849 283123 285984 283420 284281 282465 279588 

275658 263519 267054 268892 273538 260351 273850 280089 
279568 304824 283123 285984 283420 284281 282465 279588 

277045 263519 271106 271024 273538 263490 273850 262452 
279568 288323 283123 285984 284225 286229 282465 279588 

255023 263519 271106 271024 273538 263490 273850 262452 
279568 289511 283123 285984 284225 286229 282465 279588 

258118 263519 275672 272605 273538 267802 261075 262452 
282750 289747 283842 285049 284515 284224 282931 279588 

281589 283792 280174 283382 284941 282905 282817 283650 
283908 311473 284843 284860 284425 284738 284559 284726 

281589 283792 280174 283382 265015 282905 282817 291585 
283908 309314 284843 284860 284425 284738 284559 284726 

281589 283792 280174 283382 265015 282905 282817 273582 
283908 322885 284843 284860 284425 284738 284559 284726 

281589 262079 280174 283382 265015 282905 282817 273582 
283908 322975 284843 284860 284425 284738 284559 284726 

281589 262079 280174 283382 265015 282905 282817 273582 
283908 322975 284843 284860 284425 284738 284559 284726 

284672 268334 280174 264815 265015 282905 282817 280366 
283908 293270 284843 286530 287751 285406 285664 284726 

288283 274993 263119 278918 279355 285051 285269 284422 
286666 287510 287091 286503 286970 292637 287674 286829 

266954 274993 263119 278918 279355 285051 285269 284422 
286666 287510 287091 286503 286970 292637 290734 286829 

292374 293536 288791 286018 305797 306064 294659 299452 
309651 307176 307390 316296 307066 308230 304758 308342 

292374 293536 288791 286018 305797 306064 271193 299452 
309651 307176 307390 320132 307066 308230 304758 308342 

292374 268182 288791 286018 305797 306064 282664 299452 
309651 307176 307390 320667 307066 308230 304758 308342 

292374 277943 288791 286018 305797 275457 289617 299452 
309651 307176 307390 314824 307066 308230 304758 308342 

292374 281305 288791 286018 276467 275457 292867 299452 
309651 307176 307390 312990 307066 308230 304758 308342 

274651 271883 259595 282709 279050 267802 275280 280594 
283562 287767 288477 287782 287885 288562 287610 285179 

274651 271883 259595 267482 279050 267802 275280 280594 
283562 287767 288477 287782 287885 299597 287610 285179 

274651 271883 259595 267482 280833 267802 275280 276063 
283562 287767 288477 287782 288945 306593 288325 285179 

274651 271883 259595 267482 257749 267802 275280 276063 
283562 287767 288477 287782 288945 306017 288325 285179 

295537 295498 295657 295657 295418 295646 295657 266091 
295524 295652 295651 295644 295641 295650 295656 295641 

295537 295498 295657 295657 295418 295646 270118 269046 
295524 295797 295651 295644 295641 300679 295399 295641 

265983 295498 312488 295657 296901 295646 274172 269046 
295524 295797 295651 295644 295641 309155 292870 295641 

265983 295498 298578 295657 296901 295646 274172 269046 
295524 295797 295651 295644 295641 325315 292870 295641 

265983 295498 298578 295657 296901 295646 274172 269046 
295524 295797 295651 295644 295641 325315 292870 295641 

281932 281188 280402 279989 278768 280899 281093 255293 
281313 282057 281501 283605 281201 281409 280945 281419 

269774 281188 280402 279989 278768 280899 281093 255293 
281313 282057 281501 283605 293571 281409 280945 281419 

269774 259069 280402 279989 278768 280899 281093 255293 
281313 282057 281501 283605 298332 281409 280945 281419 

269774 259069 280402 279989 278768 280899 258704 255293 
281313 282057 281501 283605 296026 281409 280945 281419 

276096 259069 280402 289563 284466 311630 258704 255293 
281313 300041 281501 288077 343641 281409 286134 281419 

285966 286042 286042 257437 286038 286041 285889 286042 
286035 285949 286041 285942 286041 286036 286001 286028 

291842 292468 289202 257437 286038 292549 285889 330779 
292322 297508 363832 285942 291824 293027 286001 292338 

299831 299407 289202 257437 286038 292549 285889 340651 
292322 304152 375897 306002 291824 293027 286001 299653 

303629 303629 273266 303629 303628 303629 303629 303629 
303629 303629 303629 303629 303629 303629 303629 303629 

299831 299407 289202 257437 286038 292549 285889 346430 
292322 304152 371378 306002 291824 293027 286001 299653 

306369 306523 294175 306063 306534 276186 306314 306832 
306040 305736 304819 306935 304741 305710 306682 305127 

306369 306523 294175 306063 306534 276186 306314 283713 
306040 305736 304819 320051 304741 305710 306682 305127 

309658 310568 297888 306063 316220 288890 312436 283713 
309606 309175 304819 348217 304741 305710 306682 305127 

313199 310568 297888 306063 305712 288890 312436 283713 
309606 309175 304819 338882 304741 305710 306682 307923 

286957 310568 297888 306063 305712 288890 312436 283713 
309606 309175 304819 346266 304741 305710 306682 307923 

305715 308834 297345 278184 301237 307632 299281 281070 
298309 308326 308713 312012 300326 304204 305310 302783 

316813 351425 350714 349849 347414 351820 348021 343859 
342987 351830 351985 351677 349257 351672 351692 351669 

316813 351425 350714 349849 347414 320804 348021 343859 
342987 351830 356968 351677 349257 351672 351692 351669 

316813 316859 350714 349849 347414 320804 348021 343859 
342987 351830 359413 351677 349257 351672 351692 351669 

316813 316859 325642 349849 347414 320804 348021 343859 
342987 351830 360543 351677 349257 351672 351692 351669 

310958 310958 310958 279862 310958 310958 310958 310958 
310958 310958 310958 310958 310958 310958 310958 310958 

310958 310958 310958 279862 310958 310958 281112 310958 
313958 310958 310958 310958 310958 310958 310958 310958 

310958 310958 310958 279862 287362 310958 281112 310958 
316658 310958 310958 310958 310958 310958 310958 310958 

310958 310958 287362 279862 287362 310958 281112 310958 
319088 310958 310958 310958 310958 310958 310958 310958 

310958 296057 287362 279862 287362 310958 281112 310958 
329763 310958 310958 310958 310958 310958 310958 310958 

286528 296057 287362 279862 287362 310958 281112 310958 
331882 310958 310958 310958 310958 310958 310958 310958 

286528 296057 287362 279862 287362 310958 281112 281737 
332789 310958 310958 310958 310958 310958 310958 310958 

306375 306697 306658 277358 306658 306278 306336 306746 
306338 306803 306777 308178 306718 306243 307201 306296 

