15610 0 66451 5580 5824 0 0 2963 
0 5448 76377 7870 19034 10318 8818 0 

15610 0 71404 5580 5824 0 0 2963 
0 5448 228192 7870 19034 10318 8818 0 

15610 0 103234 5580 5824 0 0 2963 
0 5448 190000 7870 19034 10318 8818 0 

23394 14077 39783 52183 28694 28301 26352 16457 
23621 12698 64699 16814 41891 35064 32303 26002 

36208 24365 62307 168557 66388 54854 56308 79097 
57032 30574 185002 65025 76421 50630 39359 63562 

36208 24365 62307 157163 66388 54854 56308 79097 
57032 30574 202031 65025 76421 50630 39359 63562 

7231 7230 7230 7230 7230 6507 7230 7230 
7231 7231 7231 7231 7231 7231 7231 7231 

2051 1846 2050 2051 2049 2051 2051 2051 
2053 2053 2053 2053 2053 2053 2053 2053 

13513 11410 13318 16451 15469 16555 15388 14823 
14757 14861 14337 17974 14396 15397 14740 14357 

13513 15768 24543 25037 21887 102925 15388 28949 
20488 14861 18610 117505 19975 15397 15250 14576 

79682 71720 79689 79689 79686 79689 79687 79689 
79674 79659 79690 79681 79690 79653 79677 79689 

14962 14172 15909 15689 16385 14060 14721 14862 
13511 14236 15370 15462 16627 15457 15656 16564 

14962 14172 15909 15689 21474 14060 14721 14862 
13511 14236 15370 15462 63346 15457 15656 19642 

14962 14172 15909 15689 39161 20739 14721 14862 
13511 14236 15370 15462 59611 15457 15656 19642 

32367 34324 21796 28880 54755 36054 32317 35422 
24858 34530 24852 32641 65256 36386 35520 42556 

80305 74042 55677 64681 183863 78218 84453 94414 
62710 76053 59047 71367 207965 78418 96948 107581 

80305 92716 66777 86924 136051 78218 103346 101366 
65880 82897 71367 71367 157160 85424 96948 105268 

29637 29635 29637 29637 29637 26673 29635 29637 
29639 29639 29639 29639 29639 29639 29639 29639 

97780 97745 88112 98075 97800 97640 98094 97758 
98020 97889 97801 98077 98067 98072 97884 97979 

40514 41077 41358 41401 48418 40508 42073 41297 
40792 51766 39902 41742 42367 40122 39910 42416 

66254 62859 66982 41401 138757 71293 42073 48780 
75567 154837 44327 74765 60014 64326 60483 59404 

72546 72547 72546 72547 72547 65292 72547 72546 
72549 72549 72549 72549 72549 72549 72549 72549 

5580 5022 5580 5580 5580 5580 5580 5580 
5580 5580 5580 5580 5580 5580 5580 5580 

10804 5022 5580 5580 5580 5580 5580 5580 
5580 5580 5580 5580 5580 64048 5580 5580 

20214 5022 5580 5580 5580 5580 5580 5580 
5580 5580 5580 5580 5580 55598 5580 5580 

20560 7079 7588 7423 11864 10568 11006 7583 
8964 5580 11484 14064 11802 22882 8394 7700 

63863 26612 13410 9769 11864 26595 23626 20169 
27138 23753 34300 33318 27690 80407 19081 19206 

66259 26612 13410 9769 11864 26595 23626 27326 
27138 23753 34300 33318 26937 91893 19081 19206 

87158 87158 87158 87158 87158 87158 78442 87158 
87158 87158 87158 87158 87158 87158 87158 87158 

34949 35380 35467 35304 33588 35457 35507 35410 
34957 34812 35096 35368 35479 35513 37207 35739 

98904 99936 100608 92930 99641 98673 103154 99646 
99945 103407 99554 99707 99952 99431 99921 100090 

98904 99936 100608 92930 99641 98673 95157 99646 
99945 106371 99554 99707 99952 99431 99921 100090 

102231 102230 102231 102229 102228 102231 102230 92005 
102232 102232 102232 102232 102232 102232 102232 102232 

78429 78429 70586 78429 78429 78429 78429 78429 
78429 78429 78429 78429 78429 78429 78429 78429 

78429 80412 70586 78429 78429 77361 78429 78429 
78429 78429 78429 78429 83525 194310 78429 78429 

78429 114460 70586 78429 78429 77361 78429 78429 
78429 78429 78429 78429 83525 162946 78429 78429 

97117 132191 97991 100814 95865 95690 101917 90158 
99720 97032 98676 113332 144716 104042 84160 107182 

347097 463147 362667 366194 335799 361416 316456 332554 
373171 339844 331700 392521 511013 404989 333343 331857 

347097 437786 362667 366194 335799 361416 316456 332554 
373171 339844 331700 414583 501329 404989 333343 331857 

375905 338919 375958 375931 376291 376221 375684 376080 
376295 375866 376596 376208 375763 376118 375686 376005 

389840 386991 386717 388319 387760 351586 388844 388651 
388802 389578 388112 390753 388892 389669 388105 388720 

258 257 232 258 258 257 257 257 
258 258 258 257 257 257 257 257 

1798 257 232 220 258 257 257 257 
258 3890 325 407 257 256 257 257 

1735 1928 1928 1928 1928 1929 1928 1928 
1929 1928 1928 1928 1928 1928 1929 1929 

2202 2204 2205 2202 2205 1984 2203 2203 
2206 2206 2206 2206 2206 2206 2206 2206 

2202 2204 23368 2202 2205 1984 2203 3097 
2206 2206 9688 2206 2206 3380 59430 2206 

2202 2204 31615 2202 3234 1984 2203 3097 
2206 2206 9688 2206 2206 3380 53340 2206 

5511 7423 22581 7580 8395 9407 10870 10352 
6769 6132 12283 10355 4679 5899 24256 8864 

52146 32352 142259 36185 37878 9407 35016 47385 
32523 25547 33163 89653 36659 32171 144248 45811 

52146 29501 117992 36185 37878 24589 44833 60431 
50038 25547 43760 89653 36659 41781 111019 45811 

97910 97910 97910 97911 97910 97910 97910 88119 
97911 97911 97910 97910 97910 97910 97910 97910 

57422 51680 57422 57423 57415 57402 57421 57423 
57423 57404 57423 57423 57422 57403 57423 57423 

110787 108677 109167 109753 110723 110633 99656 109430 
110527 110587 110682 110129 110332 110789 108906 110655 

111266 110779 100563 111153 110913 110747 111330 111166 
111183 111273 111723 111155 111220 111074 111105 111135 

111593 113558 109167 109753 110723 142264 102949 111680 
113710 110587 110682 110129 110332 158720 108906 112652 

111603 111601 111603 111603 111603 111603 111602 100443 
111605 111605 111605 111605 111605 111605 111605 111605 

106650 111601 111603 111603 111603 111603 111602 100443 
166370 111605 111605 111605 111605 111605 111605 111605 

106650 111601 111603 111603 111603 112896 111602 100443 
158784 111605 111605 111605 111605 111605 111605 111605 

108917 115067 117089 116370 114532 123346 115227 108189 
137244 112818 112152 117958 118903 112783 116967 119552 

120709 126176 135475 135253 133568 224337 131683 120354 
254156 132163 117291 131568 144395 119221 122479 131245 

120709 126176 135475 135253 133568 208342 131683 120354 
238798 141190 117291 140944 144395 139622 147664 131245 

150428 150428 135385 150428 150428 150428 150428 150428 
150428 150428 150428 150428 150428 150428 150428 150428 

158038 143159 154433 158890 158900 158012 158651 157978 
157540 158019 159076 158517 158021 158518 157198 158842 

8522 8522 8522 8522 8522 8522 8522 7670 
8523 8523 8522 8523 8523 8523 8523 8523 

46436 24765 142904 7669 24460 21682 8522 15041 
27832 129886 8522 12398 16758 23444 25082 21864 

32449 36054 36054 36054 36054 36054 36054 36054 
36054 36054 36054 36054 36054 36054 36054 36054 

35234 31712 35234 35235 35236 35235 35235 35234 
35237 35237 35237 35237 35237 35236 35237 35237 

36080 31712 35234 36024 50786 35235 35235 35234 
66901 52781 36077 36203 35237 36906 41061 35237 

36080 31712 35234 36024 51750 35235 35235 35234 
69627 52781 36077 36203 35237 36906 41061 35237 

72174 61983 61737 68026 115406 57912 39646 68943 
62804 136470 58227 74929 50650 80897 50099 62510 

326544 449233 457700 502823 500880 315908 405663 428980 
402014 563225 442167 471660 328976 404450 290319 444376 

343051 449774 451368 453095 418047 382708 413063 431299 
423437 455324 451795 447692 354235 440116 357383 450801 

117959 117578 117610 117979 117922 117884 118292 106803 
117856 118649 117977 117971 118608 118312 118605 118270 

430200 430200 430200 430200 430200 430200 430200 387180 
430200 430200 430200 430200 430200 430200 430200 430200 

128454 129617 128589 129234 129002 119213 128653 127519 
127821 129120 128458 132138 128982 128978 128954 128584 

128454 172983 128589 143180 129002 128909 135166 140100 
127821 137375 134832 213304 136012 142891 128954 128584 

141906 141903 141905 141904 141904 141905 141904 127714 
141907 141907 141907 141907 141907 141907 141907 141907 

347775 386417 386417 386417 386417 386417 386417 386417 
386417 386417 386417 386417 386417 386417 386417 386417 

347775 386417 386417 386417 352898 386417 386417 386417 
386417 386417 386417 446899 386417 386417 386417 386417 

357484 354533 386417 386417 352898 386417 386417 386417 
386417 386417 386417 431471 386417 386417 386417 386417 

374487 380926 369859 394844 374839 398065 394625 392760 
414243 394628 393553 393433 393250 393054 394198 390691 

389658 421675 396703 394844 414649 444559 405917 438056 
490474 407545 413908 433595 439671 420670 418141 411591 

389658 426069 404177 394844 418865 415279 411308 438056 
459683 413163 419374 433595 439671 425109 418141 416347 

426474 426474 426474 426474 426474 383826 426474 426474 
426474 426474 426474 426474 426474 426474 426474 426474 

460742 459661 415318 460231 460763 451681 460973 460845 
461239 461423 460548 460822 460109 458794 460921 455214 

57735 51961 57735 57735 57735 57735 57735 57735 
57735 57735 57735 57735 57735 57735 57735 57735 

57735 51961 57735 57735 57735 57681 53805 57735 
57735 57735 57735 57735 57846 57734 61127 57735 

38256 38257 38256 38256 38256 34431 38257 38256 
38257 38257 38257 38257 38257 38257 38257 38257 

52769 58632 58632 58633 58631 58633 58631 58633 
58635 58635 58635 58635 58635 58635 58635 58635 

52769 58632 58632 58633 58631 58633 58631 56813 
58635 94319 58635 58635 58635 58635 58635 58635 

52769 80434 58632 58633 58631 67920 58631 56813 
58635 94104 63148 58635 58635 63242 58635 58635 

65263 75100 75705 74044 63232 94483 65873 68588 
67176 71366 66858 72299 106324 71364 64447 75789 

89584 97225 146895 123917 98666 305585 116618 107574 
103325 96291 83424 118246 269732 98036 93146 124368 

89584 97225 146895 123917 98666 259117 116618 107574 
103325 96291 83424 118246 290157 116365 93146 124368 

134051 134189 134161 133782 134607 134105 133851 122194 
134037 134531 135853 134358 133899 134037 134759 134277 

150606 148317 149461 148380 152245 149496 150460 138728 
149365 154144 149745 150165 148144 149149 150707 148811 

157419 157419 141677 157419 157419 157419 157419 157419 
157419 157419 157419 157419 157419 157419 157419 157419 

159088 157419 145770 157419 148589 157419 157419 157419 
159464 157419 157419 155844 160026 157419 168210 157419 

158286 158285 158287 142458 158286 158287 158287 158287 
158288 158288 158288 158288 158288 158288 158288 158288 

150062 149862 150051 135066 149756 150061 149724 149723 
149949 149985 150075 150074 149813 149896 149753 150075 

140863 149862 150051 135066 149756 150061 149724 149723 
149949 149985 150075 150074 149813 149896 149753 202281 

143695 149862 154020 138099 151901 150451 149724 149723 
153547 153651 150075 150074 151595 149896 149753 167669 

163823 175414 189959 159371 173980 151334 167176 174100 
170831 164247 157733 164472 170890 160786 161272 211335 

815964 788623 795817 774559 675456 553817 645090 781392 
713186 781975 722797 685872 654009 730682 575179 881171 

734410 792898 795817 792710 675456 553817 645090 799398 
713186 781975 742973 711036 670294 736475 575179 829397 

731915 731927 731926 731919 658734 731787 731927 731915 
731915 731927 731789 731847 731927 731927 731793 731927 

746037 745635 745497 745562 729093 748112 670067 745401 
744794 745386 745206 744994 748706 743738 744626 743144 

39505 43895 43895 43895 43895 43895 43895 43895 
43896 43896 43896 43896 43896 43896 43896 43896 

39505 43895 43895 44122 43841 43895 41135 43895 
43895 43896 43896 44033 43896 47281 43896 43896 

45864 41278 45864 45863 45863 45863 45864 45862 
45866 45867 45866 45866 45866 45867 45866 45866 

385771 428635 428635 428635 428635 428635 428635 428635 
428635 428635 428635 428635 428635 428635 428635 428635 

385771 428635 428635 428635 428635 428635 391632 428635 
485828 428635 428635 428635 428635 428635 428635 428635 

385771 428635 428635 428635 428635 398544 391632 428635 
478335 428635 428635 428635 428635 428635 428635 428635 

385771 435650 435335 428635 434890 402862 402112 405860 
440202 431372 434836 432665 431454 451752 429822 436884 

821529 890381 751186 804722 701274 738229 763911 784803 
768061 835831 801132 854651 682723 986255 798603 833207 

821529 770406 751186 816989 764733 795847 780571 784803 
797788 835831 817539 847858 682723 844680 804244 845888 

802693 802689 802616 802686 722424 802666 802669 802676 
802694 802691 802692 802694 802578 802691 802652 802694 

157228 157264 157264 141538 157210 157257 157221 157176 
157259 157262 157264 157090 157255 157152 157115 157131 

803671 803529 804095 803963 796378 803730 724412 803835 
804865 802975 802920 803082 803337 803284 803500 804088 

803671 803529 736437 803963 797637 804394 724412 804297 
825126 802975 805808 803082 803337 803284 803500 804088 

796884 796885 717196 796884 796885 796884 796883 796882 
796886 796886 796886 796886 796886 796886 796886 796886 

458133 458133 458133 458133 412319 458133 458133 458133 
458133 458133 458133 458133 458133 458133 458133 458133 

458133 458133 458593 419362 417651 460685 459056 458783 
490720 464649 458769 458133 461133 459616 458133 458133 

458133 458133 458593 419362 417651 423006 459056 458783 
490898 464649 458769 458133 461133 459616 458133 458133 

458133 461060 461159 440552 422194 430363 416103 459843 
462375 461267 459566 459349 460573 461264 458133 459446 

495872 480388 589871 452886 469083 446802 416103 464029 
474483 461267 459422 472328 460573 497163 659504 523159 

506192 487876 494094 466562 493657 462019 455138 464029 
492419 470835 467604 473418 460573 504468 557707 530897 

441038 490042 490043 490042 490043 490042 490042 490042 
490043 490043 490043 490043 490043 490043 490043 490043 

49078 49078 49078 49078 49078 49078 44170 49078 
49078 49078 49078 49078 49078 49078 49078 49078 

506038 509717 509410 462235 511186 510359 510969 510989 
510598 510968 509795 509833 510503 513382 510780 510771 

513465 509717 515648 467963 520591 513321 511972 513146 
516307 510968 519720 509833 510503 579593 510780 524426 

149447 149447 149447 134502 149447 149447 149447 149447 
149447 149447 149447 149447 149447 149447 149447 149447 

517872 517873 517872 517873 517873 466084 517872 517873 
517875 517874 517874 517874 517874 517875 517875 517874 

517872 517873 517872 517873 517873 466084 517872 477107 
698391 517874 517874 517874 517874 517875 517875 517874 

517872 517873 517872 498261 517873 466084 517872 477107 
659639 517874 517874 517874 517874 517875 517875 517874 

525249 553966 528009 514236 524756 475051 468867 500174 
555223 525281 523458 532199 528437 528359 522579 524989 

541721 609492 528009 524862 588426 531491 508594 531163 
670069 571282 582173 567164 528437 528359 549575 556243 

557208 558460 538340 537086 592502 539625 508594 541281 
617561 567269 582173 573982 528437 528359 549575 562747 

563808 563808 507427 563808 563808 563808 563808 563808 
563808 563808 563808 563808 563808 563808 563808 563808 

574309 574954 571050 575472 520922 574932 575492 574953 
579183 575241 574602 574614 574341 575409 574868 574510 

802142 802330 802330 802318 802225 722096 802158 802297 
802207 802273 802275 802329 802321 802235 802112 802329 

802142 802274 810605 802318 802225 722096 734738 802297 
802207 804968 802275 818996 802987 802235 803465 802328 

740242 740242 740242 740242 740242 740242 666217 740242 
740242 740242 740242 740242 740242 740242 740242 740242 

796190 796188 796190 716571 796190 796189 796190 796190 
796192 796192 796192 796192 796192 796193 796192 796192 

796190 796188 796190 716571 796190 796189 722192 796190 
796192 796192 796192 796192 796192 847576 796192 796192 

718237 796188 796190 731353 796190 796189 722192 807709 
796192 796192 796192 796192 796192 832578 796192 796192 

747630 809104 817189 773506 816444 801278 776584 754557 
804008 842978 809571 799712 803675 803614 809064 800821 

1141830 1216892 1241089 1226321 1161752 1236112 1220996 1221965 
1215137 1229447 1195968 1216314 1382319 1239374 1212044 1084176 

1141830 1216892 1137536 1233299 1186454 1234013 1220996 1221965 
1229878 1238368 1209931 1218093 1278485 1239374 1212044 1119470 

1217543 1217533 1217539 1095788 1217543 1217537 1217537 1217537 
1217544 1217543 1217544 1217474 1217507 1217525 1217544 1217544 

1225588 1226344 1226324 1200778 1226011 1223640 1104335 1224355 
1224466 1225273 1222104 1224460 1224719 1223654 1221306 1227308 

147490 163878 163878 163878 163878 163878 163878 163878 
163878 163878 163879 163878 163878 163879 163878 163878 

165971 181203 172722 178690 178522 225897 173132 180154 
175640 245827 163878 175787 173535 173402 171314 166580 

157092 157092 157092 157092 141383 157092 157092 157092 
157092 157092 157092 157092 157092 157092 157092 157092 

182495 164245 182493 182495 182494 182493 182494 182493 
182497 182497 182497 182497 182497 182497 182497 182497 

182495 168087 182493 166013 182494 182493 182494 182493 
182497 182497 182497 182497 182497 220654 182497 182497 

173705 168087 182493 166013 182494 182493 182494 182493 
182497 182497 182497 182497 182497 215948 182497 182497 

187725 174843 192470 180719 200381 189190 190034 194135 
190681 187185 191969 197454 187317 216311 196009 202668 

238111 228911 212756 214216 328001 241926 224961 271459 
235753 256856 229183 271016 206931 374766 217817 236640 

238111 228911 215054 214216 312027 241926 224961 271459 
247063 256856 240481 278979 206931 342529 217817 236640 

255347 255347 255347 255347 255347 255347 255347 229813 
255347 255348 255344 255348 255348 255348 255348 255348 

277845 277026 277907 277766 277901 250200 276299 274768 
277953 277934 276057 276889 277114 276696 277563 278002 

47788 47788 47788 47788 47788 43009 47788 47788 
47788 47788 47788 47788 47788 47788 47788 47788 

742612 742597 668351 742612 742612 742584 742588 742612 
742612 742613 742613 742612 742610 742613 742612 742613 

87517 47788 65927 181076 80457 58473 64570 60111 
99004 219673 85799 64153 73168 85439 93872 86984 

739507 739507 665555 739508 739507 739508 739507 739506 
739509 739509 739509 739509 739509 739509 739509 739509 

739507 739507 665555 689171 747390 739508 739507 739506 
739509 739509 739509 739509 739509 739509 812443 739509 

739507 739507 665555 689171 686901 739508 739507 739506 
739509 739509 739509 739509 739509 739509 803092 739509 

743851 741280 697324 716283 693175 677183 741894 740408 
743919 741829 739987 743862 741192 740310 752207 739509 

724722 746091 702970 716283 732231 705292 752841 747879 
754198 761489 739987 748591 764246 742006 807637 753023 

731755 749248 726811 728089 739603 711138 684757 754023 
757645 757994 744988 753245 759138 745168 762000 756837 

748039 747978 748054 747891 673488 747876 748109 748315 
748272 748272 748309 747979 747857 748065 748004 748269 

685220 761259 761273 760935 754841 761276 760056 761243 
761191 761378 761378 760816 760477 761164 759407 761346 

166622 166654 150206 166783 166766 166879 166608 166896 
166637 166696 166890 166882 166843 166578 166688 166666 

154671 166654 150206 166783 166766 167457 166608 166839 
166637 166696 173380 166882 166843 166578 166688 166819 

572126 572126 572126 514913 572126 572126 572126 572126 
572126 572126 572126 572126 572126 572126 572126 572126 

167018 167019 150318 167018 167018 167020 167019 167020 
167021 167022 167021 167021 167021 167021 167022 167021 

168443 167019 153911 167018 167018 165507 167019 167020 
332259 181388 167021 168355 167021 167021 167022 167021 

178638 167019 153911 167018 167018 165507 167019 167020 
296489 181388 167021 168355 167021 167021 167022 167021 

96353 96175 96347 86725 96361 96164 96261 96291 
96355 96305 96361 96350 96347 96225 96314 96230 

103748 101604 103305 96901 129990 108062 104627 102210 
109055 99963 148887 103099 106853 106238 108049 98414 

130703 113279 131352 105136 181991 113322 119346 118636 
202504 117564 143326 111919 123516 122577 108049 112018 

130703 121022 131352 105136 171361 102406 133974 129048 
168999 117564 143326 111919 128698 123092 116268 131370 

1215441 1215441 1215441 1215441 1093897 1215441 1215441 1215441 
1215441 1215441 1215441 1215441 1215441 1215441 1215441 1215441 

135973 135907 135960 135973 122376 135963 135920 135973 
135921 135966 135966 135942 135972 135962 135833 135765 

1098332 1218792 1217858 1217926 1209263 1218196 1217631 1218086 
1220380 1218085 1217410 1218453 1217276 1218008 1217573 1217716 

525077 583419 583418 583399 583415 583416 583417 583418 
583421 583420 583417 583383 583372 583421 583420 583381 

525077 584759 583418 583399 583415 583416 526503 593462 
598067 585833 583417 583383 583372 583420 583420 583381 

275806 275806 275806 275806 248225 275806 275806 275806 
275806 275806 275806 275806 275806 275806 275806 275806 

579332 579332 579332 579332 579333 521399 579333 579332 
579335 579335 579335 579335 579335 579335 579335 579335 

579332 581758 579332 579332 529700 521399 579333 579332 
579335 579335 579335 579335 579335 579335 616132 579335 

579332 533712 579332 579332 529700 521399 579333 579332 
579335 579335 579335 579335 579335 579335 611352 579335 

579827 550102 579789 579521 547624 479346 581281 579550 
578723 578726 577036 577089 579745 580214 579348 575152 

589341 568554 589210 579521 547624 521625 570424 581793 
581895 592989 583441 595256 583717 633868 585352 578528 

556472 573610 589210 579521 557925 521625 575180 581793 
581895 594688 587843 595256 583717 621750 585352 579530 

586060 585701 527682 585586 585640 585425 585592 585931 
585488 586369 585467 585497 585264 586186 585363 585264 

592332 592021 590126 591996 592571 541091 592696 590887 
592525 591854 600327 592413 590017 591966 593332 592345 

755325 755325 755325 755325 755325 755325 755325 679793 
755325 755325 755325 755325 755325 755325 755325 755325 

280076 280076 252068 280076 280076 280077 280076 280076 
280077 280077 280077 280077 280077 280077 280077 280077 

280076 299819 266076 280076 280076 284357 284960 284361 
280077 280077 291238 339854 290960 290013 284774 280077 

287772 258996 287770 287771 287772 287773 287773 287773 
287775 287775 287775 287775 287775 287775 287775 287775 

1211138 1211138 1090024 1211138 1211138 1211138 1211138 1211138 
1211138 1211138 1211138 1211138 1211138 1211138 1211138 1211139 

1211138 1211138 1090024 1219480 1211138 1129544 1211138 1211138 
1211138 1211138 1214600 1211138 1211138 1211138 1211138 1272703 

1211138 1211138 1107356 1126091 1211138 1129544 1211138 1211138 
1211138 1211138 1214600 1211138 1216198 1211138 1211138 1253277 

1219927 1222545 1146912 1162918 1217310 1153990 1218004 1135135 
1203387 1207620 1217643 1216595 1211551 1208264 1214433 1261544 

1780638 1702580 1657292 1776162 1758295 1782555 1769184 1746669 
1741456 1891727 1657091 1795919 1811833 1723689 1764341 1750475 

1780638 1714251 1674526 1776162 1763762 1624010 1769184 1746669 
1758354 1800751 1683310 1797744 1805260 1742792 1766856 1758003 

1752680 1752680 1752680 1752680 1577412 1752680 1752680 1752680 
1752680 1752680 1752680 1752680 1752680 1752680 1752680 1752680 

294106 294106 294106 264696 294106 294106 294106 294106 
294107 294107 294107 294107 294106 294107 294107 294107 

311428 282959 310242 308707 311737 312476 311436 312469 
310634 309676 311458 311689 310726 314246 308378 311508 

750760 675684 750760 750760 750760 750760 750760 750760 
750760 750760 750760 750760 750760 750760 750760 750760 

750760 675684 750704 750760 750760 751029 677565 750760 
750760 750760 750760 750760 753932 750760 750760 750759 

743469 743469 669122 743468 743468 743469 743469 743468 
743471 743470 743470 743470 743471 743471 743470 743470 

744262 744370 744349 744281 744367 744217 669937 744372 
744375 744375 744302 744358 744375 744228 744202 744357 

744262 744370 745798 744281 744367 744217 669937 703909 
744375 744375 759183 744358 745740 744228 873718 744357 

744262 744370 694606 744281 744367 744217 669937 703909 
744375 744375 759183 744358 745740 744228 848871 744357 

310997 279898 310997 310998 310998 310997 310998 310998 
310998 310998 310998 310997 310997 310998 310998 310997 

322827 300424 316897 317112 326307 313191 326783 329289 
324373 323472 322417 349984 318789 328752 321974 334864 

511295 580610 609489 608544 556156 555082 356469 625213 
699406 503247 574507 626629 624022 644862 521294 619885 

511295 580610 614934 608544 556156 568022 356469 592140 
665319 503247 574507 626629 624022 644862 521294 619885 

