0 0 0 0 826 0 0 0 
0 0 0 0 861 0 0 0 

0 0 0 0 885 0 0 0 
0 0 0 0 1122 0 0 0 

0 0 0 0 1511 0 0 0 
0 0 0 0 1827 0 0 0 

2070 5305 3221 2064 3761 3368 2563 2082 
2490 3806 3520 3438 2065 3004 2381 5831 

2070 5305 3221 2064 3196 3368 2563 2082 
2490 3806 3520 3438 2065 3004 2381 5520 

2070 4075 3221 2064 3492 3368 2563 2082 
2490 3806 3679 3641 2470 3004 2381 5456 

2070 3668 3221 2064 3492 3368 2563 2082 
2490 3806 3774 3641 2470 3004 2381 5548 

2070 5823 3221 2064 3492 3368 2563 2082 
2490 3806 5247 3641 2470 3004 2381 6321 

2070 4949 3221 2064 3492 3368 2563 2082 
2490 3806 5247 3641 2470 3004 2381 6246 

3284 4950 4852 3264 4922 4670 4504 4261 
4148 5141 5832 3641 3214 4264 5539 5644 

3284 5207 4852 3264 4922 4670 4504 4261 
4148 5141 6299 3641 3214 4264 5539 5644 

3284 5409 4852 3264 4922 4670 4504 4261 
4464 5141 7398 3641 3214 4264 5630 5644 

3284 4597 4852 3264 4922 4670 4504 4261 
4464 5141 7099 3641 3214 4264 5630 5644 

4145 4836 5135 4464 5108 5372 4504 4527 
4686 5820 6010 4450 3214 4264 5630 5999 

4145 4836 5135 4464 5108 4566 4504 4527 
4686 5820 5914 4450 3214 4264 5630 5999 

4145 4836 6338 4464 5108 4566 4504 4527 
4686 5820 5914 4450 3214 4264 5630 7296 

4145 4836 5822 4464 5108 4566 4504 4527 
4686 5820 5914 4450 3214 4264 5630 7616 

4145 4836 6350 4464 5108 4566 4504 4527 
4686 5820 5914 4450 3214 4264 5630 7757 

4145 4836 8552 4464 5108 4566 4504 4527 
4686 5820 5914 4450 3214 4264 5630 9640 

4145 4836 8552 4464 5108 4566 4504 4527 
4686 5820 5914 4450 3214 4264 5630 9640 

3523 5643 6096 5020 5321 5719 5549 5794 
5081 6176 5942 5567 3792 5214 6044 6212 

3523 5643 6193 5020 5321 5719 5549 5794 
5081 6176 6138 5567 3792 5214 6044 7461 

3523 6163 7677 5049 5321 5719 5549 5794 
5667 6999 6955 6496 3792 5946 6044 9358 

6803 6805 6747 6775 6804 6806 5786 6799 
6804 6803 6808 6789 6796 6775 6808 6800 

6803 6805 6747 6775 6804 5785 5786 6799 
6804 6803 6808 6789 6796 6775 6807 6800 

6803 17603 6747 6775 6804 5785 6615 6279 
6804 6803 14629 6789 6796 6775 6807 6800 

6803 15962 6747 6775 6804 5785 6615 6279 
6804 6803 15675 6789 6796 6775 6807 6800 

6803 15962 6747 6775 6804 5785 6615 6279 
6804 6803 15675 6789 6796 6775 6807 6800 

6803 16787 6747 6775 6804 5785 5622 6279 
6804 6803 14990 6789 6796 6775 6807 6800 

6803 13486 6747 6775 6804 5785 6889 6279 
6804 6803 15241 6789 6796 6775 6807 6800 

6803 12322 6747 6775 6804 5785 8035 6279 
6804 6803 14515 6789 6796 6775 6807 6800 

6803 12160 6747 6775 8917 5937 8969 6279 
9168 8030 14495 6789 6796 6775 6807 6800 

6803 12019 6747 6775 8917 5937 8969 6279 
9168 8030 16258 6789 6796 6775 6807 6800 

21840 22609 22177 23003 20398 19339 21082 18573 
22133 22404 21293 21842 22027 23310 21374 22497 

21840 22609 22177 20469 20398 19339 21082 18573 
22133 22404 21293 21842 22027 24522 21374 22497 

18693 21958 21990 20941 21085 20549 21396 20570 
21787 21788 21558 21842 21801 21893 21477 21983 

18693 21958 19341 20941 21085 20549 21396 20570 
21787 21788 21558 21842 21801 21893 21477 22892 

20632 20916 21133 20941 21702 20549 21396 20570 
22445 21788 21297 22526 22299 21893 22110 24948 

20632 20916 21133 20941 19446 20549 21396 20570 
22445 21788 21297 22526 22299 21893 22110 25061 

21025 20916 21497 20941 19446 20549 23819 20570 
22632 21788 21297 22526 22299 21893 22110 23252 

21025 20916 21874 20941 17529 20549 23819 20570 
22632 21788 21297 22526 22299 21893 22110 23694 

21025 21212 22526 20941 18965 20549 19773 20938 
23171 21788 21297 22624 22446 21893 22110 22121 

21025 21212 23425 20941 16870 20549 19773 20938 
23140 21788 21297 22624 22446 21893 22110 22121 

21309 21585 20274 21279 18665 21394 21103 21301 
22498 22020 21297 22601 23911 22166 22549 22316 

18342 22750 21707 21755 21717 22625 22284 22043 
22675 22634 22300 22572 22591 22709 22671 22611 

18342 19955 21707 21755 21717 22625 22284 22043 
22675 22634 22300 22572 22591 23466 22671 22741 

18342 19955 21707 21755 21717 21466 22284 22043 
22675 22634 22300 22572 22591 25100 22671 22819 

18342 19955 21707 21755 21717 21466 19941 22043 
22675 22634 22300 22572 22591 25277 22671 22819 

18342 19955 21707 21755 21717 21466 19941 20236 
22675 22634 22300 22572 22591 25091 22671 22819 

19546 20375 21839 19212 21965 22155 19941 20987 
22257 22514 22524 22514 22466 22594 22150 22462 

22220 22823 23449 22034 22454 20445 22788 23208 
23343 22841 23793 23294 23373 23370 22869 23128 

22220 22823 21056 22034 22454 20445 22788 23208 
23343 22841 24191 23294 23373 23370 22869 23128 

23434 19940 23442 23453 23457 23459 23456 23428 
23457 23458 23454 23454 23456 23456 23436 23453 

23434 19940 23442 23453 23457 21440 23456 23428 
23457 23758 23454 23454 23456 23456 23436 23453 

23434 19940 23442 23453 20813 21440 23456 23428 
23457 24762 23454 23454 23456 23456 23436 23453 

23434 19940 23442 23453 20813 21440 22793 23428 
23457 25359 23454 23454 23456 23456 23436 23453 

23434 19940 23442 21053 20813 21440 22793 23428 
23457 25709 23454 23918 23456 23456 23436 23453 

23434 19940 23797 21053 20813 21440 22793 23428 
23457 27796 23454 24756 23456 23456 23436 23453 

23903 19940 23122 22676 21525 21440 23655 23431 
23457 26932 23804 24858 23456 23937 23436 23453 

21817 19940 23122 22676 21525 21440 23655 23431 
23457 26777 23804 24858 23456 23937 23436 23453 

23465 23291 23428 23477 23433 23450 19956 23414 
23423 23382 23443 23477 23413 23462 23435 23357 

23465 23291 23428 21669 23433 23450 19956 23414 
23423 23382 23443 25604 23413 23462 23435 23357 

21993 23291 23428 21669 23433 23450 19956 23414 
23423 23382 23443 26179 23413 23462 23435 23357 

21993 23291 23428 21669 23433 21109 19956 23414 
23423 23382 23443 26649 23413 23462 23435 23357 

21993 23291 23428 21669 23433 21109 19956 23414 
23423 23382 23443 26649 23413 23462 23435 23357 

21993 23291 23428 21669 23163 21109 19956 23414 
23423 23382 23443 27458 23413 23462 23435 23357 

21993 23291 20813 21669 23163 21109 19956 23414 
23423 23382 23443 27753 23413 23462 23435 23357 

21993 23291 20813 21669 23163 21109 19956 20833 
23423 23382 23443 26545 23413 23462 23435 23357 

21993 28612 20813 24696 24998 23568 21394 20833 
23423 23382 26925 33641 23473 23462 24861 24541 

21993 30469 24510 26103 26331 23761 27714 25540 
23423 23382 27387 34768 23473 23462 27154 24541 

21993 31206 24510 26103 26331 23761 27714 26574 
23423 24355 29163 35654 25110 23462 27154 24541 

21993 30860 24510 26103 26331 23761 27714 26574 
23423 24355 29163 34775 25110 23462 27154 24541 

25595 26985 27030 27016 26724 22712 27017 26919 
26894 26679 26958 26876 27009 26736 26989 26156 

27003 27221 24195 27264 27156 23408 27358 27200 
27266 27085 27069 27787 27181 27114 28386 27029 

27003 27221 24195 27264 27156 23408 24754 27200 
27266 27085 27069 27787 27181 27114 30506 27029 

27003 27221 24195 28153 27156 24199 24754 27200 
27266 27085 27922 28532 27181 29903 33123 28306 

27003 27771 24195 29852 27156 25229 25821 27200 
28226 27085 27922 28532 27181 30167 33219 28673 

27003 27771 24195 30777 27156 25229 21947 27200 
30569 27085 27922 28532 27181 30167 32109 28673 

28660 28661 28661 28661 28661 24362 28661 28661 
28661 28661 28661 28661 28661 28661 28661 28661 

33988 34341 33550 29237 33433 33352 33969 33914 
32560 34368 34303 33894 34124 34283 33720 34430 

33988 30306 33550 29237 33433 33352 33969 33914 
32560 34368 34303 33894 34124 34283 33720 35175 

28978 30306 33550 29237 33433 33352 33969 33914 
32560 34368 34303 33894 34124 34283 33720 35296 

28978 30306 33550 29237 33433 33352 29998 33914 
32560 34368 34303 33894 34124 34283 33720 35546 

28978 30306 33550 29237 33433 33352 29998 29139 
32560 34368 34303 33894 34124 34283 33720 36051 

28978 30306 29642 29237 33433 33352 29998 29139 
32560 34368 34303 33894 34124 34283 33720 36125 

28978 30306 29642 29237 29543 33352 29998 29139 
32560 34368 34303 33894 34124 34283 33720 36171 

28978 30306 29642 29237 29543 30851 29998 29139 
32560 34368 34837 33894 34124 34283 33720 36421 

28978 30306 29642 29237 29543 27348 29998 29139 
32560 34368 34837 33894 34124 34283 33720 36035 

28978 27900 29642 29237 29543 27348 29998 29139 
32560 34368 34837 33894 34124 34283 33720 37030 

32439 32438 32403 32437 32428 32440 27574 32441 
32413 32441 32418 32442 32437 32442 32438 32430 

32439 32438 32403 32437 32428 32440 27574 28287 
32413 32441 32418 33229 32437 32442 32438 32430 

32439 32438 32403 32437 32428 27910 27574 28287 
32413 32441 32418 33240 32437 32442 32438 32430 

28439 32438 32403 32437 32428 27910 27574 28287 
32413 32441 32418 33959 32437 32442 32438 32430 

33514 33822 34160 33593 29856 33663 34057 33910 
34556 34012 33794 33880 33712 34039 33997 34058 

28486 33822 34160 33593 29856 33663 34057 33910 
34399 34012 33794 33880 33712 34039 33997 34058 

29321 33822 29118 33593 29856 33663 34057 33910 
33512 34012 33794 33880 33712 34039 33997 34398 

29321 33822 29118 33593 29856 33663 29159 33910 
33512 34012 33794 33880 33800 34039 33997 34646 

31278 33822 29118 33593 29856 33663 29159 31288 
33512 34012 33794 33880 36227 34039 33997 34535 

31278 29748 29118 33593 29856 33663 29159 31288 
33512 34012 33794 33880 36466 34039 33997 34535 

35416 34697 31949 34361 32006 30563 33458 33559 
35724 35156 35452 34635 35389 35617 34969 35903 

31103 34697 31949 34361 32006 30563 33458 33559 
35724 35156 35452 34635 35389 35617 34969 36429 

31103 35823 34289 34361 32006 30563 33458 33559 
35724 35156 35452 34635 35389 35617 34969 40977 

31103 31199 34289 34361 32006 30563 33458 33559 
35724 35156 35452 34635 35389 35617 34969 40803 

32709 32627 34686 36166 34437 32217 29689 33559 
35893 35362 35733 34635 35687 35201 35299 35627 

32709 32627 34686 30741 34437 32217 29689 33559 
35933 35362 35733 34635 35687 35201 35299 35627 

32709 32627 31497 30741 34437 32217 29689 33559 
37131 35362 35733 34635 35687 35201 35299 35627 

32709 32627 31497 30741 29969 32217 29689 33559 
37145 35362 35733 34635 35687 35209 35299 35627 

32709 32627 31497 30741 29969 32217 29689 29951 
36723 35362 35733 34635 35687 35166 35299 35627 

29980 32627 31497 30741 29969 32217 29689 29951 
36447 35362 35733 34635 35687 35024 35299 35627 

29980 32627 31497 30741 29969 32217 29689 29951 
36447 35362 35733 34635 35687 35024 35299 35627 

32347 29432 31497 31841 31277 33350 31275 31810 
34346 34278 34424 34625 34221 34410 34706 34142 

32347 29432 31497 31841 31277 34597 31275 27038 
34346 34298 34424 34625 34221 34410 34545 34142 

27494 31992 31945 32316 31814 34718 31758 29123 
34118 34199 34424 34336 34416 34042 34182 34142 

33283 28290 33283 33283 33283 33283 33282 33283 
33283 33283 33283 33283 33283 33283 33283 33283 

33283 28290 33283 33283 28290 33283 33282 33283 
33283 33283 33283 33283 33283 33283 33283 33283 

33283 28290 53153 33283 29972 33283 33282 29040 
33283 33283 33283 33283 36713 33283 33283 50345 

33283 28290 53153 33283 26476 33283 33282 29040 
33283 33283 33283 33283 36713 33283 33283 47889 

33283 28290 53153 33283 26476 33283 33282 29040 
33283 33283 33283 33283 36713 33283 33283 47889 

33283 28290 45930 33283 26476 33283 33282 29040 
33283 33283 33283 33283 36713 33283 33283 49278 

33283 28290 39791 33283 26476 33283 34952 29040 
33283 33283 33283 35323 36713 33283 33283 44780 

33283 28290 42968 33589 26476 33283 29709 29040 
33283 33283 33283 36459 36713 33283 33283 42085 

34242 28290 36446 34582 26476 33283 32733 29040 
33283 33283 33283 39224 37807 33283 33283 42958 

34242 28290 33074 34582 26476 33283 32733 29040 
33283 33283 33283 39224 37807 33283 33283 43507 

34513 39500 40114 40389 34942 38633 39662 38736 
40509 40641 38039 40647 40173 39859 40076 39626 

34513 39500 40114 39664 34942 38633 39662 38736 
40509 40641 38039 46442 40173 39859 40076 39626 

35586 39763 40276 34259 37124 39301 40210 38736 
40273 39980 38727 39856 40300 40142 40295 39744 

35586 39763 35595 34259 37124 39301 40210 38736 
40273 39980 38727 40571 41934 40142 40295 39744 

35586 39763 36454 34259 37124 39748 35975 38736 
40273 39980 38727 41237 42321 40142 40295 40138 

35586 34798 36454 34259 37124 39748 35975 38736 
40273 39980 38727 41237 42537 40142 40295 40138 

36993 35763 36454 37077 38188 40352 37139 39554 
39806 40243 38727 40126 40351 40142 40160 39792 

36993 35763 36454 37077 38188 37046 37139 39554 
39806 40243 38727 40126 41927 40142 40160 39792 

36993 35763 37090 37077 38188 31489 37139 41309 
39806 40243 38727 40229 40323 40142 40260 39792 

36993 35763 37090 37077 38188 31489 37139 36469 
39806 40243 38727 40229 41513 40142 40260 39792 

36993 35763 37560 37077 36361 32799 37139 37029 
39806 39753 39271 42760 39288 40142 40088 39792 

38235 36569 33725 37985 37727 36590 37973 37813 
39495 39467 39363 39509 39215 39683 39437 39406 

34135 36569 33725 37985 37727 36590 37973 37813 
39495 39467 39363 39509 39215 40072 39631 39406 

34135 36569 33725 35142 37727 36590 37973 37813 
39495 39467 39363 39509 39215 39880 41194 39406 

34135 36569 33725 35142 37727 36590 33277 37813 
39495 39467 39363 39509 39215 39880 41310 39406 

34135 36569 33725 35142 37727 36590 33277 32141 
39495 39467 39363 39509 39215 39880 40785 39406 

29694 37002 35225 36268 39184 37041 34205 34210 
38726 38571 38548 38351 38864 38677 39011 38749 

37445 33053 36856 37412 38872 38181 38190 36522 
38587 38886 38509 38598 38752 38543 38798 38649 

37445 33053 36856 37412 34166 38181 38190 36522 
38587 39333 38509 38598 38752 38543 38798 38649 

32341 38048 38048 38048 38048 38048 38048 38048 
38048 38048 38048 38048 38048 38048 38048 38048 

32341 38048 38048 38048 38048 33090 38048 38048 
38798 38048 38048 38048 38048 38048 38048 38048 

32341 35286 38048 38048 38048 33090 38048 38048 
40627 38048 38048 38048 38048 38048 38048 38048 

32341 35286 38048 38048 38048 33090 38048 34490 
40865 38048 38048 38048 38048 38048 38048 38048 

27864 35286 39036 38048 38048 33090 38048 34490 
40000 38048 38048 38048 38048 38048 38348 38048 

30351 35286 40942 38048 38048 33090 32340 34490 
39457 38048 38048 38048 38048 38048 39351 38048 

31716 35286 35433 38048 38410 33090 33298 34490 
38600 38048 38593 38423 38048 38684 42396 38048 

31716 35286 35433 38048 33398 33090 33298 34490 
38600 38048 38593 38423 38048 38684 42098 38048 

36817 36902 36903 36902 36842 36828 36865 31367 
36903 36890 36898 36893 36894 36899 36901 36900 

36817 31366 38218 36902 36842 36828 36865 31367 
38051 36890 36898 36893 36894 36899 36901 37488 

36817 31366 33488 36902 36842 36828 36865 31367 
39179 36890 36898 36893 36894 36899 36901 37781 

36817 31366 33488 32495 36842 36828 36865 31367 
39766 36890 36898 36893 36894 36899 36901 37781 

36817 31366 33488 32495 36842 36828 36865 31367 
39766 36890 36898 36893 36894 36899 36901 37781 

36817 31366 33488 32495 36842 36828 34468 31367 
39991 36890 36898 36893 36894 36899 36901 38637 

36817 31366 33488 32495 33674 36828 34468 31367 
40422 36890 36898 36893 36894 36899 36901 38637 

36817 31366 33488 32495 33674 32472 34468 31367 
39414 36890 36898 36893 36894 36899 36901 38637 

35739 32517 33488 33347 33674 32472 34468 32497 
37387 36890 36898 36893 36894 36819 36901 40467 

34121 33963 33488 35504 33674 32472 34468 35708 
37704 37181 36365 37214 38148 39044 37369 38264 

34725 36324 33488 35504 34467 33966 34468 33718 
39174 37566 36861 37214 37867 37585 37369 37880 

34725 37110 33488 35504 34467 33966 34468 33718 
38819 37566 36861 37214 37867 37585 37369 37946 

36497 31049 35940 36525 36154 35965 36458 36075 
36450 36493 36514 36418 36522 36459 36432 36482 

36531 34615 31307 36694 36588 36486 36678 36386 
36644 36774 36446 36607 36843 36634 36626 36679 

36531 34615 31307 32526 36588 36486 36678 36386 
36644 36774 36446 36607 39259 36634 36626 36679 

36837 35303 26610 32526 36588 36486 39216 36768 
36644 37131 36851 36607 37860 36634 36626 36679 

36837 35303 26610 33371 36588 36486 34505 36768 
36644 37650 36851 36607 41067 36634 36626 36679 

33820 35303 26610 33371 36588 36486 34505 36768 
36644 37650 36851 36607 42883 36634 36626 36679 

37584 31946 37584 37584 37584 37584 37584 37584 
37584 37584 37584 37584 37584 37584 37584 37584 

39267 38614 39257 39086 33377 39257 39227 39252 
39266 39243 39186 39228 39158 39173 39239 38944 

34566 38614 39257 39086 33377 39257 39227 39252 
40026 39243 39186 39228 39158 39173 39239 38944 

34566 38614 33456 39086 33377 39257 39227 39252 
40210 39243 39186 39228 39158 39173 39239 38944 

34566 38614 33456 39086 33377 34118 39227 39252 
40517 39243 39186 39228 39158 39173 39239 38944 

34566 38614 33456 39086 33377 34118 39227 33598 
41077 39243 39186 39228 39158 39173 39239 38944 

34566 38614 33456 39086 33377 34118 34467 33598 
41249 39243 39186 39228 39158 39173 39239 38944 

34566 38614 33456 34348 33377 34118 34467 33598 
41374 39243 39186 39228 39158 39173 39239 38944 

34566 35330 33456 34348 33377 34118 35352 33598 
41515 39243 39186 39228 39158 39173 39239 38944 

34566 35330 33456 34348 33377 34118 31049 33598 
41190 39243 39186 39228 39158 39173 39239 38944 

34566 30655 33456 34348 33377 34118 31049 33598 
41061 39243 39186 39228 39158 39173 39239 38944 

36847 36846 36842 36847 36846 36844 31320 36846 
36847 36847 36847 36840 36847 36846 36847 36847 

36847 36846 36842 33517 36846 36844 31320 36846 
36847 36847 36847 36840 38309 36846 37011 36847 

31628 36846 36842 33517 36846 36844 31320 36846 
36847 36847 36847 36840 38218 36846 37040 36847 

31628 36846 36842 33517 36846 36844 31320 32109 
36847 36847 36847 36840 38761 36846 37150 36847 

38800 39399 35544 38557 38611 38853 38440 38664 
41530 38711 38659 38859 38510 38623 38743 38592 

38800 33489 35544 38557 38611 38853 38440 38664 
41210 38711 38659 38859 38510 38623 38743 38592 

38800 33489 35544 38557 38611 33901 38440 38664 
40469 38711 38659 38969 38510 38623 38743 38592 

32980 33489 35544 38557 38611 35186 38440 38664 
40218 38289 38659 38969 38510 38623 38743 38592 

32980 33489 35544 38557 38611 35940 38440 33520 
40667 38027 38659 38969 38510 38623 38743 38592 

32980 33489 35544 38557 38611 31674 38440 33520 
40667 38163 38659 38969 38510 38623 38743 38592 

37095 34420 36706 33348 38843 33022 38945 33520 
38973 38252 39185 38858 38310 38878 39067 38962 

37095 34420 36706 33348 38843 33022 34103 33520 
38973 38252 39749 38858 38310 38878 39067 38962 

37095 34420 36706 33348 33930 33022 34103 33520 
38973 38252 40612 38858 38310 38878 39067 39105 

32280 34420 36706 33348 33930 33022 34103 33520 
38973 38252 40834 38858 38310 38878 39067 39105 

32280 35275 33657 35195 33930 33022 34103 33520 
39189 38504 39248 38373 38310 39168 39601 39390 

32280 29983 33657 35195 33930 33022 34103 33520 
39189 38504 39248 38373 38310 39168 38952 39390 

32280 29983 33657 30749 33930 33022 34103 33520 
39189 38504 39248 38373 38310 39168 38952 40260 

32280 29983 33657 30749 28840 33022 37496 33520 
38615 38504 39248 38373 38310 39168 38952 39240 

32280 29983 33657 32011 30400 33022 33270 33520 
38552 38504 38189 38373 38310 39164 38952 37966 

32280 29983 33939 33052 32122 33022 33270 33520 
38362 38504 38189 38373 38310 37972 39340 37966 

32280 29983 33939 33052 32122 33022 33270 33520 
38362 38504 38189 38373 38310 37972 39340 37966 

34224 32061 31512 35138 33714 34537 35056 35163 
37035 36694 36848 36798 36870 36832 36734 36698 

34224 32061 31512 35138 33714 34537 35056 30556 
36754 36694 36665 36798 36652 36699 36734 36562 

34224 34052 31512 33773 34731 34537 36414 30556 
37025 36857 36999 39295 36799 37016 37446 36609 

30848 36290 36283 36286 36284 36290 36280 36289 
36290 36291 36263 36264 36291 36291 36290 36274 

30848 30846 36283 36286 36284 36290 36280 36289 
36290 36291 36263 36264 36291 36290 36290 36274 

30848 30846 36283 36286 36284 36044 36280 36289 
36290 36291 36263 37829 42672 36290 36290 36274 

30848 30846 36283 36286 36284 36044 36280 31595 
36290 36291 36263 37829 42014 36290 36290 36274 

30848 30846 36283 36286 36284 36044 36280 31595 
36290 36291 36263 37829 42014 36290 36290 36274 

30848 30846 36283 33175 36284 36044 36280 31595 
36290 36291 36263 37829 41597 36290 36290 36274 

30848 30846 36283 33175 33577 36044 36280 31595 
36290 36291 36263 37829 39839 36290 36290 36274 

30848 30846 33376 33175 33577 36044 36280 31595 
36290 36291 36263 37829 40069 36290 36290 36274 

30848 32412 34764 33978 34296 36543 32699 31595 
36290 36735 36263 37829 38216 36290 36290 36274 

30848 32412 34764 33978 34296 31382 32699 31595 
36290 36735 36263 37829 39765 36290 36290 36274 

41286 42211 36341 37888 43866 38752 37876 36305 
38374 42273 41771 42131 43692 42058 42388 42533 

41286 42211 36341 37888 37683 38752 37876 36305 
38374 42273 42402 42131 44318 42058 42388 42533 

41368 35168 36341 40283 39648 40150 39578 37759 
40465 41217 40832 41224 41126 41328 41166 40928 

35538 35168 36341 40283 39648 40150 39578 37759 
40465 41217 40832 41224 41126 42136 41166 40928 

37454 38016 36341 36868 40205 40767 40268 37759 
40465 41573 40832 41678 41611 43405 42262 41260 

37454 38016 36341 36868 40205 35906 40268 37759 
40465 41573 40832 41678 41611 43721 42262 41260 

37454 38016 36341 36868 40205 35906 41673 37759 
40465 41573 40832 41854 41611 42283 42262 41260 

37454 38016 36341 36868 40205 35906 35486 37759 
40465 41573 40832 41854 41611 43391 42262 41260 

38161 38016 36341 38818 35865 35906 35486 38417 
40465 40977 40832 41853 41611 40910 41329 41260 

38161 38016 36341 33745 35865 35906 35486 38417 
40667 40977 40832 41853 41611 40910 41329 41260 

38161 38016 37361 37598 35865 36656 36813 35860 
40629 40322 41027 40570 40846 42223 40845 40283 

33894 38996 39010 39359 37434 39581 39117 37466 
39429 39432 39570 39471 39499 39876 39812 39439 

33894 38996 39010 39359 37434 34784 39117 37466 
39429 39432 39570 39471 39499 40541 39812 39439 

33894 38996 39010 35507 37434 34784 39117 37466 
39429 39432 39570 39471 39499 41898 39812 39439 

33894 38996 39010 35507 37434 34784 34249 37466 
39429 39432 39570 39471 39499 42080 39812 39439 

33894 38996 39010 35507 37434 34784 34249 37466 
39429 39432 39570 39471 39499 42080 39812 39439 

36031 38996 33475 37104 37743 36149 35035 38119 
38865 39348 39012 38943 38851 38813 39192 38749 

40340 34860 39177 39818 39277 36879 40500 40812 
39742 40700 40093 40591 39974 39878 40588 41019 

40340 34860 39177 39818 39277 36879 40500 35690 
39742 40700 40093 40591 39974 39878 40588 41587 

39631 33686 39631 39631 39631 39630 39631 39631 
39631 39630 39631 39631 39631 39631 39631 39628 

39631 33686 39631 39631 39631 39630 34811 39631 
39631 39630 39631 39631 40081 39631 39631 39628 

36661 33686 39631 39631 39631 39630 34811 39631 
39631 39630 39631 39631 41901 39631 39631 39628 

36661 33686 35560 39631 39631 39630 34811 39631 
39631 39630 39631 39631 42061 39631 39631 39628 

36661 33686 35560 39631 34833 39630 34811 39631 
39631 39630 39631 39631 42231 39631 39631 39628 

36661 33686 35560 34958 34833 39630 34811 39631 
39631 39630 39631 39631 42368 39631 39631 39628 

36661 33686 35560 34958 34833 34223 34811 42401 
39631 39777 39631 39888 42084 39631 39969 39628 

36661 33686 35560 34958 34833 34223 34811 42401 
39631 39777 39631 39888 42084 39631 39969 39628 

38438 38412 38354 38441 38444 32674 38100 38438 
38442 38405 38415 38396 38402 38412 38444 38437 

39212 38412 38354 38441 34056 32674 38417 38438 
38442 38930 38415 38396 38651 38412 40672 38437 

33589 38412 38354 38441 35489 32674 38417 38438 
38442 38930 38415 38396 38651 38412 39859 38437 

33589 38412 38354 32674 36824 32674 38417 38438 
38442 38930 38415 38396 38651 38412 39854 38437 

33589 38412 38354 32674 36824 32674 38417 38438 
38442 38930 38415 38396 38651 38412 39854 38437 

34428 38412 38354 32674 37755 32674 38417 33734 
38442 38930 38415 38396 38651 38412 39259 38437 

34428 38412 38354 32674 32991 32674 38417 33734 
38442 38930 38415 38396 38651 38412 39933 38437 

34428 38412 38354 32674 33881 32674 32833 33734 
38442 39074 38415 38396 38651 38412 38891 38437 

34428 48469 38529 32674 33881 34924 32833 33734 
38442 55937 41292 38396 38651 39785 41994 38437 

34428 43801 40336 35542 36488 34924 32833 38664 
40383 50028 41292 37718 41623 39785 41994 44049 

36107 40859 40336 37276 36488 34924 34986 38664 
40383 48244 41292 37718 41623 40967 42882 44049 

36107 41675 40336 37276 36488 34924 34986 38664 
40383 46606 41292 37718 41623 40967 42882 44049 

40405 40408 34347 40235 39985 39650 39385 40003 
40315 40344 40339 40093 40394 40325 40348 40346 

40579 40597 38638 40537 40680 34973 40228 40125 
40682 41180 40302 40454 40198 40359 40257 40537 

40579 40597 38638 40537 36229 34973 40228 40125 
40682 43228 40302 40454 40198 40359 40257 40537 

40943 48398 38638 42037 36229 38426 43226 40125 
40682 57004 40302 42743 40198 42323 41567 44073 

40943 44487 38638 42333 36229 38426 43226 40125 
42308 53134 40302 42743 40198 42323 41567 45253 

40943 47102 38638 43454 36229 38426 43226 40125 
43753 54956 40302 42743 40198 42323 41567 45253 

44226 44175 44210 44154 44219 44211 44177 37664 
44188 44268 44308 44196 44154 44154 44154 44179 

51078 50842 50217 50226 43440 51036 50703 50029 
50759 51144 51108 50672 50765 49131 51061 50801 

43916 50842 50217 50226 43440 51036 50703 50029 
50759 51434 51108 50672 50765 49131 51061 50801 

43916 50842 50217 50226 43440 44130 50703 50029 
50759 51674 51108 50672 50765 49131 51061 50801 

43916 43965 50217 50226 43440 44130 50703 50029 
50759 51999 51108 50672 50765 49131 51061 50801 

43916 43965 50217 50226 43440 44130 43597 50029 
50759 52404 51108 50672 50765 49131 51061 50801 

43916 43965 50217 43692 43440 44130 43597 50029 
50759 52677 51108 50672 50765 49131 51061 50801 

43916 43965 43809 43692 43440 44130 43597 50029 
50759 52758 51108 50672 50765 49131 51061 50801 

43916 43965 43809 44991 43440 44130 43597 45579 
50759 53517 51108 50672 50765 49131 51061 50801 

43916 43965 43809 44991 43440 44130 43597 39742 
50759 52926 51108 50672 50765 49131 51061 50801 

43916 43965 43809 45299 43440 44130 43597 39742 
50759 54113 51108 50672 50765 49131 51061 50801 

47862 47813 47794 47862 47860 40684 47824 47839 
47864 47864 47860 47828 47860 47858 47835 47861 

47862 47813 47794 41765 47860 40684 47824 47839 
47864 48880 47860 47828 47860 47858 47835 47861 

41008 47813 47794 41765 47860 40684 47824 47839 
47864 48795 47860 47828 47860 47858 47835 47861 

41008 47813 47794 41765 47860 40684 47824 41562 
47864 49252 47860 47828 47860 47858 47835 47861 

47767 49942 47501 49848 50167 42326 50055 47445 
50580 51465 49364 50259 49393 50054 49960 54558 

47767 49942 47501 49848 42641 42326 50055 47445 
50580 51465 49364 50259 49393 50054 49960 53899 

47767 49942 47501 49848 42641 42326 43763 47445 
50580 51465 49364 50259 49393 50054 49960 52530 

47767 43024 47501 49848 42641 42326 43763 47445 
50580 51465 49364 50259 49393 50054 49960 52168 

47767 44290 40375 51052 42641 42326 43763 47445 
50580 50810 49364 50259 49393 50054 49960 51051 

47767 44290 40375 44519 42641 42326 43763 47445 
50580 50810 49364 50259 49393 50054 49960 51501 

41685 46826 41857 48057 46417 45034 47091 47907 
48874 48972 48715 48722 48791 48767 48667 49050 

41685 46826 41857 41785 46417 45034 47091 47907 
48874 48972 48715 48722 48791 48767 48667 49651 

41685 46826 41857 41785 46417 45768 47091 42497 
48874 48972 48715 48722 48791 48767 48667 50114 

41685 46826 41857 41785 46417 45768 41152 42497 
48874 48972 48715 48722 48791 48767 48667 50110 

43679 41651 44384 41785 46773 45768 42290 44914 
48868 48370 48170 48069 48191 48117 48371 48102 

43679 41651 44384 41785 39757 45768 42290 44914 
48553 48370 48170 48069 48191 48117 48371 48102 

43679 41651 44384 41785 39757 39746 42290 44914 
49485 48370 48170 48069 48191 48117 48371 48102 

43679 41651 44384 41785 39757 39746 42290 39767 
48869 48370 47962 48069 48191 48117 48371 48102 

43679 41651 40139 41785 39757 39746 42290 39767 
48227 48370 48032 48069 48191 48117 48198 48102 

38703 41651 40139 41785 39757 39746 42290 39767 
48227 48090 48032 48069 48191 48117 48198 48102 

38703 41651 40139 41785 39757 39746 42290 39767 
48227 48090 48032 48069 48191 48117 48198 48102 

41172 41651 42992 43131 43695 40750 39877 41936 
46426 46294 46051 47117 45402 46169 45439 46119 

41172 42367 42992 43131 46193 34637 39877 41936 
45574 46294 46051 46073 45402 46169 45439 46119 

41172 42367 42992 43832 40424 36852 40914 42823 
45574 46182 46350 46285 45827 47634 45439 46119 

44478 44497 44497 44470 37824 44497 44498 44497 
44482 44499 44496 44499 44499 44485 44491 44483 

44478 44497 44497 44470 37824 44497 37823 44497 
44482 44499 44496 44499 44498 44485 44491 44483 

44478 44497 45168 44470 37824 44497 37823 44497 
44482 44499 44496 52402 45734 44485 44491 46002 

44478 44497 38892 44470 37824 44497 37823 44497 
44482 44499 44496 51616 45734 44485 44491 46002 

44478 44497 38892 44470 37824 44497 37823 44497 
44482 44499 44496 51616 45734 44485 44491 46002 

44478 44497 38892 44470 37824 40056 37823 44497 
44482 44499 44496 51223 45734 44485 44491 46002 

44478 44497 38892 44470 37824 40056 37823 40252 
44482 44499 44496 48521 45821 44485 44491 46002 

44478 39413 38892 44470 37824 40056 37823 40252 
44482 44499 44496 48437 45903 44485 44491 46002 

39989 39413 39791 44470 37824 40056 37823 40252 
44482 44499 45134 46791 46481 45466 44491 46117 

39989 39413 39791 44470 37824 40056 32470 40252 
44482 44499 45134 47245 46481 45466 44491 46117 

44895 43660 44966 38692 44836 42764 44085 43717 
45380 45293 45436 45213 45281 45296 45211 45310 

44895 43660 38521 38692 44836 42764 44085 43717 
45380 45293 45665 45213 45281 45296 45211 45310 

37899 44004 41600 42206 44570 43276 44361 44297 
44504 44500 44290 44279 44441 44389 44583 44091 

37899 44004 41600 42206 38476 43276 44361 44297 
44504 44500 44290 44279 45268 44389 45473 44091 

39036 44773 41600 42206 38476 43745 39136 44572 
44729 44500 44290 44279 45647 44670 44917 44091 

39036 39557 41600 42206 38476 43745 39136 44572 
44729 44500 44290 44279 45815 44670 44917 44091 

39036 40332 41600 42206 40284 43745 39136 44949 
44920 43741 44290 44423 44362 44670 44246 44091 

39036 40332 41600 42206 40284 43745 39136 38248 
45674 43741 44290 44423 44362 44670 44246 44091 

40554 40332 41600 42549 40896 37968 39136 39174 
44089 43741 44290 43802 43909 43770 44562 44206 

40554 40332 41600 36916 40896 37968 39136 39174 
44089 43741 44290 43802 43909 43770 44710 44206 

42792 40332 38677 38972 41420 37968 39136 41470 
44089 43741 43947 44191 45530 43937 44089 44232 

36602 42685 41411 42093 43046 42105 40953 42937 
43060 42934 42971 42957 42959 43016 42976 43034 

36602 42685 41411 42093 38436 42105 40953 42937 
44660 42934 42971 42957 42959 43016 42976 43034 

36602 42685 41411 42093 38436 42105 40953 38148 
46724 42934 42971 42957 42959 43016 42976 43034 

36602 37282 41411 42093 38436 42105 40953 38148 
46718 42934 42971 42957 42959 43016 42976 43034 

36602 37282 41411 42093 38436 37289 40953 38148 
46326 42934 42971 42957 42959 43016 42976 43034 

38406 38144 41867 36645 39799 37289 41642 38885 
42525 42967 42971 42201 42977 42251 42906 43057 

41950 41295 36632 42190 42868 41646 43094 41623 
42913 42796 43049 42284 43021 42897 43074 42927 

41950 41295 36632 42190 42868 41646 37754 41623 
42913 42796 43049 42284 43021 42897 43527 42927 

42309 42308 35963 42308 42307 42302 42298 42306 
42309 42309 42309 42308 42310 42274 42301 42310 

36712 42308 35963 42308 42307 42302 42298 42306 
42309 42309 42309 42308 43359 42274 42301 42310 

32142 43532 35963 42308 42307 42302 42298 42306 
42309 42309 42309 42308 43487 42274 42301 42310 

34422 38960 35963 42308 42307 42302 42298 42306 
42309 42309 42309 42308 42904 42274 42301 42310 

34422 39644 35963 43170 42307 42302 42298 36210 
42309 42309 42309 42308 43409 42274 42301 42310 

34422 41031 35963 37583 42307 42302 42298 36210 
42309 42309 42309 42308 44546 42274 42301 42310 

34422 41479 35963 37583 40920 42534 42298 37186 
42309 42591 42548 42308 47833 42274 42301 42310 

34422 41479 35963 37583 40920 42534 42298 37186 
42309 42591 42548 42308 47833 42274 42301 42310 

40921 41289 41147 41216 41367 41368 41299 35648 
41279 41385 41270 41351 41629 41415 41847 41439 

40921 41289 41147 41216 41367 36793 41299 35648 
41279 41385 41270 41641 41629 41673 43751 41439 

40921 41289 41147 41216 36262 36793 41299 35648 
41279 41385 41270 41641 41629 41673 43192 41439 

40921 41289 41147 41216 36262 36793 36080 35648 
41279 41385 41270 41641 41629 41673 43731 41439 

40921 41289 41147 41216 36262 36793 36080 35648 
41279 41385 41270 41641 41629 41673 43731 41439 

40921 36948 41147 41216 37254 36793 36080 35648 
41279 41385 41270 41641 41629 41673 42969 41439 

40921 36948 41147 35933 37254 36793 36080 35648 
41279 41385 41270 41641 41629 41673 43606 41439 

40921 36948 35689 35933 37254 36793 36080 35648 
41279 41385 41270 41641 41629 41673 43289 41439 

35767 36948 36586 35933 38632 36793 36080 35648 
41279 41385 41783 41641 42155 41640 41306 41439 

36670 37562 38183 35933 38395 38126 37159 35648 
41653 41385 41848 41878 42301 41637 44326 41425 

38183 38175 38183 37578 36690 38645 37159 35648 
41556 41533 41371 41302 43402 41560 41426 41686 

38183 38175 38183 37578 36690 39703 37159 35648 
41556 41533 41371 41302 45688 41560 41426 41686 

40479 40444 40467 39592 39670 34423 40407 39604 
40449 40389 40346 40385 40464 40485 40492 40498 

36470 40566 40883 41021 40243 37630 41075 40105 
42746 40389 40915 40519 40551 41029 39882 41215 

36470 40566 40883 41021 40797 37630 36242 40105 
44386 40389 40915 40519 40551 41029 39882 41215 

37446 40566 41441 37508 41448 37630 38480 40622 
43728 42642 41925 40519 40551 41897 39882 41931 

37446 40566 41441 37508 39033 38444 38480 40622 
45252 42799 42212 40519 40551 41897 40895 41931 

37446 40566 37221 37508 39033 38444 38480 40622 
46458 42799 42212 40519 40551 41897 40895 41931 

41186 41186 41186 35008 41186 41186 41186 41186 
41186 41186 41186 41186 41186 41186 41186 41186 

45773 46033 45498 39189 46034 45783 45840 45567 
46046 46107 46067 46004 46094 45403 45717 46054 

45773 46033 45498 39189 39691 45783 45840 45567 
46046 46546 46067 46004 46094 45403 45717 46054 

45773 39214 45498 39189 39691 45783 45840 45567 
46046 46919 46067 46004 46094 45403 45717 46054 

45773 39214 45498 39189 39691 45783 39714 45567 
46046 47207 46067 46004 46094 45403 45717 46054 

45773 39214 45498 39189 39691 39290 39714 45567 
46046 47443 46067 46004 46094 45403 45717 46054 

40032 39214 45498 39189 39691 39290 39714 45567 
46046 47642 46067 46004 46094 45403 45717 46054 

40032 39214 45498 39189 39691 39290 39714 39856 
46046 47780 46067 46004 46094 45403 45717 46054 

41006 39214 39695 39189 39691 40206 40885 39856 
46046 45804 45738 46004 46355 45631 45717 46054 

41006 39214 39695 39189 39691 35300 40885 39856 
46046 45804 45738 46004 45882 45631 45717 46054 

41006 39214 39695 39189 39691 30326 40885 39856 
46046 45804 45738 46004 45882 45631 45717 44890 

36520 42879 42824 42824 42870 42950 42824 42882 
42909 42863 42941 42887 42887 42940 42964 42849 

36520 42879 42824 42824 42870 37198 42824 42882 
42909 42863 42941 42887 42887 42940 43621 42849 

36520 42879 42824 42824 42870 37198 42824 36814 
42909 42863 42941 42887 42887 42940 43768 42849 

36520 37170 42824 42824 42870 37198 42824 36814 
42909 42863 42941 42887 42887 42940 44286 42849 

43190 43112 43346 43388 38382 43376 43465 42891 
43325 43311 43391 43443 43241 43463 44179 43318 

43190 43112 43346 43388 38382 43376 36945 42891 
43325 43311 43391 43443 43241 43463 44071 43318 

43190 43112 43346 37307 38382 43376 36945 42891 
43325 43311 43391 43443 43241 43463 43947 43318 

43190 43112 43346 37307 38382 37224 36945 42891 
43325 43311 43391 43443 43241 43463 44106 43318 

43190 43112 38262 37307 38382 37224 36945 42891 
43325 43311 43391 43443 43241 43463 45543 43318 

37836 43112 38262 37307 38382 37224 36945 42891 
43325 43311 43391 43443 43241 43463 45640 43318 

41180 43108 40518 33722 39873 41137 40098 42891 
42944 42661 42959 42907 42594 42633 42793 42709 

41180 39018 40518 33722 39873 41137 40098 42891 
42944 42661 44092 42907 42594 42633 42793 42709 

41180 39018 40518 33722 42042 41137 40098 41868 
42944 42661 47221 42907 42594 42633 42793 42709 

41180 39018 40518 33722 36673 41137 40098 41868 
42944 42661 47194 42907 42594 42633 42793 42709 

41180 39018 40518 35172 37903 42000 40646 37072 
43646 42452 43646 42907 42777 42793 42793 42968 

41180 39018 40518 35172 37903 35700 40646 37072 
43399 42452 43646 42907 42777 42793 42793 42968 

35836 39018 40518 35172 37903 35700 40646 37072 
43399 42452 44776 42907 42777 42793 42793 42968 

35836 39018 40518 35172 38815 35700 35679 37072 
43399 42452 43388 42907 42777 42793 42793 42968 

35836 39018 35466 35172 39500 35700 35679 37072 
42854 42452 43138 42907 42777 42793 42793 42968 

35836 39018 35466 35172 35803 35700 35679 37072 
42854 42452 43138 42907 42777 42793 42793 42968 

35836 39018 35466 35172 35803 35700 35679 37072 
42854 42452 43138 42907 42777 42793 42793 42968 

39354 35223 37217 37023 36868 38667 37444 38321 
41046 41048 41435 41235 41240 40747 40830 41254 

34619 35223 37217 37023 36868 39039 38013 38321 
41046 41048 41122 40849 41086 40747 40830 40731 

36933 36102 38394 37652 36868 36010 39098 38321 
41046 42261 40727 40849 41251 40747 40953 40731 

33960 39937 39842 39945 39879 39921 39893 39948 
39827 39878 39845 39947 39924 39953 39937 39945 

33960 39937 39842 39945 39879 39921 39893 33955 
39827 39878 39845 39947 39924 39952 39937 39945 

33960 39937 39842 40457 41328 40909 39893 33955 
39827 39878 39845 39947 39924 47462 39937 39945 

33960 39937 39842 40457 36253 40909 39893 33955 
39827 39878 39845 39947 39924 46991 39937 39945 

33960 39937 39842 40457 36253 40909 39893 33955 
39827 39878 39845 39947 39924 46991 39937 39945 

33960 39937 39842 40457 36253 37094 39893 33955 
39827 39878 39845 39947 39924 47156 39937 39945 

33960 39937 39842 36846 36253 38158 39893 33955 
39827 39878 39845 39947 39924 43828 39937 39945 

33960 37234 39842 36846 36253 39017 39893 33955 
39827 39878 39845 39947 39924 43853 39937 39945 

33960 38059 39842 36846 37211 40037 36531 33955 
40284 39878 39845 40175 40240 42861 39937 40828 

33960 38059 39842 36846 37211 34352 36531 33955 
40284 39878 39845 40175 40240 44237 39937 40828 

41879 45834 45678 43485 45591 39051 42079 43634 
44742 44200 45508 42314 45262 45660 45944 45600 

41879 46248 45678 43485 45591 33568 42079 43634 
44742 44200 45508 42314 45262 45660 45833 45600 

43204 44452 37723 44454 44408 39815 43780 44454 
43668 44438 44321 43788 44021 44357 44290 43619 

43204 44452 37723 40697 44408 39815 43780 45078 
43668 47804 44321 43788 44021 44357 44290 43619 

43204 46641 40152 40697 44408 39815 43780 43825 
43668 51411 44321 43788 44356 45376 44290 43619 

43204 40394 40152 40697 44408 39815 43780 43825 
43668 51145 44321 43788 44356 45376 44290 43619 

44216 42663 40152 42166 51275 41380 43780 45019 
43668 49952 44321 44479 46276 45252 44290 43619 

44216 42663 40152 42166 44747 41380 43780 45019 
43668 51668 44321 44479 46276 45252 44290 43619 

44216 42663 40152 43087 44747 42337 43780 40160 
44665 47612 44321 44479 45697 45840 44290 43619 

44216 42663 40152 43087 38784 42337 43780 40160 
44665 47632 44321 44479 45697 45840 44290 43619 

45834 43381 40152 37227 39731 42813 43780 41739 
44923 45402 44321 44479 44623 45054 44290 43619 

43857 37279 43581 42948 43656 43857 43857 43799 
43731 43826 43819 43785 43815 43678 43855 43806 

43857 37279 43581 42948 43656 38946 43857 43799 
43731 43826 43819 44460 44115 43678 44660 43806 

40027 37279 43581 42948 43656 38946 43857 43799 
43731 43826 43819 45099 44942 43678 46178 43806 

40027 37279 43581 42948 43656 38946 38028 43799 
43731 43826 43819 45099 44942 43678 46279 43806 

40027 37279 43581 42948 43656 38946 38028 38729 
43731 43826 43819 45099 44942 43678 46207 43806 

41365 37279 44087 43202 38072 38946 38028 39660 
43731 44056 43819 44304 44549 43678 44811 44180 

43431 41474 37295 43889 41614 40419 43424 42270 
43780 43677 43483 43884 43741 43697 43608 43518 

43431 41474 37295 38305 41614 40419 43424 42270 
43780 43677 43483 44484 43741 43697 43608 43518 

43240 43240 36754 43240 43240 43240 43240 43240 
43240 43240 43240 43240 43240 43240 43240 43240 

43240 43240 36754 37654 43240 43240 43240 43240 
43240 43240 43240 44140 43240 43240 43240 43240 

43240 43240 36754 37654 39640 43240 43240 43240 
43240 43240 43240 45881 43240 43240 43240 43240 

43240 43240 36754 37654 39640 43240 40077 43240 
43240 43240 43240 46211 43240 43240 43240 43240 

43240 43240 38504 37654 39640 38680 40077 43240 
43240 43240 43240 45618 43240 43240 43240 43240 

43240 43240 39580 37654 39640 38680 40077 39989 
43240 43240 43240 46099 43240 43240 43240 43240 

43737 40213 39580 37654 39640 38680 40728 41529 
43240 43240 43240 46780 43240 43240 43807 43240 

43737 40213 39580 37654 39640 38680 40728 41529 
43240 43240 43240 46780 43240 43240 43807 43240 

42436 42395 42423 42350 36100 42310 42439 42363 
42466 42362 42469 42264 42211 42471 42370 42471 

42436 42690 42423 42350 36100 36586 42713 42363 
42466 42442 42469 42264 42211 43388 42370 42471 

42436 42690 42423 42350 36100 38236 36955 42363 
42466 42597 42469 42264 42211 43785 42370 42471 

42436 44907 42423 42350 36100 32500 36955 42363 
42466 42597 42469 42264 42211 43985 42370 42471 

42436 44907 42423 42350 36100 32500 36955 42363 
42466 42597 42469 42264 42211 43985 42370 42471 

42436 38607 42423 42350 36100 34209 36955 42363 
42466 43043 42469 42264 42211 44680 42370 42471 

36970 38607 42423 42350 36100 34209 36955 42363 
42466 43043 42469 42264 42211 45243 42370 42471 

36970 38607 36695 42350 36100 34209 36955 42363 
42466 43043 42469 42264 42211 44955 42370 42471 

36970 40831 36695 42350 36100 35962 40441 45068 
43836 44329 42469 42264 43326 53538 43610 42471 

36970 37278 36695 47440 36100 35962 42422 53466 
45012 45621 43710 43510 43326 52224 43610 42471 

39293 37278 36695 48185 36100 38459 42422 47083 
46054 46797 43710 46486 44910 53810 43610 43927 

39293 37278 36695 49354 36100 38459 42422 47083 
46054 46797 43710 46486 44910 55966 43610 43927 

44071 43233 43817 44889 42497 44177 38155 44857 
44885 44721 44810 44766 44659 44574 44827 44486 

44411 44703 44433 45049 44841 44387 40085 38298 
45048 44517 44982 45016 44949 44697 44982 43806 

44411 39426 44433 45049 44841 44387 41697 38298 
47022 44517 44982 45016 44949 44697 44982 43806 

44411 42162 44433 40161 44841 44387 42383 38298 
46658 44517 44982 45222 44949 44697 45306 43806 

44411 42162 44433 40161 43958 44387 42383 38298 
50422 44517 44982 45676 44949 44697 45306 43806 

44411 42162 44853 40161 43958 44387 42383 38298 
52800 44517 44982 45676 44949 44697 45306 43806 

45405 45406 45399 38595 45405 45404 45404 45390 
45394 45405 45405 45404 45405 45406 45404 45405 

49949 50519 49929 46752 48680 50208 42992 49696 
50025 49971 50641 50143 50551 50126 50539 50314 

49949 43441 49929 46752 48680 50208 42992 49696 
50025 49971 50922 50143 50551 50126 50539 50314 

49949 43441 49929 46752 48680 42755 42992 49696 
50025 49971 51114 50143 50551 50126 50539 50314 

42456 43441 49929 46752 48680 42755 42992 49696 
50025 49971 50939 50143 50551 50126 50539 50314 

42456 43441 42939 46752 48680 42755 42992 49696 
50025 49971 51387 50143 50551 50126 50539 50314 

42456 43441 42939 46752 48680 42755 42992 43366 
50025 49971 51583 50143 50551 50126 50539 50314 

42456 43441 42939 46752 42503 42755 42992 43366 
50025 49971 51597 50143 50551 50126 50539 50314 

42456 43441 42939 43262 42503 42755 42992 43366 
50025 49971 50901 50413 50551 50126 50539 50314 

42456 38049 42939 43262 42503 42755 42992 43366 
50025 49971 50232 50413 50551 50126 50539 50314 

42456 38049 42939 43262 42503 42755 42992 37311 
50025 49971 50232 50413 50373 50126 50539 50314 

46320 46265 46282 46282 39553 46271 46324 46400 
46338 46369 46533 46282 46280 46351 46389 46322 

46320 46265 46282 46282 39553 40515 46324 46981 
46338 46479 47569 46704 46280 46351 46389 46322 

46320 46265 46282 46282 39553 41443 46324 40126 
46338 46479 46690 46779 46280 46351 46389 46322 

46320 46265 46282 46282 39553 41443 40168 40126 
46338 46479 46690 47717 46280 46351 46389 46322 

47159 46912 47484 47092 46396 52563 47045 40684 
46298 46864 47192 48219 46916 46830 47711 51701 

47159 46912 47484 47092 46396 44678 47045 40684 
46298 46864 47192 48219 46916 46830 47711 51830 

47159 46912 49332 40153 46396 44678 47045 40684 
46298 46864 47192 48219 46916 46830 47711 49570 

47159 46912 41872 40153 46396 44678 47045 40684 
46298 47223 47192 48219 46916 46830 47711 49834 

40903 46912 43479 40153 46396 44678 47045 40684 
46298 47020 47192 48219 46916 46830 47711 49037 

40903 46912 43479 40153 46396 44678 40988 40684 
46298 47020 47192 48219 46916 46830 47711 49338 

45365 48090 46291 42950 40991 47031 44400 42807 
48222 47561 47866 48104 47356 47026 47712 48106 

45365 43283 46291 42950 40991 47031 44400 42807 
49282 47561 47866 48104 47356 47026 47712 48106 

45365 43283 46291 42950 40991 41644 44400 42807 
49661 47561 47866 48104 47356 47026 47712 48106 

45365 43283 40097 42950 40991 41644 44400 42807 
49905 47561 47866 48104 47356 47026 47712 48106 

40732 44029 41211 44881 42008 43592 44400 43581 
47559 47747 47969 47709 46499 47653 47774 47731 

40732 44029 41211 38148 42008 43592 44400 43581 
47559 47747 47505 47709 46499 47653 47774 47731 

40732 44029 41211 38148 42008 43592 38565 43581 
47559 47747 47505 47709 46499 47653 48917 47731 

40732 39119 41211 38148 42008 43592 38565 43581 
47559 47747 47505 47296 46499 47653 48177 47731 

40732 39119 41211 38148 42008 38780 38565 43581 
47559 47428 47505 46913 46499 47653 47663 47731 

40732 39119 41211 38148 42008 38780 38565 39433 
47559 47428 47505 47025 46499 47653 47663 47810 

40732 39119 41211 38148 42008 38780 38565 39433 
47559 47428 47505 47025 46499 47653 47663 47810 

43317 41740 42434 40432 38737 41027 42674 41865 
44951 45340 45080 45219 45068 44998 44954 44833 

37250 41740 42434 40432 38737 41027 42674 41865 
44951 45036 44891 44976 45068 44998 44954 44833 

37250 42268 42434 41116 38737 41027 38706 41865 
44867 44737 45355 45005 45480 44872 44875 44833 

43418 36918 43430 43431 43417 43433 43431 43427 
43418 43434 43432 43432 43430 43434 43432 43431 

43418 36918 43430 43431 43417 36918 43431 43427 
43418 43433 43432 43432 43430 43434 43432 43431 

43418 41064 43430 53370 43417 36918 46275 43427 
43418 60738 46848 43432 43430 45680 43432 43431 

43418 41064 43430 48279 43417 36918 46275 43427 
43418 60263 46848 43432 43430 45680 43432 43431 

43418 41064 43430 48279 43417 36918 46275 43427 
43418 60263 46848 43432 43430 45680 43432 43431 

43418 41064 43430 43998 43417 36918 46275 43427 
43418 58903 46848 43432 43430 45680 43432 43431 

43418 41064 43430 43998 43417 36918 42293 43427 
43418 53831 46848 44380 43430 45680 43432 43431 

43418 41064 43430 40809 43417 36918 42293 43427 
43418 51419 46848 44380 43430 45680 43432 43431 

43418 41064 42230 42006 44208 38884 42293 44190 
43418 49606 47064 43692 44135 44949 43432 44329 

43418 41064 42230 42006 38032 38884 42293 44190 
43418 51346 47064 43692 44135 44949 43432 44329 

45557 43112 45546 45240 44725 44416 39710 45917 
44899 45170 45503 44881 45472 46757 44934 45124 

45557 43916 48534 47799 47559 47048 42529 50505 
44899 47033 45503 44881 48109 56258 47961 45567 

46333 46342 40752 47907 47874 47622 44880 47864 
45474 47855 45861 46232 47884 47840 47962 46944 

46333 46342 40752 49586 40692 47622 44880 47864 
45474 47855 47217 46232 47884 47840 49645 46944 

46333 46342 40752 51480 41730 47622 38148 47864 
47153 47855 48022 46232 48224 48271 50489 48052 

46333 46342 40752 44883 41730 47622 38148 47864 
47153 47855 48022 46232 48224 48271 51087 48052 

46333 46342 40752 44883 42720 47622 39675 48712 
47153 47990 48022 46492 48457 48271 47245 48052 

46333 46342 40752 44883 42720 47622 39675 41438 
47153 47990 48022 46492 49095 48271 47245 48052 

46626 39390 40752 44883 42720 48558 40964 42430 
47393 48089 48022 46492 47478 47246 47245 48154 

46626 39390 40752 44883 42720 42675 40964 42430 
47393 48089 48022 46492 47478 47246 47245 49063 

41318 41647 40752 44883 42720 42675 42032 43268 
47496 47374 47391 46492 47721 47445 47245 47323 

42147 44015 45097 39673 43929 44833 44428 46042 
46486 46674 46445 46551 46228 46439 46493 46045 

42147 44015 45097 39673 44340 44833 44428 39844 
46486 46733 46445 46551 46228 46439 46493 46364 

42147 44015 40068 39673 44707 44833 44428 39844 
46486 47689 46445 46551 46228 46439 46493 46672 

42147 44015 40068 39673 44707 38858 44428 39844 
46486 47689 46445 46551 46228 46439 46493 46846 

42147 44015 40068 39673 44707 38858 44428 39844 
46486 47689 46445 46551 46228 46439 46493 46846 

42147 44396 41041 39673 39509 40987 44428 39844 
45450 44838 46445 46482 46375 46439 46482 46399 

43728 44981 45285 41377 43637 43176 38846 43522 
45298 45304 45578 45431 45400 45443 45700 45513 

43728 44981 39492 41377 43637 43176 38846 43522 
45298 45304 45578 45431 45400 45443 46237 45513 

44703 44655 44729 38023 44731 44698 44729 44656 
44724 44732 44694 44729 44728 44712 44702 44723 

44703 44655 44729 38023 38921 44698 44729 44656 
44724 45631 44694 44729 44728 44712 44702 44723 

44703 44655 41125 38023 38921 44698 44729 44656 
44724 47164 44694 44729 44728 44712 44702 44723 

44703 44655 41125 38023 38921 44698 39924 44656 
44724 47268 44694 44729 44728 44712 44702 44723 

38605 44655 41836 38023 38921 44698 39924 44656 
44724 46845 44694 44729 44728 45010 44702 44723 

38605 44655 43249 38023 38921 38691 39924 44656 
44724 46645 44694 44729 44728 45563 44702 44723 

38605 45086 43596 39261 41687 40503 40707 41534 
44724 44884 44426 46162 44728 46750 44702 44218 

38605 39823 43596 39261 41687 40503 40707 41534 
44724 44884 44426 46162 44728 46800 44702 44218 

43400 43107 36906 43061 43348 43382 43345 43355 
43350 43380 43360 43427 43344 43359 43262 43397 

44482 43107 36906 43061 36845 43382 43519 43355 
43350 43380 43360 44539 43344 43359 43262 43525 

39225 43107 36906 43061 36845 43382 43519 43355 
43350 43380 43360 45364 43344 43359 43262 43525 

39225 43107 36906 43061 36845 43382 38080 43355 
43350 43380 43360 46191 43344 43359 43262 43525 

39225 43107 36906 43061 36845 43382 38080 43355 
43350 43380 43360 46191 43344 43359 43262 43525 

39225 43107 36906 43061 36845 39189 39670 43355 
43350 43380 43360 46179 43344 43359 43262 43909 

39225 43107 36906 43061 36845 39189 39670 37789 
43350 43380 43360 46505 43344 43359 43262 43909 

39225 36814 38421 43061 36845 39189 39670 37789 
43350 43380 43360 45847 43344 42691 43262 43909 

40926 40855 39573 45041 36845 41933 40598 37789 
43350 44534 43360 52578 44845 43745 43262 43909 

40926 42443 41898 43352 41828 41933 43100 37789 
44163 45332 43360 50391 45863 46462 43964 43909 

40926 42443 41898 42289 41828 41933 43100 37789 
44163 45506 43360 49095 46017 46777 43964 43909 

40926 42443 41898 42289 41828 41933 44316 37789 
44163 45506 43360 51195 46017 46777 43964 43909 

43273 43343 43997 37408 42707 43299 43986 43350 
44009 43920 43900 43912 43927 43922 43909 43868 

43761 43886 37778 41567 43894 43725 44110 43936 
44155 44003 44006 44378 44147 43978 43999 44149 

43761 43886 37778 41567 43894 43725 38574 43936 
44155 44003 44852 46186 44147 43978 43999 44149 

43761 47371 42026 41567 47055 44395 39780 46846 
46729 45633 48276 56282 44309 46552 48609 44149 

43761 50777 42026 41567 47055 44395 39780 46846 
47345 48067 50162 59763 44309 46552 48609 45235 

43761 43077 42026 41567 47055 44395 39780 46846 
47845 48067 50162 60665 44309 46552 48609 45235 

40273 47381 47381 47381 47381 47381 47380 47381 
47381 47381 47381 47381 47380 47381 47381 47381 

51001 51472 51459 51194 51086 43800 51468 51392 
51503 50477 51019 50522 51457 51461 51069 51454 

51001 44501 51459 51194 51086 43800 51468 51392 
51948 50477 51019 50522 51457 51461 51069 51454 

51001 44501 51459 51194 51086 43800 43836 51392 
52176 50477 51019 50522 51457 51461 51069 51454 

51001 44501 45240 51194 51086 43800 43836 51392 
52368 50477 51019 50522 51457 51461 51069 51454 

51001 44501 45240 51194 51086 43800 43836 43903 
52971 50477 51019 50522 51457 51461 51069 51454 

51001 44501 45240 44514 51086 43800 43836 43903 
53304 50477 51019 50522 51457 51461 51069 51454 

51001 44501 45240 44514 44548 43800 43836 43903 
53421 50477 51019 50522 51457 51461 51069 51454 

48289 44501 45240 44514 44548 43800 43836 43903 
56831 50477 51019 50522 51457 51461 51725 51454 

42170 44501 45240 44514 44548 43800 43836 43903 
55999 50477 51019 50522 51457 51461 51725 51454 

42170 44501 38989 44514 44548 43800 43836 43903 
55135 50477 51019 50522 51457 51461 51725 51454 

47977 47978 47977 47978 47978 47978 47978 40781 
47978 47978 47978 47978 47977 47977 47977 47978 

47977 43294 47977 47978 47978 47978 47978 40781 
47978 49964 47978 47978 47977 47977 47977 47978 

47977 43294 47977 47978 47978 41341 47978 40781 
47978 49572 47978 47978 47977 47977 47977 47978 

47977 37584 47977 47978 47978 41341 48961 40781 
47978 48662 47978 47978 47977 47977 47977 47978 

48304 47672 48381 49022 43905 48613 48347 48580 
47967 50150 49074 48665 47936 48913 48760 48562 

48304 47672 48381 49022 43905 48613 48347 48580 
47967 50150 49074 48665 47936 48913 48760 48562 

48304 40771 48381 49829 43905 48613 48347 48580 
47967 49820 49074 48665 47936 48913 48760 48562 

48304 40771 48381 42710 43905 48613 48347 48580 
47967 50140 49074 48665 47936 48913 48760 48562 

48304 40771 48381 42710 43905 42494 48347 48580 
47967 50521 49074 48847 47936 48913 48760 48562 

48304 40771 48381 42710 43905 42494 48347 42293 
47967 50829 49074 48847 47936 48913 48760 48562 

48304 44997 49243 45635 47806 44618 41888 44995 
48989 48919 48675 48931 48441 49282 49075 48809 

48304 44997 42794 45635 47806 44618 41888 44995 
48989 48919 48675 48931 48441 50026 49075 48809 

42477 44997 42794 45635 47806 44618 41888 44995 
48989 48919 48675 48931 48441 50317 49075 48809 

42477 44997 42794 45635 41385 44618 41888 44995 
48989 48919 48675 48931 48441 50390 49075 48809 

42477 46664 44529 41066 42503 45170 44533 45992 
48332 48242 47556 47297 48186 47590 48192 47883 

42477 39664 44529 41066 42503 45170 44533 45992 
48081 48242 47556 47297 48186 47590 48192 47883 

42477 39664 44529 41066 42503 45170 44533 41214 
48081 49308 47556 47297 48186 47590 48192 47883 

36105 39664 44529 41066 42503 47008 44533 41214 
48081 47794 47556 47297 48186 47590 48192 47883 

38417 39664 44529 41066 42503 41042 44533 41214 
48081 47794 47556 47297 48200 47590 47201 47883 

38417 39664 44529 41066 42503 41042 40611 41214 
48070 47794 47556 47297 47987 47590 47201 47883 

38417 39664 44529 41066 42503 41042 40611 41214 
48070 47794 47556 47297 47987 47590 47201 47883 

42957 43442 39311 43554 44494 42526 41471 42111 
45438 45460 46095 45823 45552 45741 45945 45565 

42957 43786 39311 43554 39043 42526 41471 42111 
45438 45460 46190 45823 45552 45761 45945 45565 

42957 39292 41190 43554 40085 42526 43733 42111 
45438 45460 46410 45823 45552 45327 45335 45762 

44626 44625 44624 37932 44626 44625 44625 44626 
44625 44625 44625 44625 44625 44625 44625 44626 

44626 44625 44624 37932 37932 44625 44625 44626 
44625 44625 44625 44625 44625 44625 44625 44626 

44626 44625 44624 37932 37932 44625 38466 67235 
44625 47130 44625 44625 44625 44625 44625 63677 

44626 44625 44624 37932 37932 44625 38466 57899 
44625 47130 44625 44625 44625 44625 44625 64660 

44626 44625 44624 37932 37932 44625 38466 57899 
44625 47130 44625 44625 44625 44625 44625 64660 

44626 44625 44624 37932 37932 44625 38466 50839 
44625 47130 44625 44625 44625 44625 44625 63708 

44626 44625 44624 37932 37932 44625 38466 47501 
44625 47130 44625 44625 44625 44625 44625 58039 

44626 44625 44624 37932 37932 44625 38466 44788 
44625 47130 44625 44625 44625 44625 44625 55102 

45680 44625 44624 37932 39808 43119 38466 44788 
44625 48190 45498 45666 44625 44625 44625 50770 

39283 44625 44624 37932 39808 43119 38466 44788 
44625 48190 45498 45666 44625 44625 44625 52556 

60731 57670 58805 59386 60671 60656 56801 51934 
59815 61024 60483 60154 59617 60342 59162 60058 

52221 57670 58805 59386 60671 60656 56801 51934 
59815 61580 60483 60154 59617 60342 59162 60058 

55904 58788 59284 59465 50561 59476 57645 55722 
59056 59316 59039 59540 58968 59146 59324 59292 

55904 58788 59284 59465 50561 52491 57645 55722 
59056 59316 59039 61993 58968 59146 59324 59292 

55904 58788 59284 53989 50561 53951 57645 55722 
60453 59962 59039 63970 58968 59146 59919 59292 

55904 58788 52167 53989 50561 53951 57645 55722 
60453 59962 59039 63744 58968 59146 59919 59292 

55904 60610 52167 53989 50561 54926 57645 56432 
60717 59962 59039 59716 58968 59353 60061 59292 

47559 60610 52167 53989 50561 54926 57645 56432 
60745 59962 59039 59716 58968 59353 60061 59292 

51130 50534 52167 53989 53607 55681 57645 56432 
59410 58173 59039 58274 58968 59395 59647 59292 

44210 50534 52167 53989 53607 55681 57645 56432 
59410 58173 59039 58274 58968 59395 58819 59292 

48239 50534 53182 53989 55130 47773 60454 56432 
57819 58193 58174 58274 59817 58647 58819 57624 

55140 55659 55175 55951 56587 56056 48209 56701 
56495 56509 56570 56604 56551 56518 56606 56713 

55140 55659 55175 55951 56587 56056 48209 49353 
56495 56509 56570 57546 56551 56518 56606 57161 

55140 55659 55175 55951 50445 56056 48209 49353 
56495 56509 56570 59856 56551 56518 56606 57161 

55140 55659 55175 55951 50445 48647 48209 49353 
56495 56509 56570 59886 56551 56518 56606 57161 

55140 55659 55175 55951 50445 48647 48209 49353 
56495 56509 56570 59886 56551 56518 56606 57161 

55728 56435 55466 48297 51496 49863 48209 50488 
56595 56555 56858 55876 56656 55750 56657 55756 

48882 57507 57420 53712 56251 57264 51754 55959 
57501 57413 57275 56887 57424 57132 56863 57176 

48882 49630 57420 53712 56251 57264 51754 55959 
57951 57413 57275 56887 57424 57132 56863 57176 

55923 55918 55924 55923 55922 55923 55923 47535 
55924 55922 55923 55923 55924 55917 55916 55924 

55923 55918 48660 55923 55922 55923 55923 47535 
55924 55922 55923 55923 55924 55917 55916 56374 

55923 55918 48660 55923 55922 55923 48409 47535 
55924 55922 55923 55923 55924 55917 55916 57356 

49134 55918 48660 55923 55922 55923 48409 47535 
55924 55922 55923 55923 55924 55917 55916 57790 

49134 55918 48660 51802 55922 55923 48409 47535 
55924 55922 55923 55923 55924 56790 55916 60658 

49134 55918 48660 52978 55922 51439 48409 47535 
55924 55922 55923 55923 55924 56790 55916 59778 

50963 58092 48660 53689 54847 51439 48409 47535 
55924 55922 56913 55923 55924 56933 55916 64465 

50963 50128 48660 53689 54847 51439 48409 47535 
55924 55922 56913 55923 55924 56933 55916 63809 

54306 46179 54115 54240 54292 54314 54158 54285 
54258 54254 54311 54261 54203 54286 54308 54343 

54306 47410 54115 46933 54292 54314 54307 54748 
54258 54391 54311 54261 54203 54286 54308 55188 

54306 48457 54115 48435 54292 54314 54307 47128 
54258 54703 54311 54261 54203 54286 54308 53392 

54306 41188 54115 50258 54292 54314 54307 49126 
54258 53669 54311 54261 54203 54286 54308 53392 

54306 41188 54115 50258 54292 54314 54307 49126 
54258 53669 54311 54261 54203 54286 54308 53392 

54306 43152 54115 50862 54292 47087 54307 50528 
54258 53669 54967 54261 54203 52321 53700 53392 

54306 43152 54115 50862 54292 47087 47060 50528 
54258 53669 55768 54261 54203 52321 53700 53392 

54922 43152 54115 43232 54292 47087 47060 50528 
54258 53669 54965 54261 54203 52321 53700 53392 

49465 43152 54895 44972 55078 47087 48746 50528 
54258 53669 58524 54515 54528 52321 53700 53392 

52815 46907 54895 49030 51032 47087 48746 52467 
54258 53669 59357 55130 55248 52321 53700 54796 

52815 48432 49818 49030 51032 47087 48746 53212 
54258 55243 57304 55392 55248 53051 53700 55361 

52815 48432 49818 49030 51032 47087 48746 54242 
54258 55243 56517 55392 55248 53051 53700 55361 

53421 53110 53445 52691 45443 53116 51900 53417 
53351 53466 53075 53422 53356 53245 53369 53267 

45599 53438 53637 53443 48707 53372 52735 53477 
53351 53340 53565 53634 53053 53577 53386 53667 

45599 53438 46799 53443 48707 53372 52735 53477 
53351 53340 53565 53634 53053 53577 53386 55558 

48356 53438 51177 55207 52238 56649 62078 62250 
58810 61719 59020 57630 56077 56353 53386 73538 

50780 53438 53493 55207 52238 56649 62078 57976 
58810 62264 59020 57630 56077 56353 53386 65070 

50780 53438 53493 55207 52238 56649 53085 57976 
58810 62292 59020 57630 56077 56353 53386 66571 

58078 49368 58069 58075 58079 58078 58052 58080 
58073 58067 58073 58055 58057 58081 58051 58078 

63292 62697 63046 62544 62351 62594 53802 63186 
62484 63169 62961 63086 62500 62656 62543 63271 

54398 62697 63046 62544 62351 62594 53802 63186 
62484 63169 62961 63086 62500 62656 62543 63874 

54398 62697 63046 62544 62351 62594 53802 53796 
62484 63169 62961 63086 62500 62656 62543 64070 

54398 62697 54339 62544 62351 62594 53802 53796 
62484 63169 62961 63086 62500 62656 62543 64216 

54398 53471 54339 62544 62351 62594 53802 53796 
62484 63169 62961 63086 62500 62656 62543 64738 

54398 53471 54339 62544 62351 54329 53802 53796 
62484 63169 62961 63086 62500 62656 62543 64866 

54398 53471 54339 54287 62351 54329 53802 53796 
62484 63169 62961 63086 62500 62656 62543 64967 

54398 53471 54339 54287 54979 54329 53802 53796 
62484 63169 62961 63086 63237 62656 62543 65118 

54398 53471 54339 54287 47732 54329 53802 53796 
62484 63169 62961 63086 63237 62656 62543 64197 

46642 53471 54339 54287 47732 54329 53802 53796 
62484 63169 62961 63086 63237 62656 62543 63777 

58101 49462 58185 58170 58182 58151 58123 58173 
58190 58171 58172 58183 58150 58126 58109 58170 

58101 49462 50717 58170 58182 58151 58123 58173 
59028 58171 58172 58183 58150 58126 58109 58170 

58101 49462 50717 58170 49789 58151 58123 58173 
59016 58171 58172 58183 58150 58126 58109 58170 

58101 49462 50717 58170 49789 58151 58123 50290 
59695 58171 58172 58183 58150 58126 58109 58170 

58214 57865 58206 58289 51661 58130 57859 58253 
57952 58094 58184 58018 58062 58259 59158 57943 

58214 57865 58206 49545 51661 58130 57859 58253 
57952 58094 58184 58018 58062 58259 59027 57943 

58214 57865 58206 49545 51661 58130 57859 49857 
57952 58094 58184 58018 58062 58259 58968 57943 

49856 57865 58206 49545 51661 58130 57859 49857 
57952 58094 58184 58018 58062 58259 59079 57943 

49856 57865 52715 49545 51661 58130 57859 49857 
57952 58094 58184 58018 58062 58259 61445 57943 

49856 57865 52715 49545 51661 49910 57859 49857 
57952 58094 58184 58018 58062 58259 61247 57943 

56937 57738 54889 52011 54133 54868 49132 53175 
57498 57445 57289 57526 57822 57274 57626 56707 

56937 50077 54889 52011 54133 54868 49132 53175 
57498 57445 57289 57526 58409 57274 57626 56707 

50023 50077 54889 52011 54133 54868 49132 53175 
57498 57445 57289 57526 59448 57274 57626 56707 

50023 50077 47405 52011 54133 54868 49132 53175 
57498 57445 57289 57526 59214 57274 57626 56707 

53327 50077 47405 53455 55087 48609 50310 54326 
56748 56796 56605 57123 56811 56694 56918 56170 

53327 50077 47405 53455 46823 48609 50310 54326 
56748 56796 56605 56817 56811 56694 56918 56170 

53327 50077 47405 53455 46823 48609 50310 48225 
56748 56796 56605 56817 56811 56694 58093 56170 

53327 50077 47405 55836 46823 48609 42763 48225 
56748 56796 56605 56817 56811 56694 57646 56037 

53327 50077 47405 49446 46823 48609 44871 48225 
56748 56796 56605 57020 56811 56694 55407 56406 

54892 50077 47405 49446 46823 42390 44871 48225 
56748 56796 56605 56650 55769 56454 55407 56406 

54892 50077 47405 49446 46823 42390 44871 48225 
56748 56796 56605 56650 55769 56454 55407 56406 

55094 52615 47405 51014 48051 41422 47867 51712 
54669 55338 54607 52777 54086 54090 54650 53873 

48441 52615 47405 51014 48051 41422 48984 51712 
54669 54217 54607 52777 54086 54090 56790 54594 

48441 47244 48589 51014 48051 43864 49988 51712 
54669 54217 54364 53231 54086 54090 55560 54781 

52238 52238 52238 44402 52238 52238 52238 52238 
52238 52238 52238 52238 52238 52238 52238 52238 

44402 52238 52238 44402 52238 52238 52238 52238 
52238 52238 52238 52238 52238 52238 52238 52238 

44402 56857 52238 44402 52238 52238 52238 56392 
53310 52238 52238 52238 52238 52238 52238 66958 

44402 49453 52238 44402 52238 52238 52238 56392 
53310 52238 52238 52238 52238 52238 52238 65892 

44402 49453 52238 44402 52238 52238 52238 56392 
53310 52238 52238 52238 52238 52238 52238 65892 

44402 49453 52238 44402 52238 52238 52238 51521 
53310 52238 52238 52238 52238 52238 52238 64760 

44402 49453 52238 44402 52238 52238 48655 51521 
53310 52238 52238 52238 52238 52238 52238 59360 

44402 49453 46654 44402 52238 52238 48655 51521 
53310 52238 52238 52238 52238 52238 52238 58233 

44402 43281 46654 47070 53465 55971 49738 52076 
53310 52238 53816 52238 52893 53001 53076 52900 

44402 43281 46654 47070 53465 47963 49738 52076 
53310 52238 56389 52238 52893 53001 53076 52900 

52174 50936 51968 51698 52644 43560 52643 53054 
52465 52379 52314 53099 52888 52499 52487 52441 

52174 50936 51968 51698 52644 43560 52643 45658 
52465 52379 52314 53542 52888 52499 52487 52441 

52399 51420 52450 52061 44478 46047 52458 46691 
52407 52400 52385 51755 52358 51367 51644 52352 

52399 51420 52450 52061 44478 46047 44976 46691 
53227 52400 52385 51755 52358 51367 51644 52352 

53083 51420 47239 53007 44478 46047 44976 48261 
56232 52400 53750 52294 52358 51367 51644 52867 

45870 51420 47239 53007 44478 46047 44976 48261 
56209 52400 53750 52294 52358 51367 51644 52867 

47019 51420 48798 53235 45868 46047 46124 48951 
52609 52739 52305 52294 52358 51367 51644 52162 

47019 51420 48798 46451 45868 46047 46124 48951 
52609 53977 52305 52294 52358 51367 51644 52162 

47857 44910 48798 46451 46841 46985 46124 48951 
51612 52111 52889 52410 51528 51746 51644 52162 

47857 44910 48798 46451 46841 46985 46124 43499 
51612 52111 52807 52410 51528 51746 51644 52162 

48441 47248 46143 46451 47564 47983 46124 44844 
51612 51128 51256 51155 51528 51603 54106 50961 

42563 49643 49429 49530 49739 49963 46743 49103 
50034 50083 49923 49581 50053 49902 50083 50084 

42563 49643 49429 49530 49739 43812 46743 49103 
50034 50083 49923 49581 50053 49902 50083 51272 

42563 49643 49429 49530 45584 43812 46743 49103 
50034 50083 49923 49581 50053 49902 50083 54060 

42563 43196 49429 49530 45584 43812 46743 49103 
50034 50083 49923 49581 50053 49902 50083 53997 

42563 43196 49429 49530 45584 43812 46743 49103 
50034 50083 49923 49581 50053 49902 50083 53997 

42563 45158 49842 42624 46851 44752 48062 49103 
49699 49656 49075 50040 49218 49902 50118 49898 

44962 47874 50411 47873 49504 47469 49216 42895 
50258 50043 49078 50463 50314 50101 50292 50012 

44962 47874 43974 47873 49504 47469 49216 42895 
50258 50043 49078 50905 50314 50101 50292 50012 

48739 48917 48924 41590 48863 48765 48824 48876 
48915 48929 48869 48768 48782 48794 48908 48772 

48739 48917 42485 41590 48863 48765 48824 48876 
48915 49828 48869 48768 48782 48794 48908 48772 

48739 44686 42485 41590 48863 48765 48824 48876 
48915 51334 48869 48768 48782 48794 48908 48772 

48739 44686 42485 41590 48863 48765 48824 43115 
48915 51244 48869 48768 48782 48794 48908 48772 

48739 44686 42485 41590 44897 48765 48824 43115 
48915 52692 48869 48768 48782 48794 48908 48772 

48739 44686 42485 41590 44897 48765 43121 43115 
48915 52547 48869 48768 48782 48794 48908 48772 

50216 45821 45410 41590 46112 46371 44795 45981 
48045 54150 49809 48768 50106 48684 49647 48772 

43433 45821 45410 41590 46112 46371 44795 45981 
48045 53859 49809 48768 50106 48684 49647 48772 

47656 47644 47644 47408 40508 47646 47650 47652 
47631 47621 47616 47594 47618 47657 47608 47583 

41531 47644 47644 47408 40508 47806 47650 47652 
47631 47621 47616 47594 47618 48982 47608 47583 

41531 47644 47644 47408 40508 42495 47650 47652 
47631 47621 47616 47594 47618 49920 47608 47583 

41531 47644 47644 47408 40508 42495 47650 43658 
47631 47621 47616 47594 47618 51400 47608 47583 

41531 47644 47644 47408 40508 42495 47650 43658 
47631 47621 47616 47594 47618 51400 47608 47583 

41531 47644 47644 47408 40508 43603 43995 43658 
47631 47621 47616 47594 47618 50486 47608 47583 

41531 47644 41397 47408 40508 43603 43995 43658 
47631 47621 47616 47594 47618 50959 47608 47583 

41531 41645 41397 47408 40508 43603 43995 43658 
47631 47621 47616 47594 47618 50084 47608 47583 

41531 44619 41397 49798 40508 43603 43995 43658 
51671 47621 47616 49345 47618 59080 47608 47583 

43346 44619 41397 47714 40508 49958 43995 43658 
51990 47621 49317 49345 50420 56061 48891 49525 

45404 45779 41397 47714 40508 47208 45712 43658 
51990 48332 49118 49977 50420 55068 49899 49525 

45404 45779 41397 49103 40508 47208 45712 43658 
51990 48332 49118 49977 50420 56964 49899 49525 

48505 47333 46705 41465 47124 48776 48752 47527 
48596 48713 48498 48654 48744 48452 48556 48783 

49075 48999 48102 43421 48256 41872 48934 48269 
48640 49226 48985 49092 48963 48773 48424 48965 

43265 48999 48102 43421 48256 41872 48934 48269 
48640 51426 48985 49092 48963 48773 48424 48965 

46642 57271 48102 43421 54100 43540 48934 53004 
48640 66838 48985 49092 48963 50740 48424 48965 

46642 54089 48102 43421 55324 43540 48934 53004 
48640 62471 48985 50726 48963 50740 48424 48965 

46642 54089 48102 43421 48307 43540 48934 53004 
48640 62371 48985 50726 48963 50740 48424 48965 

51386 51386 51386 43678 51386 51386 51386 51386 
51386 51386 51386 51386 51386 51386 51386 51386 

60886 60874 60380 60850 60906 60428 60558 51781 
60880 60840 60567 60650 60374 60913 60524 60879 

60886 60874 60380 60850 52395 60428 60558 51781 
60880 60840 60567 60650 60374 61661 60524 60879 

51839 60874 60380 60850 52395 60428 60558 51781 
60880 60840 60567 60650 60374 61994 60524 60879 

51839 53242 60380 60850 52395 60428 60558 51781 
60880 60840 60567 60650 60374 62126 60524 60879 

51839 53242 60380 51910 52395 60428 60558 51781 
60880 60840 60567 60650 60374 62384 60524 60879 

51839 53242 60380 51910 52395 60428 52599 51781 
60880 60840 60567 60650 60374 62560 60524 60879 

51839 53242 60380 51910 52395 52363 52599 51781 
60880 60840 60567 60650 60374 62840 60524 60879 

51839 53242 53536 51910 52395 52363 52599 51781 
60880 60840 60567 60650 60374 63022 60524 60879 

51839 53242 46505 51910 52395 52363 52599 51781 
60880 60840 60567 60650 60374 62199 60524 60879 

51839 45536 46505 51910 52395 52363 52599 51781 
60880 60840 60567 60650 60374 61305 60524 60879 

56265 56258 56267 56268 56268 56252 47829 56267 
56255 56269 56268 56269 56269 56268 56269 56269 

