0 0 0 0 8262 0 0 0 
0 0 0 8610 0 0 0 0 

0 0 0 0 8858 0 0 0 
0 0 0 11220 0 0 0 0 

0 0 0 0 15115 0 0 0 
0 0 0 18278 0 0 0 0 

29048 22303 23934 24715 40301 24721 30738 24350 
24839 24279 23211 24519 22202 24881 43910 24839 

29048 22303 23934 24715 34255 24721 30738 24350 
24839 24279 23211 24519 22202 24881 43368 24839 

29048 22303 23934 24715 32031 24721 30738 24350 
24839 24279 23211 24519 22202 24881 43877 26038 

29048 22303 23934 24715 31442 24721 30738 24350 
24839 24279 23211 24519 22202 24881 43883 26038 

29048 22303 23934 24715 46583 24721 30738 24350 
24839 24279 23211 24519 22202 24881 55014 26038 

29048 22303 23934 24715 39595 24721 30738 24350 
24839 24279 23211 24519 22202 24881 53749 26038 

35779 36822 29544 34970 37115 36804 36947 37301 
37169 37839 31372 35318 28358 28562 44418 36719 

35779 36822 29544 34970 37115 36804 36947 41705 
37169 37839 31372 35318 28358 28562 49350 36719 

35779 36822 36436 34970 37115 36804 36947 46241 
39547 37839 31372 35318 28358 28562 61012 36719 

35779 36822 36436 34970 37115 36804 36947 39304 
39547 37839 31372 35318 28358 28562 58796 36719 

38542 36002 36436 44008 37115 43220 45103 48810 
41494 40208 39908 39384 38959 28562 55818 40069 

38542 36002 36436 44008 37115 43220 45103 41488 
41494 41498 39908 39384 38959 28562 55818 40069 

38542 36002 36436 44008 37115 43220 46775 41488 
41494 55538 39908 39384 38959 28562 55818 40069 

38542 36002 36436 44008 37115 43220 44023 41488 
41494 58958 39908 39384 38959 28562 55818 40069 

38542 36002 36436 44008 37115 43220 50811 41488 
41494 62574 39908 39384 38959 28562 55818 40069 

38542 36002 36436 44008 37115 43220 51542 41488 
41494 66705 39908 39384 38959 28562 55818 40069 

38542 36002 36436 44008 37115 43220 51542 41488 
41494 66705 39908 39384 38959 28562 55818 40069 

40479 38243 36436 46038 39919 44712 42305 45461 
42517 49337 43489 46238 44620 43884 50802 44817 

40479 38243 36436 43492 39919 44712 42305 45461 
42517 49528 43489 46238 44620 43884 52281 44817 

45135 38243 36436 43492 52816 44712 42305 62321 
46996 57173 48095 50523 54604 43288 72296 47157 

53954 53894 53954 53953 53950 53897 45860 53906 
53949 53954 53915 53914 53954 53949 53952 53954 

45860 53894 53954 53953 53950 53897 45860 53906 
53949 53954 53915 53914 53953 53949 53952 53954 

45860 53894 117415 53953 53950 53897 45860 53906 
53949 53954 53915 53914 53953 136518 53952 62954 

45860 53894 109802 53953 53950 53897 45860 53906 
53949 53954 53915 53914 53953 139652 53952 62954 

45860 53894 109802 53953 53950 53897 45860 53906 
53949 53954 53915 53914 53953 139652 53952 62954 

45860 53894 103897 53953 53950 53897 45860 53906 
53949 53954 53915 53914 53953 139607 53952 62954 

45860 53894 99418 53953 53950 53897 45860 63652 
53949 53954 53915 53914 53953 118057 53952 62954 

45860 53894 104327 53953 53950 53897 45860 72040 
53949 53954 53915 53914 53953 120049 53952 62954 

45860 69573 88420 62487 70056 53897 56317 90084 
63680 53954 53915 61338 63988 102880 53952 70708 

45860 69573 88420 62487 70056 53897 56317 92266 
63680 53954 53915 61338 63988 123244 53952 70708 

220603 174923 173304 220651 184080 191329 159916 218249 
214682 169384 213125 214646 208985 224115 165669 196013 

220603 174923 173304 196763 184080 191329 159916 218249 
214682 169384 213125 214646 208985 236134 165669 196013 

203365 185721 187477 204176 184080 194017 178927 174865 
205038 181328 205743 201082 203763 205003 186598 205128 

203365 185721 187477 192207 184080 194017 178927 174865 
205038 181328 227578 201082 203763 205003 186598 205128 

189502 185721 187477 192207 184080 199535 192258 183295 
205038 193991 222767 217015 203763 205003 191690 205128 

189502 185721 187477 192207 184080 179604 192258 183295 
205038 193991 225282 217015 203763 205003 191690 205128 

189502 185721 187477 192207 184080 179604 207699 183295 
205038 193991 214972 213894 203763 205003 191690 205128 

189502 185721 187477 192207 184080 179604 176960 183295 
205038 193991 221381 213894 203763 205003 191690 205128 

189502 185721 187477 180566 188082 179604 176960 183295 
206146 193991 212868 206797 203763 206921 195922 205128 

168576 185721 187477 180566 188082 179604 176960 183295 
206146 193991 213863 206797 203763 206921 195922 205128 

179215 185721 187477 199398 191204 179604 176960 190453 
206146 200572 208666 206323 203763 225836 201353 205493 

197542 195430 190944 210491 195392 164463 186881 202356 
208209 206441 210494 207893 206196 208350 207943 208321 

197542 195430 190944 218599 195392 164463 158848 203910 
208209 208843 210494 207893 206196 208350 207943 208321 

197542 195430 190944 224730 195392 164463 142520 205681 
208209 216190 210494 207893 206196 208350 207943 208321 

197542 195430 190944 201020 195392 164463 142520 205681 
208209 223471 210494 207893 206196 208350 207943 208321 

197542 195430 190944 201020 195392 164463 142520 189828 
208209 223802 210494 207893 206196 208350 207943 208321 

197542 198919 193533 178153 195392 164463 161172 189828 
206572 201102 207542 209519 208437 200630 208315 208674 

212425 186730 203191 206843 207077 201307 207302 195427 
219814 210825 218903 220364 220432 208161 220470 220258 

191811 186730 203191 206843 207077 201307 207302 195427 
219814 210825 218903 220364 220432 208161 223763 220258 

217474 218183 218158 218182 218163 185455 218183 217857 
218000 218086 218142 218127 217912 218141 218157 218181 

217474 200455 218158 218182 218163 185455 218183 217857 
218000 218086 218142 218127 217912 218141 218157 221181 

217474 200455 218158 218182 218163 185455 194205 217857 
218000 218086 218142 218127 217912 218141 218157 231231 

217474 200455 218158 200415 218163 185455 194205 217857 
218000 223348 218142 218127 217912 218141 218157 232799 

217474 200455 218158 200415 206799 185455 194205 217857 
218000 225847 218142 218127 217912 218141 218157 243956 

217474 200455 225682 200415 206799 185455 194205 217857 
218000 234991 218142 218127 217912 218141 218157 262068 

221522 200455 237642 206118 206799 185455 194205 217857 
218000 233803 226913 229322 217912 218141 218157 281632 

221522 200455 237642 206118 190779 185455 194205 217857 
218000 233803 226913 229322 217912 218141 218157 273407 

222347 222699 222599 222146 221798 189333 220370 222692 
222610 221809 222710 222310 222747 222286 222747 222495 

222347 237228 222599 222146 221798 167321 220370 222692 
226043 221809 222710 222310 217734 222286 232650 222495 

222347 209889 222599 222146 221798 179124 220370 222692 
235672 221809 222710 222310 210171 222286 246405 222495 

222347 209889 222599 222146 221798 179124 220370 198380 
235329 221809 222710 222310 210171 222286 253348 222495 

222347 209889 222599 222146 221798 179124 220370 198380 
235329 221809 222710 222310 210171 222286 253348 222495 

222347 209889 200566 222146 221798 190625 220370 198380 
234971 221809 222710 222310 205513 222286 252825 222495 

197994 209889 200566 222146 221798 190625 220370 198380 
234971 221809 222710 222310 205513 222286 257253 222495 

197994 209889 200566 196591 221798 190625 220370 198380 
234971 221809 222710 222310 205513 222286 247967 222495 

197994 216305 200566 196591 234583 190625 220370 198380 
234971 221809 222710 222310 212224 222286 267806 222495 

231166 216305 208620 196591 241255 198890 231710 207214 
234971 231209 236787 227436 217093 222286 274730 222495 

231166 225369 208620 205065 221302 198890 231710 207214 
234971 233672 236787 237862 217093 222286 257977 222495 

231166 225369 208620 205065 221302 198890 239581 207214 
234971 233672 236787 237862 217093 222286 284036 222495 

229724 195636 229920 225864 226884 224896 230154 229132 
229761 230125 228794 229554 227899 227566 229933 229426 

234139 220579 232469 233280 230209 233417 201332 232800 
228356 232394 233005 236367 227899 230811 234215 236924 

214898 220579 232469 233280 230209 233417 201332 232800 
228356 232394 233005 236367 227899 230811 234215 258374 

214898 238554 264678 251198 230209 304551 241897 236938 
250886 232394 233005 236367 258699 231109 265520 358276 

214898 238554 264678 251198 230209 296577 241897 236938 
250886 232394 233005 249276 258699 231109 265520 348706 

214898 238554 264678 251198 230209 263987 241897 236938 
250886 232394 233005 249276 258699 231109 265520 354189 

262023 262023 262010 262023 262012 262021 222720 262020 
262023 262023 261894 261988 261986 261991 262023 261994 

301790 297905 300891 299088 299909 301893 298868 256695 
301360 301590 290916 301228 301992 300574 295237 300587 

301790 297905 300891 299088 299909 261560 298868 256695 
301360 301590 290916 301228 309212 300574 295237 300587 

257403 297905 300891 299088 299909 261560 298868 256695 
301360 301590 290916 301228 311098 300574 295237 300587 

257403 297905 267007 299088 299909 261560 298868 256695 
301360 301590 290916 301228 314066 300574 295237 300587 

257403 297905 267007 299088 257922 261560 298868 256695 
301360 301590 290916 301228 317942 300574 295237 300587 

257403 297905 267007 265474 257922 261560 298868 256695 
301360 301590 290916 301228 319613 300574 295237 300587 

257403 297905 267007 265474 257922 261560 265287 256695 
301360 301590 290916 301228 321001 300574 295237 300587 

257403 274532 267007 265474 257922 261560 276556 256695 
301360 301590 290916 301228 322087 300574 295237 300587 

257403 274532 267007 265474 257922 261560 246322 256695 
301360 301590 290916 301228 319757 300574 295237 300587 

257403 253449 267007 265474 257922 261560 246322 256695 
301360 301590 290916 301228 332830 300574 295237 300587 

243560 286532 286356 286512 286542 286268 286488 286535 
286139 286496 286541 286535 286541 286354 286541 286541 

243560 286532 286356 286512 252028 286268 286488 286535 
286139 286496 296071 286535 286541 286354 286541 286541 

243560 286532 286356 286512 252028 286268 286488 247229 
286139 286496 295631 286535 286541 286354 286541 286541 

243560 252633 286356 286512 252028 286268 286488 247229 
286139 286496 306183 286535 286541 286354 286541 286541 

307183 305393 305877 276819 304565 306355 308275 304610 
308384 305664 304040 305170 308288 321557 306218 309314 

307183 305393 305877 276819 304565 306355 262033 304610 
308384 305664 304040 305170 308288 319564 306218 309314 

265449 305393 305877 276819 304565 306355 262033 304610 
308384 305664 304040 305170 308288 317185 306218 309314 

265449 305393 305877 276819 304565 311185 262033 258918 
308384 305664 304040 305170 308288 316467 306218 309314 

265449 305393 305877 276819 304565 280346 262033 281028 
308384 305664 304040 305170 308288 324471 306218 309314 

265449 305393 269995 276819 304565 280346 262033 281028 
308384 305664 304040 305170 308288 327681 306218 309314 

280109 268995 286399 291233 310785 292102 278939 312643 
310624 310762 312549 315713 315772 312004 316939 312434 

280109 268995 286399 291233 310785 292102 278939 275746 
310624 310762 312549 315713 315772 312004 322294 312434 

280109 268995 286399 291233 283155 292102 278939 275746 
316582 310762 312549 315713 318079 312004 337096 312434 

280109 268995 286399 291233 283155 255786 278939 275746 
316582 310762 312549 315713 318079 312004 336346 312434 

285327 268995 294613 280574 283155 284953 301467 275746 
311201 305988 316092 313394 312093 313084 314206 330243 

285327 268995 294613 280574 283155 284953 256246 275746 
311201 305988 316092 313394 312093 313084 314206 325926 

285327 268995 272612 280574 283155 284953 256246 275746 
311201 305988 316092 313394 312093 313084 314206 333038 

255862 268995 272612 280574 283155 284953 256246 275746 
311201 305988 316092 313394 312093 313084 314206 323796 

255862 268995 272612 280574 283155 261714 256246 275746 
311201 305988 316092 313394 312093 313084 314206 316463 

255862 268995 272612 280574 267724 261714 256246 275746 
311201 305988 316092 313394 312093 313084 314206 326798 

255862 268995 272612 280574 267724 261714 256246 275746 
311201 305988 316092 313394 312093 313084 314206 326798 

223210 284649 286840 312757 273552 269240 277240 275746 
305884 303341 305874 299248 301761 304606 301849 304941 

223210 284649 286840 315536 273552 269240 235653 275746 
305884 307643 305874 299248 301761 304606 301849 304941 

239801 284649 289595 281260 273552 277361 248391 282967 
293482 331307 305874 313581 307565 307763 309197 304941 

295671 295671 295671 295671 295671 251320 295671 295671 
295671 295671 295672 295671 295671 295671 295671 295671 

295671 295671 251320 295671 295671 251320 295671 295671 
295671 295671 295671 295671 295671 295671 295671 295671 

295671 295671 251320 295671 295671 251320 261536 295671 
295671 295671 295671 295671 295671 295671 295671 314062 

295671 295671 251320 295671 295671 251320 261536 261320 
295671 295671 295671 295671 295671 295671 295671 317303 

295671 295671 251320 295671 295671 251320 261536 261320 
295671 295671 295671 295671 295671 295671 295671 317303 

295671 258820 251320 295671 295671 251320 261536 261320 
295671 295671 295671 295671 295671 295671 295671 320058 

295671 258820 251320 295671 261015 251320 261536 261320 
295671 295671 295671 295671 295671 295671 295671 311365 

295671 258820 251320 263269 261015 251320 261536 261320 
295671 295671 295671 295671 295671 295671 295671 314121 

265360 267401 251320 263269 261015 271398 267152 261320 
298486 295671 295671 295671 295671 299624 301573 310944 

265360 267401 251320 263269 261015 233688 267152 261320 
298486 295671 295671 295671 295671 299624 301573 323012 

364038 425621 396212 424875 382686 422501 414114 373539 
416331 416019 417244 422829 423026 368638 428287 417491 

364038 365527 396212 424875 382686 422501 414114 373539 
416331 416019 417244 422829 423026 368638 432387 417491 

395867 392556 402687 409604 391524 410791 349456 388746 
408109 410244 407961 410187 411204 394753 408535 409089 

395867 397928 402687 409604 391524 362833 349456 388746 
408109 410244 407961 410187 427723 394753 411001 409089 

406465 403263 402687 369335 399731 372129 349456 395347 
412054 417394 407961 410187 423381 394753 434979 409089 

355495 403263 402687 369335 399731 372129 349456 395347 
412054 417394 407961 410187 423381 394753 436701 409089 

355495 420059 405613 369335 399731 372129 349456 395347 
412054 417233 409686 410187 419288 394753 421591 410145 

355495 357544 405613 369335 399731 372129 349456 395347 
412054 417233 409686 410187 419288 394753 430361 410145 

355495 357544 358469 369335 399731 372129 349456 395347 
412054 418618 411009 410187 419288 398602 422639 411113 

355495 357544 358469 321434 399731 372129 349456 395347 
412054 418618 411009 410187 419288 398602 419143 411113 

378745 357544 358469 337027 360726 379077 372623 411063 
413161 411489 409738 408853 409478 402669 422320 411113 

398335 371019 365498 377100 378844 394623 387063 343416 
402180 404070 400487 403186 402021 400802 399504 403563 

353655 371019 365498 377100 382551 394623 387063 343416 
402180 403379 400487 403186 402021 400802 399504 408614 

353655 371019 316809 377100 382551 394623 387063 343416 
402180 403379 400487 403186 402021 400802 399504 415646 

353655 371019 279287 377100 382551 394623 387063 343416 
402180 403379 400487 403186 402021 400802 399504 406820 

353655 371019 237393 377100 382551 394623 387063 343416 
402180 403379 400487 403186 402021 400802 399504 387689 

353655 373629 282982 383326 387632 340476 387063 343416 
399636 381809 390365 398891 399641 396775 400449 387689 

378361 389347 372866 393202 393202 382814 334226 358569 
391316 388855 389662 390106 392485 391493 391372 390758 

378361 389347 372866 345471 393202 382814 334226 358569 
391316 388855 389662 390106 397092 391493 391372 390758 

384754 384806 384672 384771 384750 384668 327085 384749 
384631 384392 384431 384797 384782 384792 384806 384802 

384754 334585 384672 384771 384750 384668 327085 384749 
384631 384392 384431 384797 384782 384792 392306 384802 

384754 334585 384672 355394 384750 384668 327085 384749 
384631 384392 384431 384797 384782 384792 406586 384802 

359155 334585 384672 355394 384750 384668 327085 384749 
384631 384392 384431 384797 384782 389286 410471 384802 

359155 334585 384672 355394 337405 384668 327085 384749 
384631 384392 384431 384797 384782 391605 412410 384802 

359155 334585 384672 355394 337405 384668 327085 365659 
384631 384392 384431 384797 384782 399576 428035 384802 

359155 334585 347418 355394 337405 390567 327085 365659 
388617 384392 388435 384797 388217 402844 413746 384802 

359155 334585 347418 355394 337405 339481 327085 365659 
388617 384392 388435 384797 388217 404002 413746 384802 

372863 373346 373307 373348 372630 372985 373257 317345 
373226 373325 373280 373032 373254 372938 372455 373247 

373453 373346 373307 375733 372630 372985 329040 317345 
373226 373325 373280 373032 373254 388371 372455 373247 

375686 373346 373307 327748 372630 372985 344722 317345 
373226 373325 373280 373032 373254 384180 372455 373247 

329069 373346 373307 327748 372630 372985 344722 317345 
373226 373325 373280 373032 373254 393740 372455 373247 

329069 373346 373307 327748 372630 372985 344722 317345 
373226 373325 373280 373032 373254 393740 372455 373247 

343330 335360 373307 327748 372630 372985 350478 317345 
373226 373325 373280 373032 373254 391642 372455 373247 

343330 335360 326060 327748 372630 372985 350478 317345 
373226 373325 373280 373032 373254 399391 372455 373247 

350543 335360 326060 327748 372630 381045 297905 317345 
373226 373325 373280 373032 373254 383776 372455 373247 

350543 347719 348411 327748 372721 382286 312074 331801 
380017 373325 380308 373032 373254 436522 372455 382559 

383765 370682 348411 342039 372721 392024 331044 359044 
410453 373325 380308 382212 373254 462978 381878 393060 

395990 381092 348411 355397 372721 374047 331044 368762 
407477 373325 380826 382212 389825 441389 381878 393060 

406300 381092 348411 355397 372721 374047 331044 368762 
407477 373325 380826 382212 389825 464579 381878 393060 

332823 387517 380389 386042 387763 387939 372923 383784 
388697 387231 389332 387010 386271 386766 386290 391565 

365799 388521 382913 391398 391239 397994 323848 388798 
395022 396707 384479 391362 389991 388198 390460 389152 

365799 388521 382913 391398 391239 353018 323848 388798 
395022 419925 384479 391362 389991 388198 390460 389152 

409680 388521 369982 582487 391239 353018 323848 401550 
448340 570133 418782 396056 389991 446990 413616 442819 

409680 388521 369982 493332 391239 353018 323848 401550 
478583 582908 418782 396056 389991 446990 436335 442819 

409680 388521 369982 436895 391239 353018 323848 401550 
478583 584099 418782 396056 389991 446990 436335 442819 

368541 433578 433578 433520 433578 433578 433578 433577 
433579 433569 433571 433579 433579 433579 433563 433579 

480244 409395 479190 478599 481147 480710 481118 479015 
481453 481469 472373 476221 481489 461018 481645 481411 

480244 409395 479190 478599 413427 480710 481118 479015 
481453 481469 472373 476221 481489 461018 486117 481411 

480244 409395 479190 478599 413427 480710 409832 479015 
481453 481469 472373 476221 481489 461018 488367 481411 

480244 409395 479190 478599 413427 416103 409832 479015 
481453 481469 472373 476221 481489 461018 491718 481411 

413207 409395 479190 478599 413427 416103 409832 479015 
481453 481469 472373 476221 481489 461018 495996 481411 

413207 409395 418561 478599 413427 416103 409832 479015 
481453 481469 472373 476221 481489 461018 497975 481411 

413207 409395 418561 478599 413427 416103 409832 418412 
481453 481469 472373 476221 481489 461018 499631 481411 

428079 409395 418561 422778 413427 416103 409832 418412 
481453 481469 472373 476221 481489 461018 495126 481411 

373867 409395 418561 422778 413427 416103 409832 418412 
481453 481469 472373 476221 481489 461018 491068 481411 

373867 409395 418561 365611 413427 416103 409832 418412 
481453 481469 472373 476221 481489 461018 488324 481411 

446097 446009 379183 446098 446070 446054 446013 445998 
446096 446089 446092 445792 446098 445998 445457 446097 

446097 446009 379183 390871 446070 446054 446013 445998 
457405 446089 446092 445792 446098 445998 445457 446097 

383187 446009 379183 390871 446070 446054 446013 445998 
456369 446089 446092 445792 446098 445998 445457 446097 

383187 446009 379183 390871 387606 446054 446013 445998 
461376 446089 446092 445792 446098 445998 445457 446097 

443179 461280 424534 453122 449460 460787 460415 427960 
460337 466838 460340 459473 457699 460559 500648 448973 

443179 461280 424534 453122 382040 460787 460415 427960 
460337 466838 460340 459473 457699 460559 492969 448973 

443179 404872 424534 453122 382040 460787 460415 427960 
460337 466838 460340 459473 457699 460559 481424 448973 

443179 404872 424534 453122 382040 396837 460415 427960 
460337 466838 460340 459473 457699 460559 479159 448973 

443179 404872 424534 453122 382040 396837 402655 427960 
460337 466838 460340 459473 457699 460559 480471 448973 

443179 404872 424534 396403 382040 396837 402655 427960 
460337 466838 460340 459473 457699 460559 480868 448973 

398582 419402 430768 423161 405219 416877 402655 427960 
458433 458890 460657 456722 457699 463411 457080 458875 

398582 419402 393955 423161 405219 416877 402655 427960 
458433 458890 460657 456722 457699 464711 457080 458875 

398582 419402 393955 423161 405219 416877 402655 381744 
458433 458890 460657 456722 457699 461789 457080 458875 

398582 419402 393955 380170 405219 416877 402655 381744 
458433 458890 460657 456722 457699 467010 457080 458875 

414041 382371 409521 410866 423137 428282 416002 402883 
445276 444765 449835 442641 444393 446595 447176 443277 

414041 382371 409521 410866 423137 364039 416002 402883 
445276 444765 446601 442641 444393 446595 447176 443277 

414041 382371 409521 410866 367999 364039 416002 402883 
445276 444765 446601 442641 444393 446595 458570 443277 

414041 382371 409521 410866 367999 364039 378206 402883 
445276 444765 446601 442641 444393 446595 455078 443277 

374779 382371 409521 410866 367999 364039 378206 402883 
445276 444765 446601 442641 444393 446595 446932 443277 

374779 382371 409521 373760 367999 364039 378206 402883 
445276 444765 445568 442641 444393 446595 445778 443277 

374779 382371 409521 373760 367999 364039 378206 402883 
445276 444765 445568 442641 444393 446595 445778 443277 

334394 390362 439997 392632 367999 385750 386913 413770 
432187 431914 434214 432658 433265 435102 432841 431889 

334394 390362 372358 392632 367999 385750 386913 413770 
432187 431914 435081 432658 433265 436736 432841 431889 

362762 418364 389202 392632 385248 398728 394137 373839 
424125 431835 427902 430515 424118 429493 425172 434234 

420484 420484 420484 420484 420484 420484 357411 420484 
420484 420484 420484 420484 420484 420484 420484 420484 

420484 420484 420484 357411 420484 420484 357411 420484 
420484 420484 420484 420483 420484 420484 420484 420484 

420484 420484 420484 357411 430512 391400 357411 420484 
456653 420484 427734 420483 420484 420484 420484 420484 

420484 420484 420484 357411 373435 391400 357411 420484 
456653 420484 431150 420483 420484 420484 420484 420484 

420484 420484 420484 357411 373435 391400 357411 420484 
456653 420484 431150 420483 420484 420484 420484 420484 

420484 420484 369672 357411 373435 391400 357411 420484 
453391 420484 438550 420483 420484 420484 420484 420484 

420484 420484 369672 357411 373435 391400 357411 370823 
442222 420484 440340 420483 420484 420484 420484 420484 

372114 420484 369672 357411 373435 391400 357411 370823 
442222 420484 443655 420483 420484 420484 420484 420484 

372114 392498 369672 357411 404930 391400 357411 370823 
442222 418602 461512 424184 425742 420484 425119 420484 

372114 392498 369672 357411 347404 391400 357411 370823 
442222 418602 471024 424184 425742 420484 425119 420484 

409384 372574 428840 426808 426332 428019 424294 434179 
428286 436713 429410 439163 427825 429168 430851 442554 

409384 372574 428840 426808 426332 428019 424294 377367 
428286 436713 429410 439163 427825 429168 430851 449267 

417073 404694 427704 427421 426332 363815 428009 397995 
426603 428300 425603 423560 427825 422644 427281 425970 

417073 404694 427704 427421 426332 363815 367731 397995 
426603 436110 425603 423560 427825 422644 427281 425970 

417073 424444 386346 427421 430921 363815 387325 406310 
426603 456485 427845 429110 427825 427164 427281 442841 

417073 424444 386346 427421 372532 363815 387325 406310 
426603 456485 427845 429110 427825 427164 435327 442841 

417073 424444 386346 457776 385037 363815 387325 406310 
426603 455551 427845 429110 427825 427164 434140 442841 

417073 424444 386346 396874 385037 363815 387325 406310 
426603 460431 427845 429110 427825 427164 449685 442841 

417073 380995 386346 410359 394615 375001 387325 406310 
426603 434691 427845 431128 427825 427164 439870 435337 

362012 380995 386346 410359 394615 375001 387325 406310 
426603 434691 427845 431128 427825 427164 440950 435337 

362012 402060 404416 369787 405423 383928 396888 406310 
427750 432329 427845 435019 427825 427164 431930 425604 

379037 413116 417165 377991 412623 399782 411913 357464 
419733 420548 420356 415498 420216 416871 417764 420370 

379037 413116 360311 384347 412623 399782 411913 357464 
419733 417557 420356 415498 420216 416871 417764 420898 

379037 382285 360311 384347 412623 399782 411913 357464 
419733 417557 420356 415498 420216 416871 417764 442592 

379037 382285 360311 384347 360729 399782 411913 357464 
419733 417557 420356 415498 420216 416871 417764 444096 

379037 382285 360311 384347 360729 399782 411913 357464 
419733 417557 420356 415498 420216 416871 417764 444096 

379037 388108 377166 389703 370539 402813 356242 357464 
420078 417948 414457 416039 417926 416871 418547 419272 

412091 405245 407674 415435 411455 362263 405130 396442 
414506 412930 414341 414343 423210 412345 412906 414358 

412091 405245 407674 363119 411455 362263 405130 396442 
414506 412930 414341 414343 423210 418808 412906 414358 

408400 408399 408399 408400 408400 408399 408400 347139 
408400 408400 408400 408400 408400 408400 408400 408400 

408400 408399 408399 358390 408400 408399 408400 347139 
408400 408400 408400 408400 412900 408400 408400 408400 

408400 408399 408399 358390 408400 408399 376889 347139 
408400 408400 408400 408400 431100 408400 408400 408400 

408400 408399 408399 358390 422992 408399 376889 310068 
408400 402210 408400 408400 431602 408400 408400 408400 

408400 408399 408399 372568 364448 408399 376889 332270 
408400 392888 408400 408400 430381 408400 408400 408400 

416168 408399 408399 372568 364448 408399 376889 282429 
408400 383795 408400 408400 434987 408400 408400 408400 

369709 408399 408399 385574 364448 408399 376889 309720 
412341 376090 408400 408400 435509 408400 409516 411616 

369709 408399 408399 385574 364448 408399 376889 309720 
412341 376090 408400 408400 435509 408400 409516 411616 

339404 399155 399287 398883 397396 399246 399214 394588 
398457 398692 398629 398996 398727 398798 398602 399298 

351689 399155 367824 398883 397396 399246 399214 401791 
402144 398692 398629 398996 398727 398798 398602 424692 

351689 399155 367824 398883 397396 399246 399214 356365 
402144 398692 398629 398996 398727 398798 398602 423662 

351689 399155 367824 398883 397396 348616 399214 356365 
402144 398692 398629 398996 398727 398798 398602 426170 

351689 399155 367824 398883 397396 348616 399214 356365 
402144 398692 398629 398996 398727 398798 398602 426170 

351689 339281 367824 411534 397396 348616 408671 356365 
402144 398692 398629 398996 406250 398798 398602 416483 

351689 339281 367824 358803 397396 348616 408671 356365 
402144 398692 398629 398996 406250 398798 398602 424740 

351689 339281 367824 304980 397396 348616 411047 356365 
402144 398692 398629 398996 399132 398798 398602 423587 

351689 363231 367824 324289 397396 324675 508566 356365 
402144 398692 398629 405593 389509 398798 409277 483551 

351689 383871 428028 364837 416839 351113 463353 356365 
402144 398692 393319 405593 407705 431969 424892 539379 

351689 383871 428028 385636 416839 351113 412479 356365 
402144 398692 393319 405593 416887 431969 424892 485335 

351689 383871 439857 385636 416839 351113 412479 356365 
402144 398692 393319 405593 416887 431969 424892 506738 

405434 413294 413237 411862 412916 404994 413235 338670 
411636 411127 397542 412394 412304 412566 412673 412687 

408993 414525 353399 414707 412916 414149 415676 375718 
408468 414933 403633 409465 415766 407850 414042 414752 

416006 414525 353399 363868 412916 414149 415676 375718 
408468 414933 403633 409465 434973 407850 414042 414752 

370653 414525 353399 374958 413822 414149 418645 375718 
408468 416683 408025 409465 440427 415396 414042 414752 

370653 414525 353399 374958 413822 414149 368764 375718 
408468 416683 418115 413560 437309 421844 414042 414752 

370653 403555 353399 374958 413822 414149 368764 375718 
408468 416683 474952 413560 437309 432941 414042 414752 

414892 414892 414892 414892 352658 414892 414892 414892 
414892 414892 414892 414892 414892 414892 414892 414892 

444077 454530 454371 447043 443879 453640 445872 386388 
454495 453891 452644 442137 450255 451662 451883 453141 

444077 391350 454371 447043 443879 453640 445872 386388 
457500 453891 452644 442137 450255 451662 451883 453141 

444077 391350 393715 447043 443879 453640 445872 386388 
460030 453891 452644 442137 450255 451662 451883 453141 

444077 391350 393715 447043 443879 393094 445872 386388 
463571 453891 452644 442137 450255 451662 451883 453141 

444077 391350 393715 384986 443879 393094 445872 386388 
467091 453891 452644 442137 450255 451662 451883 453141 

444077 391350 393715 384986 443879 393094 388991 386388 
469908 453891 452644 442137 450255 451662 451883 453141 

388715 391350 393715 384986 443879 393094 388991 386388 
470533 453891 452644 442137 450255 451662 451883 453141 

388715 416947 334657 384986 470779 393094 388991 386388 
449350 447231 452644 442137 450255 451662 451883 453141 

388715 416947 334657 384986 410162 393094 388991 386388 
449350 447231 452644 442137 450255 451662 451883 461786 

388715 384600 334657 384986 410162 393094 388991 386388 
449350 447231 452644 442137 450255 451662 451883 473592 

424684 360981 424624 424302 424406 424683 424426 424162 
424592 424614 424653 424521 423876 423927 424521 424283 

434525 360981 424624 424302 424406 360979 424426 424162 
424592 424614 433905 424521 423876 423927 424521 424283 

370584 360981 424624 424302 424406 360979 424426 424162 
424592 424614 436696 424521 423876 423927 424521 424283 

370584 360981 370392 424302 424406 360979 424426 424162 
424592 424614 440421 424521 423876 423927 424521 424283 

424950 380491 424213 425820 425081 424266 425672 425585 
438843 424971 425265 425429 425021 425372 425528 425633 

424950 380491 424213 361946 425081 424266 425672 425585 
436889 424971 425265 425429 425021 425372 425528 425633 

424950 380491 424213 361946 425081 424266 365259 425585 
435475 424971 425265 425429 425021 425372 425528 425633 

424950 380491 424213 361946 425081 424266 365259 364269 
436991 424971 425265 425429 425021 425848 425528 425633 

424950 380491 424213 361946 367652 424266 365259 364269 
434355 424971 425265 425429 425021 434360 425528 425633 

372457 380491 424213 361946 367652 424266 365259 364269 
434355 424971 425265 425429 425021 437448 425528 425633 

400090 393703 424658 361946 397265 364444 392880 409832 
425376 424971 423016 427347 425164 422258 428053 423287 

400090 393703 370334 361946 397265 364444 392880 409832 
425376 424971 423016 427347 425164 422258 435043 423287 

400090 393703 370334 361946 397265 364444 392880 377443 
425376 424971 423016 427347 425164 422258 445905 423287 

351326 393703 370334 361946 397265 364444 392880 377443 
425376 424971 423016 427347 425164 422258 443532 423287 

351326 393703 370334 381527 360779 384535 396978 385114 
421644 419700 423208 421975 416306 424766 423194 422768 

351326 393703 370334 381527 360779 384535 337431 385114 
421644 419700 423208 421975 416306 420597 423194 422768 

308627 407814 370334 381527 360779 384535 337431 385114 
421644 419700 422313 421975 416306 420597 423194 422768 

325747 353962 370334 381527 360779 384535 337431 385114 
421644 419700 421429 421975 416306 420597 412972 421660 

347631 353962 370334 381527 360779 384535 337431 346246 
417661 419700 419012 420945 416306 420597 412972 410273 

358575 353962 370334 381527 360779 337302 337431 346246 
417661 419700 419012 416780 416306 417031 412972 410273 

358575 353962 370334 381527 360779 337302 337431 346246 
417661 419700 419012 416780 416306 417031 412972 410273 

358575 362860 376466 345659 368664 337302 357539 392043 
404855 404798 406053 403236 399477 406852 406201 405843 

358575 362860 376466 345659 368664 337302 357539 345666 
404855 404798 406053 403236 399477 411472 406201 405816 

358575 362860 350552 345659 374293 347614 357539 359416 
403835 405730 408797 403670 399477 404700 402713 404708 

385262 327481 385272 385265 385259 385261 385164 385221 
385016 385258 385253 385253 385271 385169 385256 385257 

385262 327481 327480 385265 385259 385261 385164 385221 
385016 385258 385253 385253 385270 385169 385256 385257 

385262 327481 327480 350090 385259 385261 385164 385221 
385016 385258 385253 385253 420457 385169 385256 385257 

332472 327481 327480 350090 385259 385261 385164 385221 
385016 385258 385253 385253 418177 385169 385256 385257 

332472 327481 327480 350090 385259 385261 385164 385221 
385016 385258 385253 385253 418177 385169 385256 385257 

332472 327481 327480 350090 385259 345663 385164 385221 
385016 385258 385253 385253 424138 385169 385256 385257 

332472 327481 327480 350090 344444 354449 385164 385221 
385016 385258 385253 385253 404536 385169 385256 385257 

332472 327481 327480 350090 344444 354449 385164 341595 
385016 385258 385253 385253 409416 385169 385256 385257 

332472 337351 327480 350090 344444 361699 342112 341595 
387636 387587 385253 387398 403256 385169 385256 385257 

332472 337351 327480 350090 344444 310658 342112 341595 
387636 387587 385253 387398 415022 385169 385256 385257 

397354 412552 394259 408131 399025 390910 361847 396798 
403767 410706 407761 409928 405184 403445 426473 406572 

397354 353669 394259 408131 399025 390910 361847 396798 
403767 410706 407761 409928 405184 403445 427384 406572 

400076 391838 399952 400167 400045 397143 392696 340145 
398701 399516 400136 398887 399476 398846 399053 398632 

400076 391838 399952 415054 400045 397143 333791 340145 
398701 399516 414367 398887 399476 398846 399053 403379 

400076 391838 399952 383513 406991 403499 345715 352082 
407113 403514 449509 406553 407130 406526 399053 417524 

400076 391838 399952 383513 360942 403499 345715 352082 
407113 403514 446131 406553 407130 406526 399053 417524 

400076 402344 403605 383513 377776 419160 357438 361887 
413758 407399 410453 410943 407130 406526 408542 416330 

400076 402344 403605 383513 377776 356702 357438 361887 
413758 407399 410453 410943 407130 406526 408542 424254 

400076 402344 350947 391066 377776 364664 372643 361887 
408629 407399 402390 412060 408738 408856 409146 407297 

400076 402344 350947 339906 377776 364664 372643 361887 
408629 407399 402390 413410 408738 408856 409146 407297 

402543 360702 361220 350289 377776 364664 372643 369565 
409183 407399 405576 411880 411564 422770 408125 407539 

336326 388582 387039 389601 394747 390515 393874 392109 
394540 394990 395417 395072 395256 394652 394734 394618 

336326 388582 328982 389601 403375 390515 393874 392109 
394540 394990 400531 395072 395256 394652 394734 394618 

336326 388582 328982 389601 365237 390515 393874 392109 
394540 394990 433336 395072 395256 398886 394734 394618 

336326 388582 328982 389601 365237 390515 344792 392109 
394540 394990 433416 395072 395256 398886 394734 394618 

336326 388582 328982 389601 365237 390515 344792 348292 
394540 394990 430219 395072 395256 398886 394734 394618 

345125 388582 355315 389601 378818 336008 354565 348292 
394540 390243 393919 391261 390090 393052 387242 395327 

366098 340309 384087 408540 407787 346970 385432 403142 
407345 406487 398553 406290 402593 403460 401268 405985 

366098 340309 384087 358509 407787 346970 385432 403142 
412024 406487 398553 406290 402593 403460 401268 405985 

395963 396709 337965 396160 396527 396563 397020 395437 
396581 397434 396233 397593 396496 396828 397496 396622 

395963 396709 337965 344236 396527 396563 397020 395437 
396581 397434 396233 407878 396496 396828 397496 396622 

395963 396709 337965 362035 396527 396563 346842 395437 
396581 397434 403851 404331 396496 396828 397496 396622 

395963 348112 337965 373307 396527 396563 346842 395437 
396581 397434 407619 400986 396496 396828 397496 396622 

395963 348112 337965 373307 396527 357551 346842 395437 
396581 397434 415133 400986 396496 396828 397496 401319 

395963 348112 337965 373307 376737 357551 346842 395437 
396581 397434 436788 400986 396496 396828 397496 408058 

354265 363122 348669 381507 376737 357551 346842 395437 
392310 397434 416384 400986 400738 399433 399591 409515 

354265 363122 348669 381507 376737 357551 346842 395437 
392310 397434 416384 400986 400738 399433 399591 409515 

387267 388515 387359 386988 333329 388043 386494 387864 
388462 387839 387559 392507 387974 388468 387564 387251 

387267 355018 387359 386988 333329 388043 386494 387864 
388462 392057 395687 425877 392916 388468 387564 387894 

387267 355018 387359 386988 333329 354529 386494 387864 
388462 392057 395687 420362 392916 388468 387564 395037 

387267 355018 387359 386988 333329 354529 386494 336973 
388462 392057 395687 425987 392916 388468 387564 395247 

387267 355018 387359 386988 333329 354529 386494 336973 
388462 392057 395687 425987 392916 388468 387564 395247 

387267 355018 350548 386988 333329 354529 386494 336973 
388462 392057 395687 416683 392916 388468 387564 405585 

338176 355018 350548 386988 333329 354529 386494 336973 
388462 392057 395687 421270 392916 388468 387564 405585 

338176 355018 350548 337891 333329 354529 386494 336973 
388462 392057 395687 414840 392916 388468 387564 405585 

338176 355018 350548 348230 333329 354529 360551 336973 
388462 392057 395687 422094 392916 388468 389909 405585 

338176 462862 361107 305370 360304 380353 369418 336973 
384275 398635 411160 449281 392916 388468 389909 413309 

369912 386378 379215 305370 373089 380353 369418 336973 
384275 398635 411160 450512 392916 399592 389909 419597 

369912 400686 379215 305370 373089 380353 369418 336973 
384275 398635 411160 436645 392916 399592 389909 419597 

393442 393349 334440 384607 390890 392165 392428 385251 
392187 392912 392061 393348 393154 392028 393502 392801 

335375 394465 371788 391603 394392 392388 394224 389890 
391439 391296 394527 392952 391803 393630 391747 394045 

335375 394465 371788 391603 346022 392388 394224 389890 
392265 391296 420640 392952 391803 393630 391747 394045 

349783 483118 419100 415268 390306 392388 394224 465091 
421011 391296 562446 440345 422515 413222 414308 397277 

373792 469355 445117 427231 404345 392388 394224 465091 
421011 399966 534119 440345 422515 413222 414308 397277 

373792 462575 378349 427231 404345 392388 394224 465091 
421011 406738 546904 440345 422515 413222 414308 397277 

429506 429506 429507 429507 429506 429506 429506 365080 
429507 429507 429507 429507 429507 429506 429507 429506 

412764 485462 481402 480983 478551 484904 485568 485423 
482297 485125 484866 479557 485287 481460 485606 484349 

412764 485462 481402 480983 478551 484904 418357 485423 
482297 485125 484866 479557 485287 481460 490100 484349 

412764 413508 481402 480983 478551 484904 418357 485423 
482297 485125 484866 479557 485287 481460 493904 484349 

412764 413508 481402 480983 478551 484904 418357 420109 
482297 485125 484866 484936 485287 481460 493904 484349 

412764 413508 481402 480983 478551 415918 418357 420109 
482297 485125 484866 489431 485287 481460 493904 484349 

412764 413508 420441 480983 478551 415918 418357 420109 
482297 485125 484866 492726 485287 481460 493904 484349 

412764 413508 420441 420085 478551 415918 418357 420109 
482297 485125 484866 495464 485287 481460 493904 484349 

412764 413508 420441 429801 422817 415918 418357 420109 
482297 485125 486844 487395 485287 481460 494433 484349 

412764 413508 420441 376580 422817 415918 418357 420109 
482297 485125 486844 483255 485287 481460 494433 484349 

412764 413508 420441 376580 362608 415918 418357 420109 
482297 485125 486844 478689 485287 481460 494433 484349 

450424 450517 450463 450363 450526 450529 382971 450516 
450529 450529 450555 450532 450524 450213 450528 450555 

450424 450517 450463 450363 450526 389833 382971 450516 
450529 450529 450555 450532 450524 450213 450528 457165 

450424 450517 450463 450363 386457 389833 382971 450516 
450529 450529 450555 450532 450524 450213 450528 458888 

450424 390114 450463 450363 386457 389833 382971 450516 
450529 450529 450555 450532 450524 450213 450528 464206 

450068 450554 450017 450616 452105 448810 392456 472923 
456412 454180 451292 454960 451353 451301 457295 461528 

450068 450554 450017 450616 452105 381488 392456 472923 
456412 454180 451292 454960 451353 451301 457295 459620 

450068 450554 450017 450616 452105 392855 392456 398217 
456412 454180 451292 454960 451353 451301 467469 447899 

450068 450554 450017 450616 388886 392855 392456 398217 
456412 454180 451292 454960 451353 451301 466566 447899 

450068 382970 450017 477156 388886 392855 392456 398217 
456412 454180 451292 454960 451353 451301 475704 447899 

450068 382970 450017 416832 388886 392855 392456 398217 
456412 454180 451292 454960 451353 451301 480421 447899 

380956 422035 448165 425768 418803 408213 417759 412970 
444704 446470 443372 441522 447318 444058 448051 444721 

380956 422035 404852 425768 418803 408213 417759 412970 
444704 446470 443372 441522 447318 444058 459030 444721 

380956 422035 416409 386604 418803 408213 417759 412970 
444704 446470 443372 441522 447318 444058 459862 444721 

380956 422035 363322 386604 418803 408213 417759 412970 
444704 446470 443372 441522 447318 444058 460844 444721 

390182 445060 404439 328613 431630 424714 417759 421298 
439715 436240 434150 434948 441236 439756 438896 439951 

390182 378300 404439 328613 431630 424714 417759 421298 
439715 436240 434150 434948 441809 439756 438896 439951 

390182 378300 404439 328613 375218 424714 417759 421298 
439715 436240 434150 434948 455282 439756 438896 439951 

390182 378300 404439 328613 375218 378676 417759 421298 
439715 436240 434150 434948 450751 439756 438896 439951 

390182 378300 404439 328613 375218 378676 417759 370480 
439715 436240 434150 434948 447454 439756 438896 439951 

390182 378300 404439 328613 375218 378676 433888 322408 
439715 436240 434150 434948 440027 439756 438896 439951 

390182 378300 404439 328613 375218 378676 433888 322408 
439715 436240 434150 434948 440027 439756 438896 439951 

399622 378300 418639 376647 382863 394901 365138 366076 
423958 423613 420007 423847 424334 422375 423365 429883 

399622 378300 363233 376647 382863 394901 365138 366076 
423958 424018 420007 423847 424507 422375 423365 432223 

366324 378300 372861 376647 398512 400808 390627 366076 
418748 422838 420007 420557 421816 422375 424505 429534 

408231 408059 346996 408217 408231 408231 408230 408207 
408232 408232 408232 408232 408130 408232 408232 408188 

408231 408059 346996 408217 346996 408231 408230 408207 
408232 408232 408232 408231 408130 408232 408232 408188 

408231 408059 346996 408217 346996 422839 408230 408207 
408232 408232 408232 408231 408130 496924 408232 408188 

408231 408059 346996 408217 346996 370663 408230 408207 
408232 408232 408232 408231 408130 490311 408232 408188 

408231 408059 346996 408217 346996 370663 408230 408207 
408232 408232 408232 408231 408130 490311 408232 408188 

372651 408059 346996 408217 346996 370663 408230 408207 
408232 408232 408232 408231 408130 480950 408232 408188 

372651 408059 346996 408217 346996 370663 377147 408207 
408232 408232 408232 408231 408130 451881 408232 408188 

372651 408059 346996 358621 346996 370663 377147 408207 
408232 408232 409305 408231 408130 453292 409495 408188 

372651 414822 346996 358621 364678 370663 387565 375735 
415731 408232 414058 425032 408130 442347 417705 416647 

372651 370608 346996 358621 364678 370663 387565 375735 
415731 408232 414058 425032 408130 457422 417705 416647 

400975 400553 412835 404770 408031 397640 351738 401756 
413133 411930 410041 411988 408430 413597 411457 412743 

400975 400553 358150 404770 408031 397640 351738 401756 
413133 411930 410041 411988 408430 423376 411457 412743 

402798 402103 381684 344738 405573 402034 390093 405299 
405569 404844 404982 402737 403550 403061 403280 404779 

402798 402103 388373 344738 351131 404115 390093 405299 
415490 404844 404982 402737 403550 403061 403280 404779 

406961 407532 393737 344738 351131 411009 390093 361829 
427848 411298 404982 406042 407310 412795 403280 407628 

406961 407532 393737 344738 351131 356857 390093 361829 
429822 411298 404982 406042 407310 412795 403280 407628 

407838 414241 393737 344738 360373 356857 390093 376022 
405814 414155 404982 406042 408455 409069 403280 407628 

407838 364029 393737 344738 360373 356857 390093 376022 
405814 414155 404982 420586 408455 409069 403280 407628 

356321 372043 393737 344738 360373 356857 390093 376022 
409263 414155 404982 419772 401790 409069 403280 409287 

356321 372043 351946 344738 360373 356857 390093 376022 
409263 414155 404982 421096 401790 409069 403280 409287 

356321 378844 351946 344738 369186 356857 367213 376022 
411106 410235 404982 432006 397327 411762 403280 410563 

363943 345395 387018 365181 388922 369727 373919 393519 
406353 401416 404339 404494 398459 401589 405590 405074 

363943 345395 387018 365181 388922 369727 373919 342653 
408264 401416 404339 404494 398459 401589 405590 405074 

363943 345395 387018 365181 364547 369727 373919 342653 
431558 401416 404339 404494 398459 401589 405590 405074 

363943 345395 336465 365181 364547 369727 373919 342653 
429377 401416 404339 404494 398459 401589 405590 405074 

363943 345395 336465 365181 364547 369727 332831 342653 
424058 401416 404339 404494 398459 401589 405590 405074 

369610 354346 354806 365181 364547 338859 364420 351735 
395163 398702 393518 392254 392983 393838 392498 396813 

331941 383519 383302 380277 380073 385217 378612 374478 
388736 389115 388743 389207 389685 389247 388735 390148 

331941 383519 383302 380277 380073 337434 378612 374478 
388736 389115 388743 389207 389685 389247 388735 395408 

386197 385348 386010 385115 386324 386287 385309 328400 
386346 386106 385166 386315 386354 386276 385906 385730 

386197 385348 386010 385115 337375 386287 385309 328400 
386346 386106 385166 386315 395349 386276 385906 385730 

386197 385348 386010 385115 337375 357216 385309 328400 
386346 386106 385166 386315 412741 386276 385906 385730 

361530 385348 386010 385115 337375 357216 385309 328400 
386346 386106 385166 386315 415996 386276 385906 385730 

361530 385348 352245 385115 337375 366067 385309 328400 
386346 386106 385166 386315 413816 386276 385906 385730 

361530 419723 352245 385115 337375 316156 385309 328400 
386346 386106 385166 386315 418777 386276 385906 385730 

313074 405701 365616 385115 348081 329669 385309 328400 
386346 387599 385166 386315 400607 386276 385906 393055 

313074 405701 365616 385115 348081 329669 385309 328400 
386346 387599 385166 386315 400607 386276 385906 393055 

373921 376434 321741 377616 375483 376744 377608 376741 
375997 376356 377896 376759 377085 376442 376276 378756 

373921 377225 321741 332586 375844 376744 377608 376741 
375997 376356 379903 376759 377085 376442 376276 390871 

373921 380280 321741 282697 375844 376744 398248 376741 
375997 376356 379903 376759 377085 376442 376276 388341 

373921 380280 321741 282697 375844 376744 345341 376741 
375997 376356 379903 376759 377085 376442 376276 402495 

373921 380280 321741 282697 375844 376744 345341 376741 
375997 376356 379903 376759 377085 376442 376276 402495 

373921 344722 321741 298904 375844 376744 345341 376741 
375997 376356 379903 376759 377085 376442 376276 392967 

373921 344722 321741 298904 375844 329232 345341 376741 
375997 385414 379903 376759 377085 376442 376276 392967 

373921 344722 321741 298904 375844 329232 345341 325026 
375997 388613 379903 376759 377085 376442 376276 391380 

399087 344722 362329 298904 420624 329232 385473 345549 
389709 490864 397181 376759 371648 392214 401045 391380 

399087 344722 374906 353701 396511 329232 385473 400065 
422405 465973 418764 407649 371648 382639 416615 391380 

399087 344722 374906 300645 405175 329232 397454 488650 
422405 466585 418764 407649 371648 382639 430950 402483 

399087 344722 374906 300645 405175 329232 397454 484027 
422405 474989 418764 407649 371648 382639 430950 402483 

402469 375520 402530 391163 342420 394401 402815 402404 
400535 400183 400855 402505 402877 400131 402096 402263 

350459 389737 402091 397701 381947 397740 402222 402512 
401909 400581 399669 400883 409271 396910 401773 401358 

350459 389737 402091 397701 381947 397740 402222 355785 
401909 400581 399669 400883 425643 396910 401773 401358 

361547 389737 402091 397701 381947 397740 369967 355785 
401909 400581 399669 400883 434977 396910 406226 401358 

369213 389737 363202 397701 381947 397740 377820 364569 
401909 400581 399669 403436 418031 396910 408428 401358 

369213 389737 363202 397701 381947 346142 377820 364569 
401909 400581 399669 403436 431673 396910 408428 401358 

398671 398671 398671 338870 398671 398671 398671 398671 
398671 398671 398671 398671 398671 398670 398671 398671 

455707 453990 456147 452118 451457 454884 453098 389137 
456503 455760 453799 449923 456564 455581 455380 457704 

455707 453990 392724 452118 451457 454884 453098 389137 
456503 455760 453799 449923 456564 455581 455380 460470 

388140 453990 392724 452118 451457 454884 453098 389137 
456503 455760 453799 449923 456564 455581 455380 462755 

388140 453990 392724 452118 451457 386651 453098 389137 
456503 455760 453799 449923 456564 455581 455380 461574 

388140 390891 392724 452118 451457 386651 453098 389137 
456503 455760 453799 449923 456564 455581 455380 466436 

388140 390891 392724 452118 451457 386651 396383 389137 
456503 455760 453799 449923 456564 455581 455380 468935 

388140 390891 392724 395550 451457 386651 396383 389137 
456503 455760 458046 449923 456564 455581 455380 468935 

388140 390891 392724 395550 403190 386651 396383 389137 
456503 458479 466057 449923 456564 455581 455380 476506 

388140 390891 392724 395550 353961 386651 396383 389137 
456503 458479 461126 449923 456564 455581 455380 476506 

388140 390891 392724 395550 353961 386651 341425 389137 
456503 458479 460414 449923 456564 455581 455380 476506 

426563 362644 426633 426608 426608 426474 426610 426639 
426626 426645 426396 426644 426644 426441 426532 426645 

426563 362644 426633 426608 426608 426474 372568 435176 
426626 438436 426396 426644 426644 426441 426532 426645 

426563 362644 426633 426608 426608 426474 381285 371545 
426626 431653 426396 426644 426644 426441 426532 426645 

426563 362644 436348 426608 426608 426474 324091 371545 
426626 432382 426396 426644 426644 426441 426532 426645 

435467 440496 442447 439819 437123 438701 412084 438343 
441176 477549 442674 435208 438883 438909 432790 454150 

435467 440496 376079 439819 437123 438701 412084 438343 
441176 472283 442674 435208 438883 438909 432790 454150 

435467 457300 376079 439819 440167 373577 412084 438343 
441176 457606 442674 435208 438883 438909 432790 452925 

435467 391670 376079 439819 440167 373577 412084 438343 
441176 460594 442674 435208 438883 438909 432790 452925 

435467 391670 376079 439819 386718 373577 412084 438343 
441176 464950 442674 435208 438883 438909 432790 452925 

435467 391670 376079 383846 386718 373577 412084 438343 
441176 467180 442674 435208 438883 438909 432790 452925 

437825 406761 412780 422724 422456 412190 425354 373732 
437803 439768 437566 439475 435383 437145 435791 437664 

381526 406761 412780 422724 422456 412190 425354 373732 
437803 446976 437566 439475 435383 437145 435791 437664 

381526 406761 412780 422724 422456 350360 437497 373732 
437803 442363 437566 439475 435383 437145 435791 437664 

381526 406761 412780 422724 422456 350360 379372 373732 
437803 449133 437566 439475 435383 437145 435791 437664 

398920 420021 420246 377541 437161 350360 379372 373732 
437803 439351 438384 439475 438838 437164 439770 445414 

398920 420021 420246 377541 371586 350360 379372 373732 
437803 439351 438384 439475 438838 437164 439770 444175 

398920 420021 431471 329347 371586 350360 379372 373732 
437803 439351 438384 439475 438838 437164 439770 448453 

398920 420021 372144 351910 371586 350360 379372 373732 
437803 439351 438384 439226 438838 437164 439433 438246 

398920 368038 372144 371276 386605 350360 379372 373732 
437803 438048 437574 438134 431750 437164 435154 438246 

417998 368038 372144 381304 328613 350360 379372 373732 
430123 434516 437574 433966 431750 437164 435154 433386 

417998 368038 372144 381304 328613 350360 379372 373732 
430123 434516 437574 433966 431750 437164 435154 433386 

362345 392327 380512 400726 344496 361553 403207 382048 
423380 423632 424186 420815 420173 424317 426586 423498 

362345 392327 380512 400726 344496 361553 347949 382048 
423380 423632 424186 420815 417627 422072 423604 423498 

380577 392327 380512 378144 344496 361553 347949 382048 
423380 444823 423077 420815 417627 422072 423604 423498 

407575 407576 407575 407575 407575 407575 346439 407576 
407575 407576 407576 407576 407575 407575 407575 407575 

407575 407576 407575 407575 407575 407575 346439 346439 
407575 407576 407575 407576 407575 407575 407575 407575 

407575 510796 441704 407575 441373 442153 346439 384701 
415075 605403 407575 407576 417588 407575 446133 422054 

407575 443176 441704 407575 441373 442153 346439 384701 
415075 600211 407575 407576 417588 407575 446133 422054 

407575 443176 441704 407575 441373 442153 346439 384701 
415075 600211 407575 407576 417588 407575 446133 422054 

407575 402515 441704 407575 441373 442153 346439 384701 
415075 568839 407575 407576 417588 407575 446133 422054 

407575 402515 451845 407575 441373 412626 346439 384701 
415075 505736 407575 407576 417588 407575 447954 422054 

407575 402515 412186 407575 441373 412626 346439 384701 
415075 504232 407575 407576 417588 407575 452066 422054 

407575 402515 422862 407575 460821 424104 308891 384701 
415075 456583 415502 407576 424367 424054 446511 427259 

407575 402515 422862 407575 396251 424104 308891 384701 
415075 482718 415502 407576 424367 424054 446511 427259 

445531 441211 452013 389149 432152 442634 358914 441512 
443220 458726 427994 442058 441581 440243 444680 445078 

445531 453118 408371 389149 432152 442634 358914 441512 
443220 473749 427994 451798 441581 440243 444680 445078 

375449 440891 418652 405395 432623 440790 412519 441456 
437857 437288 436285 440627 441704 441138 432983 436927 

375449 440891 418652 405395 432623 446728 412519 404558 
437857 437288 436285 440627 479714 441085 432983 436927 

395246 440891 418652 418185 432623 418094 424142 404558 
437857 437288 436285 448049 490565 461372 449787 457369 

395246 386007 418652 418185 432623 418094 424142 404558 
437857 437288 436285 448049 487613 461372 449787 457369 

395246 386007 424914 418185 461752 418094 424142 404558 
439948 437288 436285 448049 456037 461055 449787 457369 

395246 386007 424914 418185 392822 418094 424142 404558 
439948 437288 436285 448049 456037 467159 449787 457369 

395246 386007 387256 418185 401757 418094 424142 404558 
440626 437288 436285 448049 455654 452307 449787 445289 

395246 386007 387256 418185 401757 418094 368020 404558 
440626 437288 436285 448049 455427 452307 449787 445289 

417859 386007 387256 394642 417857 418094 368020 404558 
440626 437288 436285 448049 464113 445162 452374 445289 

429547 400785 412296 421036 426463 368980 408594 431620 
433622 432906 430579 433446 433815 429672 429929 431019 

429547 400785 412296 421036 426463 368980 408594 373604 
433622 432906 430579 433446 440555 429672 429929 432220 

452418 400785 412296 421036 426463 368980 408594 323813 
433622 432906 430579 433446 447472 429672 429929 432220 

392055 400785 412296 421036 426463 368980 408594 323813 
433622 432906 430579 433446 452713 429672 429929 432220 

392055 400785 412296 421036 426463 368980 408594 323813 
433622 432906 430579 433446 452713 429672 429929 432220 

407714 405683 423427 367845 432731 379068 408594 340283 
430144 418108 430579 430027 424601 432148 428338 428770 

432933 426788 434042 426130 373923 419883 432418 416017 
435000 430136 436166 436929 432470 438568 434719 436979 

432933 426788 378935 426130 373923 419883 432418 416017 
435000 430136 436166 436929 432470 443889 434719 436979 

431911 431911 431910 431911 367124 431911 431911 431910 
431911 431911 431911 431911 431911 431911 431902 431911 

431911 376124 431910 431911 367124 431911 431911 431910 
431911 431911 440911 431911 431911 431911 431902 431911 

431911 376124 431910 431911 367124 431911 376124 431910 
431911 431911 448561 431911 431911 431911 431902 431911 

431911 376124 431910 431911 367124 384735 376124 431910 
431911 431911 452201 431911 431911 431911 431902 431911 

431911 376124 431910 383275 378704 384735 376124 431910 
431911 431911 448451 431911 431911 431911 431902 431911 

379126 376124 431910 383275 378704 384735 376124 431910 
431911 431911 451965 431911 431911 431911 431902 431911 

379126 376124 435905 383275 398793 384735 385810 405293 
431911 431911 461286 431911 431911 431911 431902 431911 

379126 376124 385519 383275 398793 384735 385810 405293 
431911 431911 460478 431911 431911 431911 431902 431911 

415681 416060 414929 354088 416013 414023 416405 415883 
414230 416607 415900 415253 414552 415604 415179 416607 

415681 416060 414929 354088 416013 414023 361703 415883 
414230 426668 415900 415253 414552 415604 415179 416607 

415681 367116 414929 354088 416013 414023 361703 415883 
414230 432609 415900 415253 414552 415604 415179 416607 

415681 367116 414929 354088 364302 414023 361703 415883 
414230 441365 415900 415253 414552 415604 415179 416607 

415681 367116 414929 354088 364302 414023 361703 415883 
414230 441365 415900 415253 414552 415604 415179 416607 

415681 367116 414929 365329 364302 414023 361703 373303 
414230 436245 415900 415253 414552 415604 415179 416607 

362703 367116 414929 365329 364302 414023 361703 373303 
414230 440660 415900 415253 414552 415604 415179 416607 

362703 367116 424330 310529 364302 414023 361703 373303 
414230 428696 415900 415253 414552 415604 415179 416607 

362703 394984 448443 329240 364302 421812 361703 386566 
427853 537811 429997 415253 414552 458751 415179 416607 

362703 394984 545080 369962 364302 446885 427841 386566 
427853 627928 429997 415253 474120 479032 415179 416607 

399134 394984 471508 399963 390624 458730 427841 404324 
427853 559508 429997 448405 480709 490829 415179 450209 

399134 394984 468335 399963 390624 458730 427841 404324 
427853 576308 429997 448405 480709 490829 415179 450209 

434777 445664 450126 443871 449651 383804 446220 438140 
450244 450599 447643 449168 446448 449816 449918 448628 

449352 452802 454167 446721 386068 415820 451587 454197 
444101 446479 450586 451106 454023 453378 452097 450840 

395907 452802 454167 446721 386068 415820 451587 454197 
444101 446479 450586 451106 477113 453378 452097 450840 

425342 452802 454167 446721 386068 415820 458173 436441 
461867 454601 460447 461110 516306 462541 468685 455590 

381417 452802 454167 446721 386068 415820 490938 436441 
461867 454601 460447 464575 487994 465481 468685 465436 

381417 452802 454167 446721 386068 415820 429553 436441 
461867 454601 460447 464575 524679 465481 468685 465436 

457370 388952 457573 457046 457576 457178 457561 457197 
457569 457337 457292 457353 457606 457382 457374 457595 

533795 534095 532346 521991 454258 533966 527989 534075 
533924 530260 534507 533825 527061 531036 531660 533926 

533795 461480 532346 521991 454258 533966 527989 534075 
533924 530260 538945 533825 527061 531036 531660 533926 

533795 461480 532346 521991 454258 533966 527989 454846 
533924 530260 541214 533825 527061 531036 531660 533926 

533795 461480 532346 521991 454258 468871 527989 454846 
533924 530260 543126 533825 527061 531036 531660 533926 

458725 461480 532346 521991 454258 468871 527989 454846 
533924 530260 547726 533825 527061 531036 531660 533926 

458725 461480 462494 521991 454258 468871 527989 454846 
533924 530260 551419 533825 527061 531036 531660 533926 

458725 461480 462494 521991 454258 468871 460040 454846 
533924 530260 552404 533825 527061 531036 531660 533926 

458725 392257 474713 548770 454258 468871 460040 465677 
535059 530260 531753 533825 530804 531036 531660 533926 

458725 392257 474713 477704 454258 468871 460040 465677 
541615 530260 531753 533825 530804 531036 531660 533926 

458725 392257 474713 411405 454258 468871 460040 465677 
539528 530260 531753 533825 530804 531036 531660 533926 

494631 494280 494631 494526 494252 420436 494609 494447 
494617 494624 494632 494500 494588 494576 494485 494569 

494631 494280 444410 494526 494252 420436 494609 494447 
494617 494624 513156 494500 494588 494576 494485 494569 

421633 494280 444410 494526 494252 420436 494609 494447 
494617 494835 513377 494500 494588 494832 494485 494569 

421633 494280 444410 494526 494252 420436 424805 494447 
494617 495575 522561 494500 494588 495703 494485 494569 

508419 459455 506024 512461 511988 510065 505849 513720 
510992 513629 516034 507375 501197 505425 511724 532385 

508419 459455 506024 512461 511988 510065 505849 513720 
510992 513629 516034 507375 501197 505425 511724 532385 

508419 459455 506024 512461 511988 510065 505849 447085 
510992 513629 516034 507375 501197 505425 511724 525895 

508419 459455 506024 438927 511988 510065 505849 447085 
510992 514042 516034 507375 501197 505425 511724 526879 

508419 459455 506024 438927 522831 510065 505849 380021 
510992 522030 505691 507375 501197 505425 511724 526085 

508419 459455 506024 438927 454406 510065 505849 380021 
510992 522030 505691 507375 501197 505425 511724 531596 

514393 516348 519756 461538 481534 449246 518191 434764 
518687 514569 522827 521636 518031 516148 515336 528136 

514393 516348 451167 461538 481534 449246 518191 434764 
518687 514569 522827 521636 518031 516148 515336 534379 

514393 516348 451167 461538 481534 449246 454308 434764 
518687 514569 522827 521636 518031 516148 515336 537787 

514393 446395 451167 461538 481534 449246 454308 434764 
518687 514569 522827 521636 518031 516148 515336 539071 

436443 457169 451167 469249 503647 476543 489851 458245 
509521 510156 507154 510687 509920 510576 509722 512007 

436443 457169 451167 469249 428099 476543 489851 458245 
509521 510156 507154 510687 509920 510576 509722 510752 

436443 457169 451167 469249 428099 476543 424810 458245 
509521 510156 507154 510687 509920 510576 509722 521116 

436443 457169 451167 469249 428099 421053 424810 458245 
509521 510156 507154 510687 509920 511603 509722 512489 

436443 457169 451167 422850 428099 421053 424810 458245 
509521 510156 507154 508704 509920 509749 509722 509981 

436443 457169 451167 422850 428099 421053 424810 405458 
509521 505183 507154 508704 509920 505043 509722 509981 

436443 457169 451167 422850 428099 421053 424810 405458 
509521 505183 507154 508704 509920 505043 509722 509981 

463074 418627 461672 443974 439278 464158 446383 419002 
488400 484587 487400 488682 488808 491795 488948 487256 

467553 418627 461672 443974 439278 409520 446383 419002 
488400 484587 487400 484840 488808 491270 488948 487256 

427077 439961 461672 450733 447157 409520 446383 419002 
501987 484587 487400 490412 478280 489898 489944 488519 

469405 469415 469400 399019 469408 469358 469408 469413 
469435 469435 469185 469431 469229 469435 469435 469238 

469405 399002 469400 399019 469408 469358 469408 469413 
469435 469431 469185 469431 469229 469435 469435 469238 

469405 399002 469400 422439 469408 485639 469408 495739 
469435 469431 469185 469431 469229 573551 469435 488850 

469405 399002 469400 422439 469408 485639 469408 428878 
469435 469431 469185 469431 469229 566379 469435 488850 

469405 399002 469400 422439 469408 485639 469408 428878 
469435 469431 469185 469431 469229 566379 469435 488850 

469405 399002 469400 422439 469408 439405 469408 428878 
469435 469431 469185 469431 469229 558834 469435 488850 

469405 399002 469400 422439 398996 439405 500715 428878 
469435 469431 469185 469431 469229 517883 469435 489948 

469405 399002 469400 422439 398996 439405 434873 428878 
469435 469431 469185 469431 469229 523039 469435 493197 

418961 399002 470014 422439 413851 455051 434873 439098 
469435 469431 477233 474077 469229 494260 477557 489573 

418961 399002 413115 422439 413851 455051 434873 439098 
476157 469431 477233 474077 469229 513123 477557 489573 

482569 474424 481753 483807 475163 430026 484183 486079 
487411 509375 484443 492825 486677 489685 489703 483965 

482569 474424 481753 483807 475163 430026 484183 419167 
487411 509375 484443 492825 486677 489685 489703 490282 

483382 479887 483864 412009 479597 461575 483984 445691 
484183 480003 484738 484079 482046 478701 483007 483954 

483382 479887 483864 412009 479597 461575 417264 445691 
484183 480003 493638 484079 482046 478701 483007 483954 

499509 414441 509755 412009 479597 461575 417264 469645 
484183 485401 503705 492377 485920 478701 487604 483954 

499509 414441 445322 412009 479597 461575 417264 469645 
484183 485401 515121 492377 485920 478701 487604 483954 

503326 414441 445322 412009 479597 461575 417264 469645 
484183 485401 510221 492377 485920 478701 487604 483954 

428239 414441 445322 412009 479597 461575 417264 469645 
484183 485401 516686 492377 485920 478701 487604 483954 

437858 414441 457322 412009 422054 461575 428759 469645 
485681 485401 487544 486295 485920 469485 494683 483954 

437858 414441 457322 412009 422054 461575 428759 414766 
485681 485401 487544 486295 485920 469485 495983 483954 

452379 425161 472408 432362 453363 413847 438879 414766 
476136 481092 477001 477896 480725 463375 486465 475800 

465120 445240 402943 458026 466822 450319 456761 431948 
469888 467645 470737 471089 471083 466830 474060 471585 

465120 445240 402943 458026 417991 450319 456761 431948 
469888 467645 470737 471089 471083 466830 486280 471585 

415003 445240 421729 458026 417991 450319 456761 431948 
469888 467645 470737 471089 471083 466830 494053 471585 

415003 445240 368469 458026 417991 450319 456761 431948 
469888 467645 470737 471089 471083 466830 489204 471585 

415003 445240 368469 458026 417991 450319 456761 431948 
469888 467645 470737 471089 471083 466830 489204 471585 

430245 445240 396949 398322 432384 450319 463001 431948 
462419 467645 457691 464090 468713 468054 464412 462876 

449655 454520 438906 447036 456510 402281 462734 449158 
461237 459951 459331 459291 460489 461062 471629 461075 

449655 454520 438906 447036 456510 402281 400823 449158 
461237 459951 459331 459291 460489 461062 474794 461075 

455206 455205 455193 455213 455213 386931 455070 455212 
455214 455214 455214 455212 455214 455206 455207 455147 

455206 455205 455193 398181 455213 386931 455070 455212 
455214 455214 459713 455212 455214 455206 455207 455147 

455206 455205 455193 398181 395681 386931 455070 455212 
455214 455214 469538 455212 455214 455206 455207 455147 

455206 455205 455193 398181 395681 386931 455070 402931 
455214 455214 473887 455212 455214 455206 455207 455147 

394497 455205 455193 398181 395681 386931 455070 402931 
455214 455214 474761 455212 455214 455206 455207 455147 

394497 443432 455193 398181 395681 386931 455070 402931 
455214 464117 497518 455212 461212 455206 467037 455147 

394497 443432 409778 418416 395681 412737 455070 414616 
455214 478195 459616 455212 460308 460660 468505 455147 

394497 443432 409778 418416 395681 412737 394309 414616 
455214 478195 459616 455212 462522 460660 468505 455147 

439225 373766 440767 439037 436412 440579 439731 439347 
440591 439676 440451 438097 440026 439451 439114 438488 

439225 373766 388461 439037 436412 440579 439731 439347 
459683 439676 442182 438097 440026 439451 441600 438488 

439225 373766 388461 439037 436412 391977 439731 439347 
461695 439676 442182 438097 443108 439451 441600 438488 

439225 373766 388461 439037 436412 391977 383743 439347 
460159 439676 442182 438097 456101 439451 441600 438488 

439225 373766 388461 439037 436412 391977 383743 439347 
460159 439676 442182 438097 456101 439451 441600 438488 

439225 373766 388461 439037 436412 391977 383743 394192 
458717 439676 442182 438097 464028 439451 441600 438488 

382341 373766 388461 439037 436412 391977 383743 394192 
458717 439676 442182 438097 469307 439451 441600 438488 

382341 373766 388461 381340 436412 391977 383743 394192 
458717 439676 442182 438097 462101 439451 441600 438488 

399402 394645 388461 381340 495166 391977 402902 404929 
496142 439676 454950 438097 583136 439451 438891 442509 

418803 416389 409566 399240 443673 391977 436475 404929 
496142 434159 454950 481195 515649 452840 438891 462867 

418803 416389 409566 399240 417947 391977 449340 404929 
486556 434159 454950 481195 491195 455827 439500 462867 

418803 416389 409566 399240 417947 391977 459199 404929 
486556 434159 454950 481195 514916 455827 439500 462867 

447837 446791 436280 433092 446156 447081 383569 438745 
448721 446840 449450 446483 448034 447320 445348 446242 

450814 448567 444147 442030 450598 385010 408787 443981 
450215 443790 453100 449062 445953 447817 447239 448006 

396705 448567 444147 442030 450598 385010 408787 443981 
450215 443790 476993 449062 445953 447817 447239 448006 

403527 448567 444147 465594 485076 385010 408787 472631 
466071 443790 570796 456620 462428 447817 447239 457161 

411500 448567 444147 465594 446037 385010 408787 472631 
466369 443790 528697 468728 462428 447817 447239 465778 

411500 448567 383149 465594 446037 385010 408787 517544 
466369 443790 533928 468728 462428 447817 447239 465778 

398863 466160 465579 466156 467821 466631 466787 466847 
466130 467219 465580 465580 466705 466707 467823 469756 

517590 518393 530648 530621 530953 530946 451335 528029 
524809 530792 527911 526678 526644 529939 529944 530981 

517590 518393 530648 530621 457310 530946 451335 528029 
524809 530792 527911 526678 526644 529939 529944 536976 

517590 518393 530648 530621 457310 452186 451335 528029 
524809 530792 527911 526678 526644 529939 529944 539071 

517590 518393 458550 530621 457310 452186 451335 528029 
524809 530792 527911 526678 526644 529939 529944 540807 

517590 518393 458550 453706 457310 452186 451335 528029 
524809 530792 527911 526678 526644 529939 529944 546779 

517590 518393 458550 453706 457310 452186 451335 460074 
524809 530792 527911 526678 526644 529939 529944 548466 

517590 451884 458550 453706 457310 452186 451335 460074 
524809 530792 527911 526678 526644 529939 529944 548455 

468230 451884 458550 453706 457310 452186 451335 460074 
526878 530792 527911 526678 526644 529939 529944 550970 

407995 451884 458550 453706 457310 452186 451335 460074 
526878 530792 527911 526678 526644 529939 529944 544559 

407995 451884 458550 453706 457310 452186 451335 415751 
526878 530792 527911 526678 526644 529939 529944 550097 

492308 418528 492339 492321 492341 492361 492303 492364 
492390 492387 492390 492374 492390 492391 492007 492343 

492308 418528 492339 492321 492341 492361 492303 431105 
500788 492387 492390 492374 492390 492391 492007 492343 

492308 418528 492339 492321 492341 421850 492303 431105 
500678 492387 492390 492374 492390 492391 492007 492343 

492308 418528 492339 492321 426914 421850 492303 431105 
507501 492387 492390 492374 492390 492391 492007 492343 

448928 495640 491865 495775 493875 493584 499115 478636 
494076 491856 490326 493751 490985 490183 488251 529806 

448928 495640 491865 495775 493875 493584 424247 478636 
494076 491856 490326 493751 490985 490183 488251 525202 

448928 431693 491865 494954 493875 495867 424247 478636 
494076 491856 491122 495477 490985 490183 488251 510356 

448928 431693 491865 494954 493875 425989 424247 478636 
494076 491856 491122 495477 490985 490183 488251 509679 

448928 431693 491865 436737 493875 425989 424247 478636 
494076 491856 491122 495477 490985 490183 488251 521211 

448928 431693 491865 436737 424793 425989 424247 478636 
494076 491856 491122 495477 490985 490183 488251 520110 

461055 450196 417521 466800 466191 451486 454510 486133 
487153 486456 488274 485879 486876 483283 491625 486234 

461055 450196 417521 466800 466191 451486 397583 486133 
487153 486456 488274 485879 486876 483283 490557 486234 

461055 450196 417521 466800 466191 451486 414936 424694 
487153 486456 495969 485879 486876 483283 487110 486234 

461055 450196 417521 466800 466191 451486 360195 424694 
487153 486456 488314 485879 486876 483283 487110 486234 

470213 464192 417521 485660 474170 451486 335670 433853 
484071 483978 483816 483210 476163 478750 470873 482813 

470213 464192 417521 412810 474170 451486 335670 433853 
484309 483978 483816 483210 476163 478750 470873 482813 

470213 464192 417521 412810 411482 451486 335670 433853 
496288 483978 483816 483210 476163 478750 470873 482813 

409398 464192 417521 412810 411482 451486 335670 433853 
491157 483978 483816 483210 476163 478750 470873 482813 

409398 413712 417521 412810 411482 451486 335670 433853 
488961 483978 483816 483210 476163 478750 470873 482813 

409398 413712 417521 412810 411482 404464 335670 433853 
494581 483978 483816 483210 476163 478750 470873 482813 

409398 413712 417521 412810 411482 404464 335670 433853 
494581 483978 483816 483210 476163 478750 470873 482813 

431939 431125 433062 412810 420232 412394 374141 402964 
466362 473393 455593 459898 461332 468295 465479 469764 

431939 437080 385302 412810 420232 412394 374141 402964 
466362 467301 455593 459898 461332 466045 465479 466896 

447851 409458 397459 412810 420232 434430 374141 402964 
481970 467614 457866 461435 461332 459981 465479 462121 

444740 444740 444730 444740 378029 444740 444729 444740 
444730 444740 444740 444740 444611 444740 444740 444740 

444740 378028 444730 444740 378029 444740 444729 444740 
444730 444740 444740 444740 444611 444739 444740 444740 

382765 378028 444730 444740 378029 444740 444729 444740 
444730 444740 444740 462740 444611 444739 444740 444740 

382765 378028 444730 389279 378029 444740 444729 444740 
444730 444740 444740 464540 444611 444739 444740 444740 

382765 378028 444730 389279 378029 444740 444729 444740 
444730 444740 444740 464540 444611 444739 444740 444740 

382765 378028 444730 389279 321324 463664 444729 444740 
444730 444740 444740 480645 444611 434732 444740 444740 

382765 378028 444730 389279 348762 397025 444729 444740 
444730 444740 444740 474003 444611 420720 444740 444740 

382765 378028 444730 389279 348762 397025 444729 392713 
444730 444740 444740 476865 444611 420720 444740 444740 

382765 378028 394762 400308 363156 397025 444729 392713 
450602 456136 447352 464597 444611 426968 444740 448466 

382765 378028 394762 400308 363156 397025 381898 392713 
450602 456136 447352 484116 444611 426968 444740 448466 

455386 431564 387795 455600 429111 445157 449826 455839 
454984 455736 456243 454948 453865 451920 453881 455583 

455386 431564 387795 455600 429111 445157 449826 393088 
454984 455736 460682 454948 453865 451920 453881 455583 

451759 440217 406010 451015 442375 384032 450631 415864 
450852 445487 446300 450699 444921 444533 451492 447765 

456387 440217 406010 451015 442375 326426 450631 415864 
450852 445487 446300 450699 444921 444533 448742 447765 

398898 447125 406010 451015 446415 348816 450631 421767 
447723 454269 446300 456670 444921 444533 468789 447765 

398898 447125 406010 395510 446415 348816 450631 421767 
447723 454269 446300 466321 444921 444533 468789 452910 

398898 449257 406010 395510 446415 348816 461131 421767 
453015 455234 447235 461217 444921 446324 461218 452618 

398898 449257 406010 395510 446415 348816 392294 421767 
453015 455234 447235 461217 444921 446324 467204 452618 

414196 390403 406010 395510 446415 365675 392294 425569 
448327 449773 447235 450574 444921 446324 451736 458904 

414196 390403 406010 395510 387754 365675 392294 425569 
448327 449773 447235 450574 444921 446324 451736 460728 

425764 390403 406010 414606 404286 378583 392294 399956 
451668 455750 447235 450574 440705 450352 470395 445164 

368072 427653 429794 428730 422615 422737 417823 424665 
431915 432046 432815 432769 432311 431645 432501 433041 

368072 427653 379256 428730 422615 422737 417823 424665 
431915 432046 432815 432769 432311 431645 432501 444120 

368072 427653 379256 397501 422615 422737 417823 424665 
431915 432046 432815 432769 432311 431645 432501 471980 

368072 373505 379256 397501 422615 422737 417823 424665 
431915 432046 432815 432769 432311 431645 432501 471330 

368072 373505 379256 397501 422615 422737 417823 424665 
431915 432046 432815 432769 432311 431645 432501 471330 

368072 382906 387469 397501 427200 422737 417823 372362 
433334 433235 435405 435119 433056 434053 438321 433577 

408209 397345 409947 418628 371818 433131 426138 410540 
433139 429352 437312 430143 432089 432487 428402 431540 

408209 397345 409947 367083 371818 433131 426138 410540 
433139 429352 439009 430143 432089 432487 428402 431540 

420383 420745 419995 420206 420769 420799 358101 421273 
419773 420502 420387 420684 420526 420982 421289 419865 

420383 420745 419995 420206 420769 420799 358101 367082 
428998 420502 420387 420684 420526 420982 421289 419865 

420383 420745 419995 420206 420769 432744 358101 318019 
429765 420502 420387 420684 420526 420982 421289 419865 

420383 420745 419995 420206 420769 378400 358101 318019 
438143 420502 420387 420684 420526 420982 421289 419865 

420383 420745 419995 420206 366602 378400 358101 318019 
442036 420502 420387 420684 420526 420982 421289 419865 

420383 384925 419995 420206 366602 378400 370566 318019 
442957 420502 420387 420684 420526 420982 421289 419865 

369678 384925 419995 420206 366602 385586 385630 334120 
420432 425807 420387 420684 420526 419247 421289 419865 

369678 384925 419995 364675 366602 385586 385630 334120 
420432 427966 420387 420684 420526 419247 421289 419865 

400913 402591 402026 399355 399129 401718 342909 400866 
402926 403220 403008 403464 402339 403467 401528 402847 

400913 353370 402026 399355 399129 401718 342909 400866 
410381 403220 403008 403464 402339 415973 401922 407540 

400913 353370 366847 399355 399129 401718 342909 400866 
413929 403220 403008 403464 402339 426629 409997 407540 

400913 353370 366847 399355 399129 348890 342909 400866 
413929 403220 403008 403464 402339 433392 410066 407540 

400913 353370 366847 399355 399129 348890 342909 400866 
413929 403220 403008 403464 402339 433392 410066 407540 

371099 353370 366847 399355 399129 348890 342909 400866 
420504 403220 403008 403464 402339 434387 409798 407540 

371099 353370 366847 399355 399129 348890 342909 349736 
420504 403220 403008 403464 402339 438358 409798 407540 

371099 353370 366847 350088 399129 348890 342909 349736 
420504 403220 403024 403464 402339 429562 409798 407540 

371099 363438 366847 358497 388061 348890 342909 349736 
461847 403220 409129 403464 402339 425665 418208 411988 

380162 384951 366847 376242 407690 371335 360742 349736 
475301 411999 413240 403464 403050 419129 421313 411988 

380162 390404 366847 384798 387315 371335 360742 377065 
436535 411999 413240 403464 403050 419129 423972 418279 

380162 400800 366847 384798 387315 371335 360742 377065 
427326 411999 413240 403464 403050 419129 423972 418279 

404153 407327 398042 405303 346597 391882 384752 393019 
404720 407687 407765 406189 406046 405961 407548 403662 

407563 350066 408386 407105 356702 400271 391621 399704 
407834 409583 411977 400558 409314 407022 409767 409190 

407563 350066 357285 407105 356702 400271 391621 399704 
407834 409583 430664 400558 410967 407022 409767 409190 

370845 350066 357285 412186 356702 400271 391621 399704 
407834 409583 438398 400558 414929 407022 409367 409190 

385940 350066 357285 394378 356702 400271 391621 407357 
407834 409583 454654 400558 416314 407022 409367 409190 

400672 350066 357285 394378 356702 400271 391621 346253 
407834 409583 455373 400558 416314 407022 409367 409190 

342975 400890 400890 400881 402213 401227 402345 401386 
403259 400871 400794 401301 401411 400811 401235 401686 

460746 475789 464724 468028 414588 467434 466975 472816 
466143 470086 491300 470208 462680 463473 465054 469956 

460746 410670 464724 468028 414588 467434 466975 472816 
466143 470086 496473 470208 462680 463473 465054 469956 

460746 410670 464724 468028 414588 467434 466975 402758 
466143 470086 497424 470208 462680 463473 465054 469956 

460746 410670 464724 412823 414588 467434 466975 402758 
466143 470086 496014 470208 462680 463473 465054 469956 

460746 410670 464724 412823 414588 399193 466975 402758 
466143 470086 496227 470208 462680 463473 465054 469956 

460746 410670 464724 412823 414588 399193 408178 402758 
466143 470086 496339 470208 462680 463473 465054 469956 

460746 410670 406265 412823 414588 399193 408178 402758 
466143 470086 496096 470208 462680 463473 465054 469956 

417554 410670 406265 412823 414588 399193 419310 402758 
466143 470086 491140 470208 462680 463473 465054 471921 

417554 410670 406265 412823 414588 399193 366413 402758 
466143 470086 486365 470208 462680 463473 465054 471921 

357733 410670 406265 412823 414588 399193 366413 402758 
466143 470086 480543 470208 462680 463473 465054 471921 

373536 439103 439201 439438 439442 439303 439353 439196 
439358 439389 439317 439347 439391 439457 439456 439418 

