12241 508 4901 10550 3280 4113 8490 6829 
13880 9747 551 1353 15195 12726 544 13088 

363 179 417 450 771 199 677 576 
2844 1704 1697 1683 100 1697 2000 1350 

4744 5246 5267 5264 5313 5291 5267 5304 
5256 5252 5307 5277 5263 5459 5299 5218 

6674 7416 7415 7416 7415 7415 7415 7416 
7416 7416 7416 7416 7416 7416 7415 7416 

14878 15055 17790 14802 16585 15085 14988 15033 
15066 14951 14953 16299 14818 16365 15074 15714 

21247 20977 18822 20946 20884 20930 20829 20963 
20866 21112 20731 20806 20910 20964 21080 21139 

36530 43515 37300 32590 32644 35408 32218 49512 
44311 30818 39165 39090 42125 26656 34825 45757 

7570 7571 7571 7571 7571 7571 7571 6815 
7572 7571 7571 7571 7572 7571 7571 7571 

6645 6645 6644 6645 6644 6645 6645 5980 
6644 6645 6644 6645 6646 6645 6645 6645 

6706 6610 6643 6645 6644 6644 6759 5582 
6657 6600 6583 6595 8645 6645 8644 6532 

46291 46382 46397 46293 41695 48450 46332 46433 
46531 46640 46611 46559 46555 46936 48337 46605 

65811 65790 65526 65549 69264 58856 65824 65897 
65671 65073 66257 65878 66422 66443 65798 65845 

65395 72488 72877 72509 74364 72859 72754 72737 
73130 72579 72532 73020 72503 72729 72788 73981 

78410 80558 66877 83478 82272 81424 85040 82558 
85207 78421 76380 79445 95802 96126 76380 79573 

87100 96779 96778 96778 96779 96780 96779 96778 
96779 96779 96778 96779 96779 96779 96779 96780 

46931 46931 46931 42238 46931 46932 46932 46932 
46931 46931 46932 46932 46931 46933 46932 46932 

47764 46933 47246 42238 47014 42329 47425 47111 
46956 46937 46977 49514 48931 47008 46932 48549 

50236 50236 50237 50236 45213 50236 50236 50236 
50236 50237 50237 50236 50236 50236 50236 50237 

63137 62370 62402 62683 56229 62408 63034 62681 
62691 62464 62553 62869 62623 62529 62343 62678 

67481 67502 67486 67596 67498 67525 60748 67537 
67461 67539 67480 67692 67459 67474 67496 67490 

80194 78420 77422 73179 74296 83882 82201 69917 
77018 85766 76397 70050 84406 84605 85287 78707 

53972 48575 53972 53972 53973 53973 53973 53973 
53972 53973 53972 53972 53973 53973 53974 53972 

51586 51587 46427 51586 51587 51586 51587 51586 
51586 51587 51587 51587 51587 51587 51587 51587 

51586 51586 47927 46554 51744 51585 51656 51586 
52881 53587 51586 51129 51586 51586 51586 51070 

86622 77959 86622 86622 86622 86622 86624 86623 
86623 86622 86622 86623 86623 86623 86625 86623 

101815 106790 101838 91572 101987 101541 102242 101038 
101702 102036 103003 101461 102428 102199 101755 101929 

107603 110787 107454 107457 107680 107787 107579 96755 
107535 107556 107563 107541 109577 107951 107852 107479 

116026 120460 109506 107885 114649 108664 113000 103368 
111925 112881 124213 116500 123541 110325 119113 114190 

129824 129823 116841 129824 129824 129822 129824 129823 
129824 129823 129824 129823 129824 129824 129824 129825 

87825 87824 87825 87825 87824 87826 79042 87825 
87825 87825 87825 87826 87825 87824 87825 87824 

87908 87969 87825 87824 87744 78971 80818 87825 
87824 87825 87054 87826 87825 87824 91624 87167 

87307 87307 87306 78576 87306 87306 87306 87307 
87306 87306 87306 87307 87307 87307 87307 87308 

95780 95975 97223 85154 96832 95593 95753 95410 
95824 96270 95802 95419 95014 96242 95627 96602 

101151 101404 91310 101241 101627 102012 102012 101827 
101357 102741 101512 101499 101341 101113 101149 101331 

109245 115339 113356 115345 109741 101717 114577 106473 
118470 108668 109484 108430 112022 112488 101149 138484 

120849 120845 120839 120895 120983 121201 108907 121788 
122255 120867 120828 120965 121113 120893 121288 120943 

88987 88988 88986 88987 80088 88986 88987 88987 
88987 88986 88988 88987 88987 88987 88987 88986 

89072 80461 89079 89187 82500 89133 89239 89186 
90245 89047 89007 88986 89002 90786 88986 88346 

87139 87138 87138 87138 78424 87138 87138 87139 
87139 87139 87138 87139 87138 87138 87139 87138 

97682 98304 97889 98436 87975 99200 98017 98058 
98129 98974 99108 98024 97971 98130 98025 98054 

103718 103715 103711 103713 103695 103702 93350 103679 
103693 103696 103726 103698 103692 103707 103678 103719 

122065 107903 114312 107178 111369 98322 96550 115091 
106961 126188 110643 118290 105769 118746 109759 117649 

90457 90458 90458 81412 90457 90457 90458 90457 
90457 90458 90458 90458 90458 90458 90458 90457 

123412 111078 123759 124844 123396 123764 123459 123421 
123528 123561 123465 123369 123398 123399 123798 125092 

123517 114893 123759 124796 123802 111897 123459 123421 
122527 123637 123465 126896 124166 125142 123800 125602 

87678 87703 87734 87721 87790 87662 87688 78949 
87722 87691 87710 87682 87829 87670 87724 87718 

106557 104508 94453 104339 104310 103945 104660 104804 
104028 104478 106126 104344 104282 105352 104301 104786 

109515 109513 109498 109512 109508 98557 109519 109511 
109508 109511 109532 109507 109506 109511 109501 109508 

122218 114309 117186 113810 119305 106808 118819 102615 
115138 118724 118242 121137 113899 117068 125545 117884 

90784 90787 90788 90784 90785 81708 90783 90786 
90787 90787 90784 90786 90786 90786 90782 90789 

91623 91624 82461 91623 91623 91622 91623 91622 
91623 91623 91622 91622 91623 91623 91623 91623 

91622 91962 82461 91622 91622 82429 91718 91622 
91618 91622 91621 91618 91622 93623 91622 93422 

122294 122285 110053 122404 122271 122278 122285 122280 
122296 122286 122313 122301 122304 122289 122266 122309 

133273 132982 132587 132792 132786 133041 119955 132349 
132567 133273 132757 132714 132947 132684 132797 133159 

136468 122758 137354 136265 136449 136337 136539 136420 
136548 137171 136550 136275 136374 136524 136434 136584 

127384 135845 148219 146375 143237 143447 148167 138223 
137196 138773 151279 144267 148112 140886 152193 152813 

124394 124394 124393 124394 124394 111954 124394 124394 
124393 124395 124394 124394 124395 124394 124394 124393 

149677 149798 149817 134829 149694 149752 149786 150447 
149846 150101 149786 149898 149715 149757 149989 149757 

149750 150152 149906 121345 149694 149915 150088 150578 
151843 150101 149786 149952 149715 151244 149970 149892 

120567 108510 120567 120566 120566 120566 120566 120566 
120567 120567 120567 120567 120567 120567 120567 120567 

119520 129510 129937 129641 130395 130290 129818 129735 
129130 130194 129340 132427 130133 130233 130232 130471 

122508 136139 136056 136086 136153 136125 136359 136090 
136135 136199 136141 136061 136158 136125 136095 136197 

124270 151584 129986 146019 145697 141522 145342 144270 
148063 141392 140533 157711 147789 136846 151768 148272 

120000 120000 120000 120000 120000 108001 120000 120003 
120001 120001 120001 120000 120000 120000 120001 120001 

151338 152524 150824 150942 150751 150652 135735 150658 
150993 151215 150956 150722 151801 150949 150963 150418 

120603 120604 120603 120603 120602 120602 120602 108542 
120603 120602 120603 120603 120603 120602 120602 120603 

136149 152187 150824 151156 150850 150679 135735 150798 
151020 153187 150962 152583 151873 152987 151098 150512 

159567 158770 159360 143854 158879 159127 159821 158932 
159391 159236 158834 159183 159769 158730 159016 160912 

163745 163749 163746 147388 163784 163744 163782 163770 
163752 163754 163762 163830 163766 163760 163766 163749 

153248 167469 166642 147388 166585 181734 169381 169456 
186853 163754 170419 170592 165098 165466 179758 177246 

141516 157238 157238 157239 157239 157239 157239 157238 
157238 157239 157239 157239 157238 157238 157239 157240 

151051 151051 151052 135947 151052 151052 151051 151052 
151052 151052 151053 151052 151052 151052 151051 151053 

151126 136155 151052 137457 151052 151051 151051 151123 
151074 151060 153052 151081 151341 153051 151085 151052 

177645 177644 177645 177645 177645 159881 177645 177646 
177646 177647 177646 177646 177645 177646 177646 177645 

182823 182371 163971 183049 183864 182409 181981 182905 
183247 181980 182431 182434 182377 183594 182483 184001 

187258 187294 187340 187358 187286 187238 187710 168661 
187250 187348 187278 187296 187799 187317 187403 187300 

202839 190759 198799 198212 194869 199528 175780 172263 
199443 197115 190930 190502 205457 192734 215800 190657 

178122 178124 178122 178122 160310 178123 178122 178123 
178123 178123 178123 178123 178122 178122 178123 178122 

181863 181863 163677 181863 181863 181863 181863 181864 
181863 181863 181864 181863 181863 181864 181863 181863 

182164 181862 169104 181732 164030 182175 182190 182465 
181887 183726 181863 180707 185415 181863 183698 185293 

213490 213483 213483 213512 213483 213493 213488 192144 
213485 213485 213498 213490 213494 213493 213490 213503 

226498 226628 226294 227228 226453 203697 226791 228916 
226393 228080 227300 226831 225676 226529 226130 227198 

230189 206671 229780 229512 229574 229643 229393 229760 
229692 230084 229519 229604 229801 229665 229359 229893 

232142 215386 229780 231914 230036 211011 233003 238428 
234229 234108 241854 230347 234488 236945 231736 235890 

212234 212234 212234 212234 212234 191011 212233 212234 
212235 212234 212235 212234 212234 212234 212234 212234 

214633 214632 214633 214633 193169 214632 214633 214632 
214633 214632 214633 214633 214633 214632 214633 214632 

214632 214703 193331 214633 195515 214634 214698 214733 
214286 214631 214633 216452 216632 214649 214654 214639 

214564 238405 238404 238403 238404 238405 238406 238405 
238406 238405 238404 238405 238406 238405 238406 238405 

246844 246040 246934 245735 245793 246513 221841 245923 
245892 246355 246667 246860 246395 246054 245953 246886 

250669 250637 250642 250660 250611 250673 225620 250785 
250714 250677 250604 250609 250734 250634 250675 250766 

250669 255640 260228 257995 254973 255339 219666 251886 
263434 253758 257420 250609 250734 250803 252161 270853 

237407 237407 237408 237407 213666 237407 237407 237407 
237407 237409 237408 237408 237407 237406 237407 237409 

239691 239692 239691 215722 239691 239692 239691 239691 
239692 239691 239691 239692 239691 239691 239691 239691 

239691 239585 215721 218321 240233 240048 240224 239779 
239691 241518 237551 241334 239691 241490 239691 243147 

262163 262164 262163 235946 262163 262163 262162 262162 
262165 262163 262163 262164 262163 262165 262163 262163 

274573 274159 274064 246621 274137 274191 274139 274974 
274234 273972 274194 274400 274332 274004 274108 274624 

281614 281892 282136 253293 281598 281460 281251 281367 
281500 281477 281520 281349 282237 281510 281345 282070 

285536 283906 295513 244218 290212 286412 287773 285022 
282355 295120 283662 291659 294601 289402 296697 289239 

264184 264184 264184 264185 264184 264184 237766 264185 
264184 264184 264185 264184 264184 264184 264184 264184 

261122 235007 261048 261071 260960 261296 262093 261058 
261198 261260 261480 261232 261071 261119 261026 261021 

261426 214212 261222 261184 260960 261276 262103 261058 
264697 258634 261432 263003 258796 261119 261026 261021 

294819 294820 294820 294820 294819 265337 294820 294820 
294820 294819 294820 294821 294820 294820 294820 294820 

304010 303363 302710 302411 302353 302731 272688 302827 
302440 303413 304905 302706 302355 302585 301992 302544 

306100 306102 308831 306100 306102 275490 306099 306151 
306102 306408 306103 306104 306103 308103 306102 306345 

298396 316969 325434 314828 318856 297303 316083 321253 
317479 318615 322398 317333 316137 320286 325835 317185 

292597 292596 292596 292596 263337 292596 292596 292597 
292597 292597 292596 292597 292598 292597 292597 292597 

327071 327083 294352 327522 327017 327006 327065 327012 
327099 327091 327106 326987 327059 326993 327023 327261 

327415 294374 294352 327522 327435 327110 327399 327012 
327099 327129 328748 326993 328410 327031 329022 327253 

263812 293125 293125 293125 293125 293124 293125 293125 
293125 293125 293125 293125 293125 293125 293124 293124 

301342 302394 302330 302242 271972 302385 302334 302140 
302195 302262 302049 302210 302362 302200 302063 302581 

305092 305048 304885 304904 305020 304878 274351 305337 
304875 305139 305009 304994 304856 304961 305083 305938 

312885 314724 308370 320142 278158 315973 280654 317529 
326788 308445 316805 312404 311715 310125 311691 326170 

291221 262100 291221 291221 291222 291222 291222 291221 
291222 291222 291221 291223 291222 291221 291223 291222 

319193 319165 287253 319173 319185 319157 319161 319175 
319165 319184 319170 319163 319179 319178 319147 319158 

319193 319166 290446 319173 287266 319410 319531 319268 
319187 317503 319169 321162 319202 319177 321148 319158 

298841 268956 298841 298841 298840 298839 298840 298840 
298840 298841 298840 298840 298841 298840 298840 298840 

303937 303336 304243 304326 305809 304223 305781 276064 
305649 304437 304358 304873 304076 304014 304422 304914 

308740 309244 308833 308786 308652 308871 278600 309027 
308646 309397 308785 309203 309023 308835 308980 308803 

325286 319776 318007 319196 316149 318626 291845 280339 
317963 313401 319998 315161 314340 333993 310490 324582 

299802 299803 299802 299803 299803 269822 299802 299803 
299802 299804 299802 299804 299803 299802 299802 299802 

328093 328116 295247 328026 328038 328032 328069 328052 
328057 328057 328110 328103 328037 328060 328011 328036 

328273 328190 295247 295522 328412 328367 328755 328428 
329892 329724 329751 331899 331483 330060 330042 330045 

297502 297502 297501 297501 267752 297501 297501 297503 
297501 297504 297502 297501 297501 297503 297503 297502 

306977 307178 310672 307232 276735 307321 309093 307301 
306971 308893 307415 308792 307681 307367 307015 308855 

311566 280571 311575 312402 311567 311567 311572 311568 
311569 311571 311585 311586 311714 311567 313479 311568 

320374 312151 316215 320583 289945 313431 316504 328997 
322765 313198 320761 317985 329285 328379 326701 328746 

295313 295314 295314 295315 295315 295314 295314 265784 
295315 295316 295315 295315 295315 295315 295315 295314 

302829 302830 302829 302829 272545 302830 302830 302829 
302828 302829 302829 302829 302830 302830 302830 302829 

303008 302829 303300 302828 272545 272546 302919 302908 
302827 302828 304829 302829 304449 302829 304629 302859 

296173 329083 329080 329084 329084 329082 329081 329083 
329084 329083 329083 329082 329082 329083 329081 329083 

342628 308894 342197 342262 342248 342262 342606 342166 
341449 342255 342677 341777 342676 342348 342572 342688 

346042 345982 345990 345816 346063 311392 347020 345889 
345854 346514 346002 345850 345973 345845 346376 345930 

358016 352357 347884 358987 347172 318313 317837 351079 
354045 352462 346900 370672 352212 349037 350488 362128 

329797 329797 329798 329800 296819 329798 329800 329799 
329798 329798 329799 329799 329799 329800 329799 329798 

334878 334879 301391 334878 334879 334878 334878 334880 
334879 334879 334879 334879 334878 334878 334879 334878 

301736 335409 305226 335162 334971 335837 335077 334878 
338386 336567 334879 334901 334916 337759 333530 336520 

360129 359902 360048 359927 360001 361227 360071 324060 
359972 359966 361117 360173 359927 360072 360178 360087 

373198 336885 373036 372432 372543 374699 372838 371431 
372660 375516 373489 372533 372165 372682 372104 372527 

375392 377596 375343 380628 337904 375381 375716 375961 
375444 375896 375410 375384 377391 375386 375467 377492 

401403 382820 386038 345577 347344 388349 381242 377503 
380778 384016 382705 384099 395254 388448 392016 396127 

359103 359101 359102 323191 359103 359102 359102 359101 
359102 359102 359102 359102 359102 359102 359103 359104 

396931 396977 357262 396903 396981 396921 396911 396999 
397168 396911 396936 396991 396919 396929 397060 396936 

396545 396977 325106 397110 397065 396921 397014 396999 
397141 396918 396933 391623 398925 396929 397053 396935 

362127 325915 362129 362127 362125 362127 362126 362128 
362128 362128 362128 362128 362129 362128 362129 362129 

372398 372434 373067 335318 372237 372468 373728 372591 
372443 373158 372345 372461 372961 372282 372210 374081 

339367 376842 376630 376893 378791 376583 376774 376803 
376582 376701 378086 376875 376783 376582 376659 377204 

354649 383585 378461 394933 346205 392715 384643 392309 
389564 384878 394853 388019 374778 381091 381220 389857 

392627 392626 392627 392627 392627 392627 353364 392626 
392628 392627 392628 392628 392629 392627 392627 392627 

361943 361942 361942 325747 361942 361942 361943 361942 
361943 361942 361942 361942 361943 361942 361942 361942 

360532 360532 360530 360531 360532 324481 360531 360535 
360532 360532 360530 360535 360534 360532 360532 360534 

362088 362012 362625 336059 362528 362199 362177 325646 
362428 359043 363781 360825 365737 363576 368883 361946 

373530 373043 372775 335682 374367 374318 372671 375201 
373650 374546 373128 373626 373718 372880 373290 373478 

382497 344303 382616 382310 382288 383324 383244 382348 
382351 382755 382506 383259 383170 382845 382019 382314 

385597 354883 385153 390630 382499 388558 351827 382702 
385984 393303 382484 387893 384222 387481 397103 385111 

360148 360147 360149 360148 360149 360148 360148 324133 
360149 360148 360148 360148 360149 360148 360149 360149 

392771 392777 392781 392776 392772 392771 392777 353496 
392775 392775 392769 392775 392791 392772 392773 392772 

393333 393134 393175 394084 393941 393869 354893 369819 
396191 396012 392130 392883 395559 394290 393480 398049 

325715 361906 361905 361905 361904 361905 361905 361905 
361905 361905 361905 361905 361905 361905 361905 361905 

370211 369636 372329 370012 371318 370002 333943 369614 
369210 371078 368960 369745 371384 372165 369628 370046 

374769 374770 374767 337292 374767 374769 374768 374764 
374771 374769 374770 374767 374768 374770 374769 374771 

383240 351005 386670 368723 392087 389617 379769 392501 
389640 394857 389197 392415 374116 384061 384695 385452 

393832 394099 393972 394028 396600 355944 393850 393851 
396119 393869 394032 394021 394287 393846 393875 395490 

361899 361899 361899 361899 361899 361898 361899 325709 
361898 361899 361900 361898 361899 361899 361899 361899 

361805 361898 361899 362283 325708 361898 361428 335723 
357662 365708 361900 361898 363698 361899 361898 358990 

361492 361472 361555 361505 325357 361495 361524 361459 
361516 361470 361510 361528 361481 361528 361505 361554 

371634 374851 372858 372349 372376 372261 335529 372107 
371933 373293 372528 374172 372142 371935 373168 372636 

376647 376465 376270 376272 339018 376675 376465 376512 
376542 376422 376306 377238 376409 376394 376503 376636 

376938 379447 378236 379662 315449 379007 389391 376422 
381735 376630 380446 385369 375446 373940 380670 386052 

360212 360212 360211 360212 360211 324190 360212 360212 
360212 360212 360212 360212 360212 360212 360212 360213 

388405 349566 388388 388466 388432 388420 388440 388406 
388412 388433 388424 388413 388383 388391 388429 388460 

388483 362854 388039 389022 388810 388689 388688 349569 
388411 390229 388691 390053 386501 385289 385651 388487 

325580 361757 361757 361756 361756 361756 361756 361757 
361756 361757 361757 361757 361757 361756 361757 361757 

369339 369406 369188 332472 370254 369428 372045 370097 
369322 371010 370053 368674 369699 369483 369349 370018 

373630 336911 373590 373554 378467 373531 374015 374259 
373712 375096 373623 373600 374449 375576 373534 373702 

378490 357108 387491 343180 380474 386502 380482 383379 
385329 381212 380806 381166 388453 376057 376072 392701 

387783 387782 387781 387781 387781 387783 387780 349005 
387781 387784 387782 387782 387787 387781 387782 387783 

362772 362772 362772 362773 326495 362772 362773 362772 
362774 362773 362773 362773 362772 362772 362772 362772 

362636 363123 362776 362774 339310 326494 362776 362826 
362773 362772 360182 363263 362771 364458 360577 362788 

359961 359960 359961 359961 359960 323964 359961 359960 
359961 359963 359961 359961 359961 359961 359961 359963 

367236 365148 370057 328546 369524 363311 366279 364790 
365125 366994 366665 365811 365666 366560 364887 367334 

372760 373753 372965 335659 372738 372862 372798 373061 
372907 373142 372706 372760 373154 373721 373273 372594 

376535 386371 375476 363142 390069 381020 380886 348339 
393485 380653 387921 378097 378970 382961 376449 390980 

357534 357535 321781 357534 357535 357535 357535 357535 
357535 357535 357535 357537 357535 357535 357535 357535 

362079 362078 362079 325871 362078 362078 362079 362079 
362078 362079 362079 362079 362079 362079 362078 362078 

362173 362226 325882 338258 363318 361890 362370 362052 
364078 363715 363462 363724 359761 361132 365668 359803 

352919 393965 391937 391950 392166 391964 391939 391939 
391961 391941 391940 392274 391940 393601 391943 391945 

402718 400702 400594 401534 400640 406239 361292 401290 
399970 401741 401138 401291 401481 405122 400970 402061 

406692 407029 406711 406568 365836 406571 406457 406590 
406600 406663 406835 406737 406431 406671 406543 406613 

421580 417446 412296 415543 415902 379815 410583 419784 
426069 414177 413182 416898 414757 423532 414952 421392 

425203 425214 425196 425191 425194 425236 425201 382661 
425211 425187 425192 425182 425196 425213 425204 425219 

354783 394205 394204 394205 394203 394205 394204 394205 
394205 394204 394204 394204 394204 394204 394205 394204 

370343 394205 394508 394204 394467 354784 394203 394204 
391048 394204 394203 395888 394204 394204 391338 388724 

391234 391235 352111 391234 391235 391235 391235 391234 
391235 391234 391234 391236 391236 391234 391235 391235 

397253 397170 357493 397798 397243 397141 397657 396937 
397079 397449 397664 396687 397024 397593 396983 397795 

402214 403830 361869 401876 402148 402187 402044 402001 
402471 402375 402470 401920 402376 402326 401823 402059 

407321 417424 363254 412454 414673 409196 413141 406157 
410936 416182 406237 405715 407796 405668 422984 416458 

390798 390799 390800 390798 390798 390799 351718 390799 
390798 390799 390799 390798 390799 390799 390799 390798 

421948 421949 421948 421949 421948 379753 421948 421948 
421949 421949 421950 421949 421949 421949 421950 421949 

422704 379977 422126 422130 421947 391604 421881 422186 
418566 423482 421949 423748 422762 423586 418581 421960 

390108 390109 390109 351098 390110 390109 390109 390109 
390109 390110 390109 390109 390110 390109 390109 390109 

399471 398699 399191 403176 358854 399213 399121 398818 
398395 401519 400209 399644 398264 398860 398511 399005 

403744 363334 403484 403704 403855 405507 403656 403728 
403789 404328 403903 404099 403986 403504 404115 403356 

410776 371031 372114 407765 404891 419598 407833 407271 
414397 414759 414373 416776 405416 413141 404756 410271 

388721 388720 388721 388720 388720 388721 349848 388720 
388721 388721 388721 388721 388722 388721 388721 388720 

416782 417070 416854 416861 416786 375119 416867 416794 
416850 416807 416947 416939 416904 416817 416827 416846 

417041 417149 417340 416859 375107 375119 416867 416797 
418644 416807 418770 416939 416944 416817 416822 418641 

392424 392422 392423 392423 392423 392423 353181 392423 
392423 392423 392423 392423 392422 392424 392423 392423 

412022 411685 411973 411734 411740 411638 412248 372563 
413626 411750 413055 411849 411921 411713 411751 412031 

415238 415527 415293 415231 373704 415653 415264 415255 
415887 415262 415363 415334 415132 415348 415345 415189 

420901 424757 420760 425903 406923 376408 430254 418256 
417471 417902 426006 426895 416178 418440 414135 437202 

391253 352127 391252 391252 391252 391254 391253 391253 
391253 391253 391253 391254 391252 391253 391253 391253 

396878 396877 396878 357190 396878 396879 396878 396878 
396878 396878 396878 396879 396878 396878 396878 396877 

397160 357369 397161 357190 396878 397058 396878 396949 
396878 396887 398677 398518 398673 396878 396878 396877 

427072 427013 427239 428509 427152 427532 427193 384235 
427137 426941 427013 427629 428304 426880 427075 426957 

434206 391028 434351 433732 433812 434030 433942 432916 
434143 433944 433514 434101 433790 434354 433595 434742 

437254 437093 437112 393719 437216 438371 437984 437093 
437362 437387 437264 438493 437187 437141 437361 438507 

406819 448588 447126 434861 446607 444722 442374 446790 
440887 434243 453941 447119 446408 453569 467343 452587 

381392 423760 423837 424557 423880 424011 423898 423731 
423868 424834 423750 423852 423837 423843 423838 423874 

410260 455818 455860 455846 455918 455855 455846 455851 
455842 455859 455827 455828 455838 455890 455933 455884 

410260 455818 455856 455846 410312 456064 456371 455849 
455902 455859 455835 455835 455845 455886 459338 455884 

431989 431989 388790 431989 431989 431989 431988 431989 
431989 431989 431989 431989 431988 431989 431990 431989 

438455 438118 439041 438426 438202 394295 438329 438180 
438299 438729 437955 438237 438555 437911 438072 438519 

442711 398441 442712 442713 442714 442715 442714 442715 
442711 442712 442713 442714 442715 442716 442718 442717 

405319 417144 454001 448012 442470 443925 443051 447456 
463015 444418 443254 442821 459421 436329 446566 443110 

430072 430072 430072 387065 430072 430073 430072 430072 
430073 430072 430072 430073 430072 430072 430073 430073 

433933 433932 433933 433933 390539 433933 433933 433933 
433933 433933 433932 433932 433933 433932 433934 433933 

434016 433931 434313 433584 398592 390191 433933 434014 
433933 433941 433978 430763 429983 435761 435733 435732 

409076 454529 454529 454529 454529 454529 454528 454529 
454530 454530 454529 454529 454530 454531 454529 454529 

469257 470880 469543 469575 469736 469209 422135 471508 
468624 469046 469712 470683 470916 469559 469418 471484 

425419 472983 472753 473182 473763 472754 472668 472547 
472651 472692 473473 472630 472648 473056 472730 472599 

472568 485327 490111 482659 487362 439079 486843 475649 
475856 487080 488076 483423 483066 488600 491105 483635 

413017 458907 458909 458909 458908 458908 458908 458907 
458907 458908 458908 458908 458908 458908 458908 458907 

452959 452957 452958 407662 452960 452958 452958 452960 
452959 452958 452959 452960 452959 452959 452959 452959 

453231 453025 453168 371153 453761 453496 452958 453112 
450552 454801 454265 450781 456393 452998 454812 452978 

492171 492166 442952 492168 492169 492170 492167 492170 
492170 492168 492168 492169 492169 492168 492169 492169 

501511 500998 500973 501147 500888 501460 501264 450751 
501358 501052 501233 501260 500678 501596 501026 501247 

502809 452532 502771 502837 502822 502830 502933 502824 
502846 502863 502814 502826 502835 502798 502801 502853 

507440 486255 506108 511637 514722 457091 517237 504693 
510448 518103 512802 506555 518366 505920 505723 510475 

515919 464313 515916 517725 516212 515893 515922 516028 
515893 517372 515895 516036 516077 515905 516063 515914 

489696 440726 489698 489696 489697 489698 489697 489696 
489697 489697 489697 489697 489697 489697 489697 489698 

489696 440726 489698 489695 489696 489698 440801 490020 
489732 489696 489697 489704 493496 489697 491727 489698 

490899 490899 490900 490900 490899 490900 490900 441810 
490899 490900 490900 490901 490900 490900 490899 490900 

503892 504056 505096 503838 504596 504954 503407 453801 
503750 504464 504886 503812 504161 503997 503679 504832 

507103 509163 506165 506240 505967 506164 506214 455523 
506598 506040 507410 506122 506318 507669 505999 506338 

516551 511572 469079 515511 526437 520530 520276 509505 
517635 523545 522536 520841 515869 525924 509380 510380 

491400 491400 491400 491400 491400 491401 491400 442260 
491401 491401 491400 491400 491400 491399 491400 491400 

529207 529911 529097 529005 476475 529027 529245 530349 
529326 530296 529067 529282 529464 529240 529263 529122 

528992 529232 528478 528614 451383 529030 528713 530326 
527277 523841 526310 529282 531170 526049 531951 524162 

489250 489249 489249 489250 440324 489249 489249 489249 
489250 489251 489250 489250 489249 489249 489251 489250 

498156 498404 497583 448124 499858 498154 498023 498384 
497751 498458 499861 497890 498294 498365 498161 498248 

504199 450439 500561 500516 501001 500510 503090 500685 
500561 500549 502165 500369 500443 503197 500489 500511 

518061 470664 458344 506441 514904 509090 508250 508285 
502401 512008 507704 508161 513087 510614 513504 516314 

488919 488920 488919 488918 440027 488920 488919 488919 
488920 488921 488920 488920 488920 488920 488920 488919 

517945 517901 517817 517923 517915 517832 466112 518105 
517870 517974 518023 517855 518155 517927 517882 517836 

517778 518284 517781 518334 518176 518249 484339 466544 
517917 517945 520019 513679 518120 518326 520735 509423 

490578 490578 490578 490578 490578 441520 490578 490579 
490579 490578 490578 490578 490578 490578 490578 490579 

506786 506719 455660 506283 506843 506308 506860 506239 
506438 507047 506306 506381 506238 507736 506479 506971 

460450 511145 511532 511351 511445 511258 511017 512864 
511251 511878 511298 511484 511424 511517 511361 512050 

497862 533866 517240 479942 533133 532413 522481 532050 
524246 531602 534056 527650 524580 516040 530085 530544 

493202 443882 493203 493202 493203 493202 493203 493203 
493203 493202 493203 493203 493202 493202 493202 493203 

488559 488558 488559 488560 488559 488559 439703 488559 
488559 488559 488559 488560 488559 488559 488559 488560 

488632 488757 488678 488561 488559 488758 444588 439773 
488558 488559 488559 483691 490559 490358 490366 488560 

537885 537886 537893 537908 537869 537884 484110 537864 
537902 537885 537889 537892 537877 537880 537871 537915 

548519 548324 552254 493917 548991 548684 548110 551015 
548399 550414 548487 548949 549117 549849 548292 549976 

553185 553306 553153 553253 553423 498009 554072 553313 
553396 553096 553172 553381 553260 553488 553177 553760 

560521 554257 553777 562777 506341 530958 557901 562524 
559217 554746 555913 556463 558667 565314 575954 560960 

535139 535139 535139 481625 535139 535140 535139 535140 
535140 535139 535140 535139 535139 535139 535139 535139 

565079 565315 565390 565148 566394 508783 564918 566726 
565385 565360 565441 566144 565003 566409 565775 565368 

565458 565476 509017 565139 566810 528584 565046 566531 
565381 562787 565527 564924 566994 564782 567708 562519 

538686 538686 538686 538687 538686 538687 538687 484817 
538687 538686 538687 538686 538687 538686 538686 538686 

541251 541354 540843 541344 540899 488105 541060 539800 
540379 540574 541956 540752 541520 541830 541764 541428 

542827 489124 542720 542466 544863 542961 542569 545108 
542779 543436 542919 542729 542711 544598 543462 543405 

494582 526016 545803 551359 549717 548089 547505 555758 
545127 549820 550645 554444 546074 540773 562581 536486 

481539 535043 535043 535043 535044 535043 535044 535045 
535043 535043 535044 535044 535044 535044 535044 535044 

536447 536447 536447 536447 536447 536447 482802 536447 
536448 536447 536447 536447 536448 536446 536447 536447 

536165 536146 536446 536447 536535 536536 493071 482863 
532138 536446 536438 536468 533429 540246 538447 538447 

556070 556069 556104 556078 556068 500502 557540 556327 
556052 556220 556297 556201 556194 557510 556390 556095 

558782 558902 558797 559021 558722 502225 558789 558676 
558555 558371 558342 558839 558780 558859 558914 558983 

560152 563986 560045 560132 504754 560265 559916 560061 
559934 561890 560456 561012 559948 559929 560376 560007 

504372 563409 561107 560122 537689 562900 567944 561452 
567157 560844 561133 560950 560070 557544 561270 573997 

553976 553976 553975 553977 553976 553977 553976 498578 
553976 553976 553977 553976 553976 553976 553977 553977 

501833 557591 557591 557592 557591 557591 557592 557592 
557592 557592 557591 557591 557592 557592 557592 557592 

512426 557552 557591 502272 557091 557517 557672 557771 
557592 557592 557591 552592 557666 559081 557592 554476 

570287 569551 569035 512424 570295 569195 569277 569253 
569400 569456 570509 570316 569899 569016 569565 569166 

575334 574464 574534 575857 576079 580213 517093 575432 
574998 574352 575472 575341 575394 574695 574620 576723 

577878 577880 577903 520420 578495 577909 577917 577896 
577877 577991 578016 579931 577932 578007 577926 578037 

521043 590956 577900 535362 587265 581175 590176 587805 
578428 585429 600832 584966 586658 572916 587572 591375 

565482 565481 565481 565481 565481 565481 508933 565481 
565481 565482 565482 565482 565481 565481 565482 565481 

567727 567726 567725 567726 567726 510953 567725 567726 
567726 567726 567726 567726 567725 567725 567726 567725 

567727 567847 567709 511206 568581 521823 567795 567925 
564048 567753 567620 567762 567725 567725 569526 567725 

592440 592524 592434 592542 592805 592567 533199 592537 
592598 592576 592760 592586 592424 592436 592438 592604 

597333 598098 598021 597775 537751 598673 596944 596907 
597550 598254 598121 597172 597836 597324 597013 598173 

540574 600816 600716 600662 600912 600743 600661 600731 
600661 600637 600741 600716 600675 600696 600694 600906 

515083 605389 609774 617586 603500 600737 605141 601824 
599646 609869 602758 609997 602125 602524 607966 606575 

589972 589971 589971 589972 530974 589971 589972 589971 
589971 589972 589971 589972 589973 589972 589972 589972 

610575 610317 610352 549404 610378 610334 613388 610327 
610380 612165 610694 610603 610378 610315 610336 610342 

610805 609807 610641 509717 610409 610334 613168 610594 
604822 611483 605748 606928 610375 610340 610355 607741 

590257 590257 590258 590258 590257 590258 531232 590258 
590258 590258 590258 590258 590257 590259 590257 590257 

600431 599093 599283 599048 598833 602729 599406 538933 
598798 601556 598775 599161 598795 599769 598457 599999 

602567 602587 602379 542236 602312 602723 602555 602572 
602446 602781 602572 602357 602391 602410 602375 602549 

613371 556444 612731 593950 611469 614334 615048 613666 
626512 610509 611551 605487 618384 613948 611364 610673 

530424 589357 589249 589312 589539 589938 589217 589245 
589198 589399 589745 589286 589494 589261 589482 589373 

617692 617530 617720 617645 617714 617657 555765 618301 
617670 617547 617774 617736 617574 617747 617657 617617 

617782 617651 617720 616594 555942 617218 572164 618301 
619657 617545 617774 608194 617581 617748 614264 617608 

589083 589084 530175 589084 589083 589083 589084 589084 
589084 589083 589084 589084 589083 589083 589083 589083 

601526 599803 599761 602997 600992 600477 540140 599778 
600041 601545 599972 599470 601313 599532 599654 600377 

604544 604445 604638 608467 544159 604760 604500 604617 
604465 604658 604503 604447 604425 604496 604899 606217 

608603 609097 609772 612270 587019 615265 614872 555064 
610324 609901 612935 609466 612187 608211 612265 611314 

590718 590718 531645 590717 590718 590718 590717 590718 
590719 590718 590717 590719 590717 590718 590717 590718 

527019 585577 585578 585577 585577 585578 585576 585578 
585578 585577 585579 585578 585577 585578 585578 585578 

492179 585007 585579 585577 585656 585577 585657 585966 
580895 585586 587578 587386 582106 578833 587395 581724 

552885 614265 614360 614270 614220 614321 614733 614301 
614241 614328 614330 614259 614258 614482 614251 614281 

622027 621965 561950 621926 622792 621842 622348 622298 
621453 622574 621667 623378 622108 622348 621671 623867 

563270 625861 625866 626017 625871 627059 625886 626206 
625973 625870 625862 625878 627327 625869 625922 626033 

585712 566342 628868 634432 643137 634272 630074 626177 
631806 639996 632656 641012 639516 622491 626103 626478 

616384 616383 616383 616383 554744 616384 616383 616383 
616383 616383 616383 616383 616383 616383 616384 616384 

611512 611514 611513 611512 611513 550361 611513 611512 
611512 611514 611514 611512 611513 611513 611513 611513 

611512 611515 550361 611645 611692 556475 611571 611654 
611512 611513 611514 611511 605415 611512 611512 615132 

630801 630800 630800 630800 567721 630800 630801 630800 
630801 630802 630800 630802 630801 630801 630800 630801 

638209 638022 637828 638390 638280 574336 638891 639180 
638093 638755 638814 639146 638069 638582 637909 637708 

642264 642250 642172 642532 642448 642228 577928 642203 
642129 642182 642277 642979 642190 642285 642225 642295 

644047 653235 642159 588918 665433 649114 623579 646754 
654653 646914 644159 640358 646357 656867 658439 657250 

628352 565517 628352 628353 628352 628351 628352 628354 
628352 628352 628354 628352 628353 628353 628353 628353 

654025 588621 654024 654025 654025 654025 654025 654026 
654026 654025 654026 654027 654025 654025 654025 654024 

654131 529758 654205 654204 654025 654024 654085 654025 
655825 654024 654025 654046 647484 654042 655824 654035 

635102 635102 635101 635102 635101 571592 635102 635102 
635101 635102 635102 635102 635102 635102 635102 635102 

641751 640861 640057 643119 640974 639826 641025 576319 
640376 642620 640963 640066 641089 640258 639682 641467 

580310 644890 645189 644758 645481 645228 644957 644752 
644746 644879 645382 645089 644656 644998 644961 645362 

593060 651632 655081 658023 587843 650335 648638 656445 
650170 651241 647126 659750 652274 652075 660824 654890 

629754 629754 629754 629755 629754 566779 629754 629754 
629756 629755 629755 629754 629755 629754 629755 629754 

637864 574077 637864 637864 637864 637864 637864 637864 
637864 637864 637864 637863 637864 637864 637864 637864 

637864 599588 637672 638152 638645 638438 574077 638099 
639723 635015 642305 637867 634507 639484 637915 631991 

636921 636925 636984 636943 636948 636942 573225 636927 
636911 636960 636959 636914 636967 636907 636916 636946 

569743 633047 633050 633048 633047 633048 633049 633048 
633049 633048 633049 633048 633049 633048 633049 633049 

575371 638203 638089 638182 638260 637994 638311 637973 
637868 638719 638079 637957 637957 638135 638019 638585 

637125 637124 573413 637125 637124 637124 637124 637124 
637125 637125 637124 637124 637124 637125 637125 637124 

651222 648064 607217 640959 589478 641183 655245 645347 
646712 644254 649197 655593 655024 646943 647364 653434 

640459 576323 640363 640142 640311 640470 641514 640230 
640163 640225 640528 640903 640506 640288 640326 641165 

640534 576323 640335 640142 640342 576473 641452 640257 
640177 642353 640617 640903 640490 640319 642234 641119 

650560 650559 650559 650560 650559 650560 585502 650561 
650559 650560 650560 650560 650560 650560 650560 650561 

648195 648195 648197 648196 648196 648196 583376 648195 
648196 648196 648196 648196 648196 648196 648197 648196 

655591 655381 656590 655438 655191 590498 655192 655993 
655151 655990 655743 655617 656101 655402 655356 656203 

657859 657829 657807 657791 657785 657834 592050 657793 
657809 657771 657798 657908 657850 657795 657771 657842 

594592 657711 662349 659114 659805 658519 614727 657795 
662181 660901 657110 669616 657984 657790 657803 661524 

645965 645965 645965 645966 645965 645966 645965 581369 
645965 645966 645965 645965 645965 645966 645966 645966 

648732 648733 648734 583857 648733 648731 648734 648731 
648731 648730 648734 648732 648733 648731 648732 648735 

648732 658861 584317 596182 648733 648731 648814 648731 
648730 648746 648733 652053 648733 642891 648732 642246 

643943 643942 643943 643941 643943 643943 643941 579548 
643942 643943 643943 643942 643942 643942 643942 643943 

641479 577332 641479 641479 641479 641479 641479 641479 
641479 641480 641479 641480 641479 641479 641480 641479 

583090 651576 647876 647537 647949 647561 647846 647979 
647123 647897 647382 647313 650046 647889 647334 647874 

